1 0.4111974851712524 0.0775399878218401 0.4369800296574953 0.14815249675029382
1 0.3659420404947291 0.20965701257860642 0.4597702253226017 0.2859525056787476
1 0.32115216943047126 0.3879086976437983 0.4663385603035737 0.29387409983454893
1 0.15540774159704301 0.042584740664509166 0.176684516805914 0.08271486282348775
1 0.7205354041074321 0.4675878839235108 0.4711533942959626 0.29708092045139994
1 0.7908876437644897 0.12247598132572306 0.41733337452429886 0.20245816720498908
1 0.11687979939197768 0.16309210957707684 0.18623988342154751 0.24058190990138845
1 0.19503799699706942 0.9083830645277711 0.39007599399413884 0.17926612905554223
1 0.560350048823324 0.9571790746740408 0.45219385277546903 0.08564185065191836
1 0.0791052267682954 0.3374375446422687 0.1582104535365908 0.23408644805083528
1 0.7628223576812039 0.29320153854989345 0.46289522532260163 0.28600705275664823
1 0.9358128942216002 0.5182539058376081 0.09654071345960347 0.22340231818121908
1 0.9590315128144002 0.3513527779965866 0.06487421939110263 0.2509545738632619