1 0.028125 0.3109375 0.05625 0.24375
1 0.028125 0.7984375 0.05625 0.259375
1 0.2375 0.815625 0.13359375 0.27109375
1 0.0265625 0.5515625 0.053125 0.24375
1 0.23125 0.56171875 0.13125 0.25390625
1 0.10546875 0.31640625 0.11953125 0.2453125
1 0.1078125 0.55546875 0.121875 0.2484375
1 0.36015625 0.81640625 0.13125 0.27109375
1 0.3484375 0.56484375 0.13046875 0.25625
1 0.1109375 0.80546875 0.1234375 0.265625
1 0.22890625 0.3203125 0.128125 0.24765625
1 0.88125 0.834375 0.1328125 0.29765625
1 0.0265625 0.0984375 0.053125 0.196875
1 0.47265625 0.5671875 0.1390625 0.25859375
1 0.10390625 0.0984375 0.11953125 0.196875
1 0.346875 0.32109375 0.12890625 0.2515625
1 0.21640625 0.10078125 0.1296875 0.20078125
1 0.49140625 0.8234375 0.13359375 0.27421875
1 0.8515625 0.31328125 0.12734375 0.253125
1 0.90078125 0.5671875 0.1984375 0.26796875
1 0.3421875 0.10078125 0.1296875 0.20078125
1 0.95234375 0.31875 0.09453125 0.26796875
1 0.10703125 0.96796875 0.1328125 0.0640625
1 0.23203125 0.97421875 0.1359375 0.0515625
1 0.0234375 0.9640625 0.046875 0.071875
1 0.36484375 0.971875 0.1390625 0.05625
1 0.4953125 0.978125 0.1390625 0.04296875
1 0.95703125 0.56875 0.08515625 0.271875
1 0.97109375 0.83671875 0.0578125 0.2953125
1 0.94921875 0.10234375 0.10078125 0.2046875
0 0.22421875 0.215625 0.0265625 0.02890625
0 0.0015625 0.20859375 0.003125 0.03125
0 0.34375 0.2125 0.02578125 0.02890625
0 0.10546875 0.2171875 0.02578125 0.034375