1 0.96328125 0.6296875 0.0734375 0.228125
1 0.97109375 0.971875 0.0578125 0.05625
1 0.88515625 0.97421875 0.1359375 0.0515625
1 0.2984375 0.99765625 0.11640625 0.00390625
1 0.42421875 0.99375 0.1296875 0.01171875
1 0.96640625 0.84375 0.0671875 0.23125
1 0.08046875 0.8953125 0.11015625 0.20859375
1 0.29921875 0.6734375 0.11796875 0.23359375
1 0.534375 0.9859375 0.12265625 0.02734375
1 0.4234375 0.66484375 0.13515625 0.23671875
1 0.3 0.88984375 0.11953125 0.2203125
1 0.42109375 0.88359375 0.1296875 0.23203125
1 0.1953125 0.88984375 0.11328125 0.2203125
1 0.2 0.68515625 0.1125 0.2265625
1 0.08671875 0.69375 0.1078125 0.228125
1 0.87578125 0.85 0.134375 0.234375
1 0.95859375 0.40703125 0.0828125 0.2328125
1 0.521875 0.43828125 0.1328125 0.23359375
1 0.425 0.446875 0.13515625 0.23203125
1 0.95078125 0.19453125 0.09765625 0.21640625
1 0.52109375 0.6546875 0.13125 0.23671875
1 0.86640625 0.40546875 0.134375 0.2359375
1 0.853125 0.0484375 0.13984375 0.09609375
1 0.52109375 0.8703125 0.1234375 0.23984375
1 0.30625 0.46171875 0.128125 0.23125
1 0.87265625 0.6328125 0.13203125 0.23671875
1 0.42109375 0.234375 0.13828125 0.22421875
1 0.30390625 0.24609375 0.11953125 0.221875
1 0.85625 0.18828125 0.12890625 0.21328125
1 0.9515625 0.04296875 0.09375 0.0859375
1 0.09765625 0.27578125 0.1265625 0.2171875
1 0.09375 0.4828125 0.12109375 0.22265625
1 0.51953125 0.22421875 0.13515625 0.2234375
1 0.20234375 0.25546875 0.1140625 0.21953125
1 0.2015625 0.47265625 0.11328125 0.23359375