1 0.9346377954765275 0.7195683230665237 0.07962304573098145 0.22438493030721923
1 0.7038788687975053 0.7135812510114904 0.42515380054030505 0.2426935085223386
1 0.7177032997376968 0.5188044643510015 0.426770864242636 0.24431057222466937
1 0.9477901038213808 0.5216938182572003 0.07320935462398878 0.2194791754978958
1 0.03771078720864302 0.5046949344835706 0.07542157441728604 0.23436013103285874
1 0.6976586067317877 0.8917062510114903 0.4089087524470706 0.1797024352013608
1 0.04167654619431769 0.7223908659719164 0.08335309238863538 0.2302182680561673
1 0.9595436032732266 0.3191863771502077 0.06399804573098145 0.22383929328391083
1 0.28850186154111107 0.8997519410221745 0.4280952620657176 0.19285719962933107
1 0.30111600046333614 0.5161854728733399 0.44741074645662093 0.2543949003549704
1 0.9254835063689679 0.8923337004711854 0.07705855172143146 0.15094743030721958
1 0.3099453965571374 0.28568944102217453 0.45700400126594437 0.26097228256895566
1 0.7354439043616857 0.30126230028585094 0.43302086424263597 0.24452882703399278
1 0.9714880756832305 0.11773307078908897 0.05549606496827515 0.23546614157817794
1 0.2740103195231446 0.7114260510036411 0.43296630054030494 0.24296632703399262
1 0.7498139723251859 0.10742555912467551 0.4425049916472975 0.21485111824935102
1 0.3148214134321784 0.11089037078123976 0.46098217313564327 0.2217807415624795
0 0.27916907859363727 0.4966641465571374 0.11114088584218215 0.09907739546082901
0 0.6003545647138212 0.7062722372164922 0.10957838584218216 0.09902283175849824