1 0.27366942296510477 0.707364904460569 0.48238262100965307 0.3310085884132953
1 0.7479712534184725 0.7815750134608491 0.504057493163055 0.35884408339873025
1 0.20218597473312525 0.2896294866721648 0.3980439886008337 0.3301160266556703
1 0.22573649676895874 0.49533391739269267 0.43539851823611136 0.32495716521461465
1 0.3213289390170146 0.8740606594751338 0.4788926386770835 0.24815062430667245
1 0.7189799633339587 0.5935581879131708 0.5468087969214587 0.3484976167848249
1 0.651006640861285 0.36022050217807805 0.5436110617390977 0.3452816885715796
1 0.5940260229857641 0.1694791168845855 0.5359803996950003 0.338958233769171
1 0.1756929438635765 0.12544496621819373 0.3501493896270141 0.2178600675636125
1 0.5453138064207639 0.06284567781753395 0.4937526128415278 0.1256913556350679
1 0.9532380220358334 0.5161532872800325 0.09352395592833318 0.265500631037097
1 0.9916667020317018 0.722920112827711 0.016666595936596452 0.2509092821324536
1 0.8730764369297223 0.10724758102446168 0.16490287385944463 0.21449516204892335
1 0.9211863020039063 0.2757245155724202 0.1576273959921874 0.25758048244902276
0 0.2731478656913195 0.046776745447653485 0.06984102773541671 0.048875420691397976
0 0.3341074687492016 0.24748378760923698 0.08437630642076392 0.06959709765100212