1 0.8 0.9015625 0.12265625 0.196875
1 0.90859375 0.9015625 0.11953125 0.196875
1 0.9046875 0.26640625 0.11484375 0.2203125
1 0.8 0.26328125 0.12265625 0.22734375
1 0.3390625 0.7046875 0.11171875 0.2265625
1 0.446875 0.7015625 0.11796875 0.2328125
1 0.80078125 0.484375 0.1203125 0.221875
1 0.91015625 0.69609375 0.115625 0.225
1 0.34453125 0.49296875 0.10859375 0.2203125
1 0.80078125 0.696875 0.12421875 0.225
1 0.90703125 0.48359375 0.11484375 0.21796875
1 0.97421875 0.26484375 0.0515625 0.2171875
1 0.97421875 0.48125 0.0515625 0.215625
1 0.4375 0.903125 0.11875 0.19375
1 0.97734375 0.9015625 0.0453125 0.196875
1 0.97578125 0.69375 0.0484375 0.225
1 0.228125 0.496875 0.11640625 0.21796875
1 0.4515625 0.4859375 0.11875 0.22421875
1 0.215625 0.9109375 0.115625 0.178125
1 0.09765625 0.91328125 0.11328125 0.1734375
1 0.8 0.078125 0.12890625 0.15546875
1 0.353125 0.2828125 0.10859375 0.21796875
1 0.05234375 0.1046875 0.10390625 0.20859375
1 0.9078125 0.078125 0.121875 0.15546875
1 0.14296875 0.09921875 0.1078125 0.1984375
1 0.4578125 0.2765625 0.11953125 0.21953125
1 0.23984375 0.290625 0.10703125 0.2140625
1 0.146875 0.2953125 0.1015625 0.2140625
1 0.97265625 0.07890625 0.0546875 0.1578125
1 0.121875 0.50703125 0.11015625 0.2140625
1 0.35703125 0.09140625 0.1171875 0.18203125
1 0.24609375 0.096875 0.109375 0.19296875
1 0.4578125 0.08671875 0.13671875 0.1734375
1 0.31796875 0.90703125 0.1140625 0.1859375
1 0.0453125 0.30625 0.08984375 0.215625
1 0.028125 0.9171875 0.05625 0.165625
1 0.22421875 0.71171875 0.1125 0.221875
1 0.03984375 0.5140625 0.0796875 0.21328125
1 0.11953125 0.725 0.10859375 0.21953125
1 0.0328125 0.728125 0.065625 0.21875
0 0.88125 0.3171875 0.034375 0.0453125