1 0.96796875 0.3109375 0.0640625 0.24375
1 0.96484375 0.7984375 0.0703125 0.259375
1 0.96484375 0.5515625 0.0703125 0.24375
1 0.8765625 0.31171875 0.11796875 0.2375
1 0.96796875 0.0984375 0.0640625 0.196875
1 0.87578125 0.79765625 0.1265625 0.259375
1 0.87734375 0.5453125 0.12578125 0.24453125
1 0.43203125 0.30859375 0.115625 0.22578125
1 0.75078125 0.54609375 0.12265625 0.2421875
1 0.76015625 0.309375 0.12109375 0.22734375
1 0.64296875 0.54375 0.115625 0.240625
1 0.5359375 0.54296875 0.11796875 0.23984375
1 0.8765625 0.09609375 0.1125 0.1921875
1 0.6515625 0.3078125 0.11640625 0.22578125
1 0.42578125 0.54296875 0.125 0.240625
1 0.53671875 0.309375 0.11484375 0.22421875
1 0.54609375 0.0984375 0.11328125 0.196875
1 0.7453125 0.79453125 0.1234375 0.2609375
1 0.63515625 0.79140625 0.11796875 0.2609375
1 0.440625 0.09609375 0.11875 0.1921875
1 0.6578125 0.0984375 0.11640625 0.196875
1 0.76328125 0.0984375 0.1265625 0.196875
1 0.340625 0.0984375 0.11328125 0.196875
1 0.30859375 0.54140625 0.11328125 0.24140625
1 0.51875 0.7859375 0.12734375 0.25
1 0.8625 0.9625 0.1296875 0.075
1 0.95859375 0.9640625 0.0828125 0.071875
1 0.41171875 0.78671875 0.11796875 0.25234375
1 0.31953125 0.3078125 0.11484375 0.221875
1 0.73984375 0.95859375 0.12265625 0.0828125
1 0.50390625 0.95625 0.1265625 0.0875
1 0.29453125 0.78984375 0.1140625 0.2484375
1 0.39453125 0.95234375 0.1265625 0.0953125
1 0.2890625 0.95234375 0.1125 0.0953125
1 0.63203125 0.95625 0.1234375 0.0875
0 0.3421875 0.00390625 0.028125 0.0078125
0 0.45078125 0.00234375 0.03125 0.00390625
0 0.55546875 0.00234375 0.025 0.00390625
0 0.6640625 0.00390625 0.028125 0.0078125
0 0.77265625 0.00390625 0.03125 0.0078125
0 0.328125 0.21484375 0.02734375 0.03125
0 0.43671875 0.2140625 0.02109375 0.0296875
0 0.5453125 0.21640625 0.03515625 0.0296875
0 0.76640625 0.21171875 0.0296875 0.03203125
0 0.88046875 0.209375 0.0265625 0.02734375
0 0.9875 0.20859375 0.025 0.03125
0 0.65625 0.2125 0.02578125 0.02890625