1 0.8010348810406193 0.9789667572284746 0.228315897540672 0.03413969242562409
1 0.8209383148820365 0.9085360825604395 0.24475902985783762 0.17485559601642037
1 0.8451474536421099 0.7724531368151657 0.25113629488495226 0.1967669574527388
1 0.5680723901158057 0.9545399707313376 0.28174087939029935 0.08601126463433104
1 0.5863542366232053 0.8739621364223822 0.30121810811666877 0.21112034894328674
1 0.6065980380492612 0.7277456665748074 0.30900333703942984 0.2064783007386847
1 0.8694754770174467 0.615271895890352 0.2610490459651068 0.20620558996629618
1 0.6268600201934761 0.5846541967272325 0.31061128883482797 0.2142998910977642
1 0.2874218329342133 0.924921690186129 0.28513859016268783 0.13290444535249044
1 0.30011220959403817 0.8232819221339522 0.3043249273985095 0.20801352966144587
1 0.31723555619963373 0.6778648830045366 0.3152715177575892 0.20963966217500313
1 0.8760681171918551 0.46834689891541414 0.24786376561628992 0.21395445745273883