1 0.7130923212126419 0.8929947902491632 0.35716016136218054 0.2140104195016736
1 0.6155666246021848 0.47861341773414806 0.3575237880330892 0.2458135115110732
1 0.5160057133195461 0.10457140885535347 0.3429885733609078 0.20510669827935665
1 0.6795451192314138 0.7547855531745716 0.3574874253659985 0.2426885115110732
1 0.8778842639242761 0.5629576432390636 0.23394083736472587 0.23259537314378348
1 0.3005143366088663 0.4275584152000652 0.3418987880330894 0.2457226079202771
1 0.9121843492202778 0.8381758118569744 0.15861357336090762 0.20403403590796182
1 0.3966502558880051 0.8273634933607006 0.3386828813653621 0.23789192720211788
1 0.8063398119828189 0.13126221564416235 0.2871203813653622 0.2375919453524904
1 0.8313114452975926 0.26813550174851586 0.28875560669954403 0.24385103571157005
1 0.5344460833068194 0.19843503834384868 0.3497476507001803 0.24889305971567516
1 0.6512848539147311 0.6319565863520589 0.35601583203372583 0.2504919211519937
1 0.8593989879455934 0.4058082185710286 0.2746203813653622 0.23751922247985355
1 0.7758806999920458 0.06311165846257001 0.29823860001590835 0.11891466822512738
1 0.36298487523873163 0.6990339602814093 0.34175333736472585 0.2332226079202769
1 0.18802813920277875 0.9619505541565303 0.2399533853437268 0.0760988916869394
1 0.583472834619684 0.34951172501393624 0.35290901336727104 0.2520362404338344
1 0.15993095854555103 0.8927349336941234 0.23530334269572592 0.2145301326117533
1 0.4259190378740058 0.9289204064194665 0.32823518268618096 0.14215918716106693
1 0.8973053312380953 0.7068303630866384 0.19171697469763488 0.22922493344863373
1 0.07985003731700076 0.3473476986721401 0.15970007463400152 0.21344539734428025
1 0.2670216786282745 0.2843851321207739 0.3355760626989076 0.23943624648395864
1 0.13175250922982296 0.7633181323171655 0.22750902402927137 0.21693401170746504
1 0.31758256325591266 0.5721987495090206 0.3450237880330894 0.24574078863843632
1 0.21855800131286457 0.1520629906302261 0.3356306066995439 0.2441237464839586
1 0.11057650296388803 0.6350476865718917 0.22115300592777606 0.20598742134838535
1 0.08528187730745573 0.4887903101084586 0.17056375461491147 0.21508062021691718
1 0.19353127665500053 0.0870692497054124 0.30612382535009014 0.12521012002052545
1 0.06573354065881855 0.2222613402608838 0.1314670813176371 0.21327268052176757
1 0.046447738661682045 0.13542896077238853 0.09289547732336409 0.12398292154477705