1 0.94140625 0.94453125 0.11015625 0.11015625
1 0.94921875 0.5921875 0.10078125 0.20859375
1 0.94609375 0.7796875 0.10703125 0.2046875
1 0.853125 0.7828125 0.103125 0.203125
1 0.84375 0.946875 0.11015625 0.10625
1 0.85859375 0.59609375 0.10078125 0.20703125
1 0.94921875 0.3875 0.10078125 0.20859375
1 0.865625 0.3890625 0.1 0.209375
1 0.95546875 0.18125 0.08828125 0.196875
1 0.86796875 0.18828125 0.09921875 0.19609375
1 0.871875 0.0484375 0.10625 0.096875
1 0.95625 0.046875 0.084375 0.09375
0 0.85859375 0.9671875 0.02265625 0.0453125
0 0.8234375 0.984375 0.03125 0.03125