1 0.9277804496611817 0.784183203445718 0.14443910067763674 0.1338942527304745
1 0.9340906338196963 0.8912326341638772 0.13181873236060754 0.12917039129415606
1 0.34165583597053945 0.9180834212501894 0.23393392619541978 0.12788060206654456
1 0.3269647334385256 0.8133459242752515 0.242201452503779 0.1357385538619426
1 0.7152503575819242 0.3329560049699697 0.24000191567207593 0.12479196350286301
1 0.7238734706372819 0.4407821405085891 0.24670694198043536 0.13264082493918145
1 0.5466856992376586 0.8044714149054777 0.23576944198043534 0.1325771924256241
1 0.7695610280921491 0.9033912248175445 0.23862142619541976 0.1279078731437835
1 0.5052684128294787 0.3481350564942213 0.23200740514873228 0.12162151170746505
1 0.7585031597751197 0.7939889537403056 0.23916745776545092 0.13728287314378348
1 0.5575160544005084 0.9099674359827166 0.23237142619541978 0.12787151170746505
1 0.34676754117574154 0.977866445647078 0.22295165258848365 0.04426710870584394
1 0.5628097701290542 0.9722482256031114 0.22211719468185825 0.05550354879377721
1 0.909870218253501 0.42163775165031997 0.1802595634929979 0.1292885659621911
1 0.9402643100857032 0.9600008148820365 0.11947137982859353 0.057259029857837616
1 0.7749457490823668 0.969025315176624 0.23002069994353036 0.06069310206654457
1 0.4961447708349259 0.23171517095560187 0.23237142619541978 0.12787151170746497
1 0.5099397732540003 0.4551572161351417 0.23880343671876356 0.13103287314378348
1 0.9054074723056356 0.19974002575262095 0.1891850553887288 0.1260726623713949
1 0.8958655078219205 0.08174854985492191 0.1867859104104042 0.12292039129415604
1 0.1424000176393926 0.822424966724317 0.17050846302712275 0.13844539734428024
1 0.29703097860037675 0.36644819837755255 0.23044490514873237 0.12161242134838535
1 0.09876299466774098 0.07320621672431687 0.19570588410204498 0.11516243344863375
1 0.1541481306947502 0.9302692829810955 0.17005343671876347 0.13063289734428024
1 0.10096180247554414 0.16459428600615764 0.18972889988706054 0.11981357201231528
1 0.3023470811323906 0.4711311531980128 0.23255343671876344 0.13099651170746504
1 0.2919500944983318 0.2523947887366321 0.22557539462538873 0.11846015027114651
1 0.28653528142885676 0.15942603873663214 0.22530237884037313 0.11377265027114651
1 0.16105755432992122 0.9813181776930971 0.16312162628012442 0.037363644613805744
1 0.4945984104104042 0.12471119203284073 0.2257574051487324 0.12158515027114647
1 0.11113127595542341 0.3794244004675382 0.18549642619541978 0.12759880093507645
1 0.10696814974588617 0.26771928600615763 0.18972889988706054 0.11981357201231528
1 0.11543861533325765 0.48019656010845857 0.1835544945971538 0.14789312021691714
1 0.9072387709408065 0.3020928661117006 0.18552245811838688 0.12455561416679295
1 0.28608868942018656 0.05789535499341081 0.22622784200867016 0.10284424063022608
1 0.8933250657708982 0.02472184503446172 0.17102513154179633 0.04004425878059872
1 0.7092972182182075 0.2173355501495095 0.23531441567207612 0.12476469242562419
1 0.49151964206514 0.045032782391920344 0.22053928413027993 0.08562946955298725
1 0.7110123656861935 0.1126935019449076 0.23044490514873245 0.12161242134838535
1 0.7048540999717651 0.03377816158582798 0.22533319994353018 0.060665830989305725
0 0.389372999152954 0.8925885175611974 0.04896812101845249 0.03621021077238851