1 0.4792114312562884 0.6974056153870434 0.25227074311709885 0.3735617402800905
1 0.04655005334631037 0.46631205066195375 0.09310010669262074 0.37362589867609247
1 0.06741701578014975 0.8090239354843073 0.1348340315602995 0.3517894400324213
1 0.12135772306110851 0.441506795699555 0.24271544612221702 0.39565506410140794
1 0.26903391251038905 0.4015259968996281 0.2609109140676259 0.39423811331561964
1 0.1592225834237351 0.7809288606295325 0.2522070761209044 0.37199924028009035
1 0.43055900292856847 0.3604728496712777 0.27203941505620916 0.3994350355653606
1 0.3263437578343033 0.7364960022763116 0.2505809091247101 0.37036396567298446
1 0.35269671631380994 0.9317699609199828 0.1931371877564411 0.10880572745980857
1 0.01758940661607106 0.2006528174111768 0.03517881323214212 0.2143193651776464
1 0.09638291007611217 0.1751390870558839 0.19276582015222435 0.24347182588823219
1 0.5040191357814623 0.9114659613342674 0.2020320266917457 0.1357321004953377
1 0.18871512935567167 0.9565624073625448 0.19642401384016445 0.07464905128112634
1 0.6519128077205726 0.879625148266317 0.19354836463846717 0.15717045285270287
1 0.6022403433467479 0.3189466674967393 0.25466091406762603 0.3939470148871962
1 0.2519233028520188 0.1325234398275335 0.2346773834215475 0.24797954342324346
1 0.4070710592778094 0.10700336311073184 0.22648288144438117 0.2140067262214637
1 0.6438296881763705 0.6569881689444813 0.2473285751323214 0.36709341645877275
1 0.5767760642207254 0.07949048511280382 0.2120728715585493 0.15898097022560764
0 0.6546332425112642 0.7937240355698698 0.052228344866803764 0.057016287427387624
0 0.4962013185949875 0.8354128835840084 0.04109984387822045 0.051819365177646404
0 0.337179145667294 0.8724506189017001 0.0631021778706093 0.05596320967712849
0 0.17539938726433707 0.9197537661300504 0.04728617688202617 0.050547963606069855