1 0.9316163633831795 0.8504904153656605 0.1367672732336409 0.19244468597979178
1 0.9474419053946335 0.9618545283040977 0.10511618921073307 0.07629094339180469
1 0.9251749120384982 0.6847381287965286 0.14965017592300356 0.19582425911805573
1 0.7205292481301303 0.9653577953543927 0.3243829293443632 0.06928440929121464
1 0.7073650821132675 0.8506131294621186 0.3287988040260895 0.19978832655673634
1 0.6808180267345424 0.5157107993900005 0.3428794853596351 0.20167813487736144
1 0.6999963827577685 0.6872045928929866 0.33503062269254436 0.19837129692145866
1 0.3903866674490401 0.8611992584524657 0.33815562269254434 0.1984440321038199
1 0.407357086131403 0.9706054003605903 0.33980793467536324 0.058789199278819385
1 0.6655004673774526 0.3404016748649658 0.3462226613621805 0.22050087005972258
1 0.3744696714274047 0.7014969501318407 0.33652039735836253 0.19215766451263933
1 0.9147726666931806 0.5079574232494453 0.17045466661363876 0.19626067021222243
1 0.3560089307367695 0.5245525904244447 0.34912948535963517 0.20182360524208356
1 0.1378531081317212 0.9704034189779513 0.2381908906747269 0.05919316204409739
1 0.1264696181174037 0.8675531355429514 0.22561926002545335 0.19270056553881965
1 0.9066641726806128 0.33121308529354243 0.18667165463877425 0.21373911094166687
1 0.6417971486712271 0.048522646179618587 0.3554692973424542 0.07544294319798642
1 0.10714471674090567 0.5492207096311459 0.20388971069381695 0.20469141926229178
1 0.1167935314289956 0.7072150475870487 0.21459085335772615 0.1846334924005557
1 0.33844761871417967 0.3577826645126392 0.35243629869508963 0.2175213404244448
1 0.899001668682363 0.13651818113322992 0.19624084269572606 0.21857208130638903
1 0.3238658560232262 0.17858547378319473 0.35863175469445324 0.21297931078916701
1 0.31161020934118144 0.06504965064493082 0.35603291868236286 0.12388044319798641
1 0.6484931386855446 0.15411868274875054 0.34624084269572586 0.2220633700597225
1 0.09027374805058858 0.37465646751493065 0.1742567546944533 0.2086879350298613