1 0.03125 0.93984375 0.0625 0.1171875
1 0.24296875 0.92890625 0.1390625 0.14140625
1 0.0296875 0.746875 0.059375 0.24375
1 0.11796875 0.9390625 0.1359375 0.121875
1 0.3671875 0.925 0.1421875 0.14921875
1 0.0265625 0.515625 0.053125 0.24375
1 0.11484375 0.74765625 0.1265625 0.23828125
1 0.24140625 0.7375 0.1390625 0.24140625
1 0.49296875 0.725 0.14140625 0.253125
1 0.3640625 0.7359375 0.13828125 0.246875
1 0.23203125 0.5 0.1390625 0.24921875
1 0.1046875 0.5140625 0.1296875 0.24921875
1 0.62421875 0.71796875 0.15546875 0.2546875
1 0.35234375 0.4921875 0.134375 0.246875
1 0.0234375 0.28359375 0.046875 0.2359375
1 0.49921875 0.91875 0.1421875 0.1625
1 0.484375 0.4828125 0.14140625 0.2578125
1 0.10234375 0.27734375 0.13125 0.2421875
1 0.22890625 0.2640625 0.13984375 0.25
1 0.63203125 0.91484375 0.1546875 0.1703125
1 0.025 0.084375 0.05 0.16875
1 0.91015625 0.70703125 0.1796875 0.2640625
1 0.4671875 0.24453125 0.14921875 0.25078125
1 0.34921875 0.2546875 0.134375 0.24921875
1 0.61015625 0.47265625 0.153125 0.26015625
1 0.77890625 0.91328125 0.1578125 0.1734375
1 0.74453125 0.465625 0.14921875 0.26484375
1 0.09921875 0.08203125 0.134375 0.1578125
1 0.89296875 0.46015625 0.20703125 0.2671875
1 0.91640625 0.9109375 0.1671875 0.178125
1 0.76484375 0.709375 0.15546875 0.25546875
1 0.5984375 0.2234375 0.15078125 0.2546875