1 0.6753059469236243 0.7808201433445603 0.3260817527304745 0.19918023520843348
1 0.6822321369133615 0.9205094306078034 0.3213124394987581 0.15898113878439304
1 0.9002054320929013 0.9274590855124446 0.1900260780624393 0.14508182897511085
1 0.8987525372827039 0.7883620238003582 0.19480448165323558 0.18914470752810447
1 0.6552490187395478 0.46742880539783876 0.3292067527304745 0.19930756920082224
1 0.36273322405098735 0.7805867441056821 0.3073135720123153 0.19529123125410058
1 0.37281623029750327 0.917052190227899 0.3103931202169171 0.16589561954420198
1 0.6072261718393646 0.12554771151961827 0.3339306141667929 0.20574857018940537
1 0.640692135931403 0.28319838543589493 0.3292067527304745 0.19930756920082224
1 0.33415981391908767 0.4535639876798914 0.2979294816532357 0.19334672927693436
1 0.8736687832756832 0.13015293437076206 0.23078743344863364 0.19842154844057552
1 0.6668990701656036 0.614031891367394 0.3322953912941561 0.193184903193211
1 0.3504382780111258 0.6105143246380298 0.30417039129415596 0.19203889726171183
1 0.3288870275201465 0.2853405696951138 0.3010726623713949 0.19659906326932317
1 0.9060666301758662 0.4713973582870386 0.18383062021691715 0.1824490385547438
1 0.8836699762904825 0.2915361033441228 0.2198317527304745 0.1948508794672148
1 0.10491617887144751 0.7708629397336073 0.20724993949875797 0.1802790434976597
1 0.1087219140407246 0.9181915844866804 0.20720448770335986 0.16361683102663918
1 0.9083553171405414 0.6152746922794273 0.1775624394987581 0.17906937056996633
1 0.09849781816209317 0.6079809377564411 0.19699563632418635 0.18314937551288218
1 0.11452194126628353 0.9956626684790691 0.20630454215447772 0.008674663041861663
1 0.3039784519917898 0.13429006425790632 0.3167976563212706 0.21442323323126708
1 0.09894097316722453 0.4540746877564411 0.19788194633444905 0.18002437551288214
1 0.09706083148028503 0.29616668726214945 0.19412166296057007 0.18295837452429894
1 0.08820852712736306 0.12859718528498312 0.17641705425472612 0.20719437056996623