1 0.5667715186982712 0.2492250424907879 0.3870476560311804 0.24087167022917955
1 0.863882328691908 0.2110109548024086 0.2289987986950898 0.21596729546028878
1 0.6038004460534521 0.4111854848897982 0.3917715186982713 0.2441330625490476
1 0.21500048070495276 0.2881916364473733 0.3854851560311804 0.24082620612255684
1 0.8977397080283168 0.5502696830947963 0.2045205839433663 0.22015469028743925
1 0.8420425966740905 0.07916992141631378 0.22158519334818116 0.11578543903379805
1 0.8860765967138615 0.3733207381885035 0.22738175469445315 0.21123433135366607
1 0.1966488280155902 0.12052676332783514 0.38206925469445324 0.21573527790931152
1 0.5665795200111359 0.09848925659741056 0.38003404002227176 0.17506481380268882
1 0.23096293006045174 0.45188206340697745 0.38710220003181667 0.24555917022917945
1 0.9088777500397709 0.7255651997878436 0.18224449992045813 0.23206365690134448
1 0.019632342019408198 0.14349158722616084 0.03799199069063526 0.1776081744523217
1 0.6293469807447236 0.5931174464891384 0.39491470003181667 0.24578649076229303
1 0.6534128314369498 0.782035193981856 0.3966226507001803 0.25833195486891575
1 0.25589184675363236 0.6478537929530063 0.39035446936663476 0.2565875984424249
1 0.037631100731997 0.482182014185765 0.06638971069381693 0.20186402837152997
1 0.27521565344522214 0.8319476481258559 0.39820333203372565 0.25993991897553814
1 0.05242194875872304 0.6794207270387463 0.07892607336090782 0.20535274122451136
1 0.0302169480426344 0.3148353898125856 0.05541584802672604 0.19842077962517113
1 0.6699474454566762 0.9153679018867795 0.389627216024817 0.16926419622644104
1 0.2866718687937214 0.9370968347188784 0.3936783693507264 0.12580633056224322
1 0.9208879487189521 0.8915084485342024 0.15822410256209593 0.1939271594086268