1 0.04662694102217456 0.7440748930137584 0.09325388204434912 0.2149752139724832
1 0.057740545013191334 0.5570833245021041 0.11548109002638267 0.22020835099579195
1 0.0352405185195035 0.9170039615254126 0.070481037039007 0.1503670769491748
1 0.2472493789643062 0.9191393472827768 0.39397323320977706 0.15421136188038317
1 0.07594492454843768 0.34797121932996095 0.15188984909687536 0.23369049763774735
1 0.6087771560061481 0.9119766001931836 0.36864585099579195 0.14396334264308946
1 0.25976428104855726 0.761862560622288 0.3954117368379741 0.24009429817805206
1 0.08498759705110873 0.14772568266947209 0.16997519410221745 0.24333831614940155
1 0.2847717486492376 0.5596725780454831 0.39670141832631983 0.23233636188038317
1 0.3118228658870983 0.365994499915182 0.40187999164729754 0.24656255298737567
1 0.640342158453219 0.7454512991047245 0.4018254279449668 0.24500005298737584
1 0.6601437708817561 0.5582687576349123 0.39664685462398913 0.23077386188038318
1 0.3367757697854478 0.16536701733837714 0.42241074645662097 0.2535218811176768
1 0.38373759373939775 0.03746030526481036 0.4106498125212045 0.07492061052962072
1 0.6800817925661207 0.3671799661651 0.3818403101589517 0.2536657248570745
1 0.7126661471901097 0.14911944692780632 0.3305654976377472 0.17072425008481798