1 0.8095440706565828 0.9261101497331697 0.3712942587805987 0.14777970053366046
1 0.8178944644848217 0.4490501730020555 0.36052038524403185 0.21151840912470998
1 0.14349040388538375 0.45823294714798124 0.2869808077707675 0.20084089429596244
1 0.8169445219610016 0.6123314230020556 0.36049311416679297 0.20683090912470997
1 0.440744073681645 0.9250384451708149 0.35249880698520053 0.14992310965837027
1 0.8104531065645446 0.7878898385153752 0.3714578852440319 0.21196407809807064
1 0.4685848108940255 0.4504455993526091 0.35425220452587264 0.20813874113993247
1 0.442402543332828 0.786958760911596 0.35112720452587254 0.2080114071475437
1 0.4699967990883646 0.6106973498469006 0.35110902380771336 0.20488640714754372
1 0.8158921238311546 0.25595408900966676 0.3543249273985096 0.22063874113993248
1 0.14013412060970065 0.27135502965749525 0.2802682412194013 0.20521005931499045
1 0.1399724349215717 0.7894829471479813 0.2776897045258726 0.20501905832640724
1 0.14302679557232328 0.6152960306460784 0.28605359114464657 0.19608972729976806
1 0.46812224434265925 0.26131943235641464 0.35425220452587264 0.20813874113993247
1 0.1391452122453265 0.9260359179847775 0.2649260841125637 0.14792816403044498
1 0.8050460483027978 0.10547658653820882 0.36490790339440443 0.1601469101132932
1 0.13825397892276114 0.11110327916320364 0.2765079578455223 0.20345655832640727
1 0.4643574157892404 0.10253468136783148 0.3650351684215191 0.18202191011329322
0 0.1057014531701402 0.9045203567298017 0.07229315651766241 0.07480368182494175
0 0.6016679381430255 0.9466096280215212 0.04551248789975162 0.0362213428896375