1 0.03125 0.96015625 0.0625 0.0796875
1 0.025 0.81640625 0.05 0.2328125
1 0.10390625 0.95625 0.1328125 0.0875
1 0.09453125 0.81171875 0.13203125 0.2328125
1 0.08359375 0.59609375 0.13125 0.225
1 0.325 0.95078125 0.1390625 0.0984375
1 0.21328125 0.9484375 0.1484375 0.10234375
1 0.17890625 0.37734375 0.13671875 0.22109375
1 0.20078125 0.80703125 0.13359375 0.23359375
1 0.18828125 0.5921875 0.13984375 0.2265625
1 0.0078125 0.15390625 0.015625 0.228125
1 0.44609375 0.9484375 0.1421875 0.10234375
1 0.5359375 0.78046875 0.1453125 0.228125
1 0.32109375 0.78984375 0.13515625 0.2328125
1 0.30859375 0.58515625 0.1359375 0.23046875
1 0.0109375 0.38203125 0.021875 0.2203125
1 0.01875 0.59609375 0.0375 0.23203125
1 0.071875 0.1671875 0.13203125 0.22265625
1 0.41328125 0.56640625 0.14140625 0.234375
1 0.55390625 0.940625 0.1421875 0.11796875
1 0.4328125 0.7828125 0.13984375 0.23046875
1 0.0828125 0.36796875 0.1328125 0.21953125
1 0.659375 0.93671875 0.1515625 0.12578125
1 0.77421875 0.9328125 0.1484375 0.13359375
1 0.6421875 0.7734375 0.14453125 0.23203125
1 0.16953125 0.16171875 0.13203125 0.2203125
1 0.3 0.36953125 0.13046875 0.22421875
1 0.7640625 0.76875 0.1453125 0.23671875
1 0.52890625 0.559375 0.140625 0.23671875
1 0.89296875 0.93125 0.1453125 0.1375
1 0.64140625 0.55234375 0.14453125 0.2328125
1 0.86796875 0.76015625 0.15078125 0.2421875
1 0.28828125 0.15703125 0.13203125 0.215625