1 0.825780702657546 0.0671875 0.3483295066836355 0.125
1 0.1521148413033196 0.22109375 0.2992749360279987 0.20625
1 0.8213177326145933 0.38359375 0.3507101666931806 0.1953125
1 0.4797051339910913 0.065625 0.3780897320178173 0.13125
1 0.4756432479710468 0.21328125 0.3820147106938169 0.2
1 0.4720808012810479 0.38515625 0.3787806226925442 0.190625
1 0.15941990599140948 0.06328125 0.296785188017181 0.1265625
1 0.46100420456718644 0.7328125 0.3789442546944532 0.2046875
1 0.8263790446371833 0.2171875 0.3445147106938169 0.2
1 0.15340544231381908 0.3859375 0.30681088462763817 0.196875
1 0.1487534839672288 0.58828125 0.2975069679344576 0.2109375
1 0.8011917578771875 0.9046875 0.3569056226925441 0.190625
1 0.46844562925686717 0.56328125 0.3757647106938169 0.2
1 0.4581684638765511 0.909375 0.3802340346912715 0.18125
1 0.14468305462286565 0.74921875 0.2893661092457313 0.2078125
1 0.8095962459023227 0.71953125 0.35706925469445316 0.2046875
1 0.8170467612587762 0.54921875 0.35532494135899884 0.1890625
1 0.14135751261141163 0.903125 0.28271502522282327 0.178125
1 0.7963946225334607 0.98125 0.3504363520050907 0.0375
1 0.9733031152132782 0.884375 0.014736304026089896 0.1921875
0 0.1383523333068194 0.1953125 0.08980793467536326 0.0640625
0 0.11456193933004562 0.02421875 0.09587612133990878 0.0484375