1 0.96953125 0.27109375 0.0609375 0.2609375
1 0.1828125 0.56796875 0.1203125 0.25546875
1 0.28671875 0.56171875 0.12109375 0.25703125
1 0.96484375 0.08046875 0.0703125 0.1609375
1 0.40859375 0.55390625 0.12734375 0.25703125
1 0.5203125 0.55 0.1328125 0.26015625
1 0.2890625 0.321875 0.121875 0.2546875
1 0.97265625 0.51328125 0.0546875 0.2640625
1 0.97109375 0.76328125 0.0578125 0.2671875
1 0.18125 0.81328125 0.12265625 0.2578125
1 0.18515625 0.32734375 0.1140625 0.2515625
1 0.52109375 0.80078125 0.13359375 0.2625
1 0.88046875 0.28046875 0.13828125 0.2578125
1 0.28515625 0.809375 0.1203125 0.26171875
1 0.4109375 0.31328125 0.13125 0.2578125
1 0.8890625 0.52578125 0.13671875 0.26484375
1 0.9 0.775 0.1328125 0.2734375
1 0.52109375 0.3046875 0.13125 0.25859375
1 0.41171875 0.80703125 0.1265625 0.2640625
1 0.28828125 0.1046875 0.11640625 0.20859375
1 0.06640625 0.11015625 0.1265625 0.2203125
1 0.41328125 0.10078125 0.1328125 0.20078125
1 0.184375 0.1046875 0.11640625 0.20859375
1 0.51484375 0.09609375 0.1296875 0.1921875
1 0.87109375 0.084375 0.1359375 0.16875
1 0.52421875 0.96015625 0.1296875 0.0796875
1 0.97734375 0.94375 0.0453125 0.109375
1 0.065625 0.334375 0.12578125 0.24453125
1 0.90859375 0.9484375 0.1453125 0.10234375
1 0.06328125 0.56953125 0.1265625 0.2578125
1 0.42109375 0.9625 0.1484375 0.075
1 0.17578125 0.96796875 0.1203125 0.0640625
1 0.28359375 0.9640625 0.1265625 0.071875
1 0.06484375 0.96796875 0.1296875 0.0640625