1 0.48906447521486907 0.8755606197259379 0.3273090293602715 0.2003282946885605
1 0.45847864123173193 0.7511555173648057 0.3289442546944533 0.20658738504764002
1 0.5146270018698696 0.9596709575509348 0.31190111067790854 0.0806580848981305
1 0.8033718758752784 0.9234860770804808 0.316970418682363 0.11746125253408266
1 0.23542985053314253 0.9838800963110079 0.2972568080044543 0.03223980737798406
1 0.7787724125557324 0.8217735861556671 0.332051073360908 0.20504306576579942
1 0.08246705466263655 0.13251303903121975 0.1649341093252731 0.14627607806243947
1 0.18596729455764138 0.8042612948849521 0.31008516669318065 0.1971033007386847
1 0.9368769085773678 0.6633076220636289 0.11301017202418037 0.17877041549465283
1 0.6851529659452752 0.4071383935336512 0.3447510680299077 0.22230328863843632
1 0.3922745752705484 0.46481349638576275 0.3352124360279987 0.2081862464839585
1 0.42351438991886736 0.6001606439264346 0.3369203866963623 0.22069533684303835
1 0.7544547599061406 0.6958423452308534 0.335266980028635 0.21287374648395865
1 0.7218524399268216 0.5432986073311019 0.34164424936345306 0.22384760792027691
1 0.9183734512651395 0.5077206973955939 0.15383516669318062 0.1961942648307229
1 0.9525917205601868 0.7899701160135046 0.07848972135581711 0.1660704275949012
1 0.15336497457832224 0.6517175569852006 0.3039987986950896 0.21112943930236625
1 0.2858187739895005 0.07901183089110986 0.32827154535327185 0.1487748850476401
1 0.20966732920914208 0.9150301023611321 0.31448176535645345 0.16993979527773567
1 0.1303671106381377 0.5195226805217675 0.2607342212762754 0.1984203610435351
1 0.5807409226607275 0.04713161357761779 0.335393154678545 0.0894453368430382
1 0.9011234112826386 0.3787053630866385 0.18657494135899882 0.19013516237139488