1 0.06022225405718977 0.18580138116223593 0.11749896590774282 0.20285276232447189
1 0.17373928327818297 0.16052914348670783 0.1910455600635442 0.21295145861557024
1 0.11560046427959447 0.8951830252147707 0.09433420129724625 0.20963394957045872
1 0.05531398051494415 0.664792840343633 0.09213650162155777 0.270210680687266
1 0.026649643666038735 0.40883608943912186 0.043917189933160516 0.28017217887824375
1 0.27702929342115745 0.6225555099496227 0.20507287824476322 0.3011065558566083
1 0.13542817450858974 0.6486975288328153 0.2066081047058129 0.299625943011738
1 0.09198827150706017 0.3958690999545715 0.17541265178371357 0.301113199909143
1 0.2981938124991762 0.135830115897088 0.18783873944669321 0.20810018430531074
1 0.20275954504271523 0.8763478160333735 0.21689103977100474 0.24730436793325303
1 0.20709507426700374 0.3722412494341731 0.2145024253226639 0.3047228787873867
1 0.40075711972005135 0.600940538782438 0.20822515178371362 0.3028328301668678
1 0.5623693607948927 0.11142873869158092 0.1997387215897856 0.17438028154634874
1 0.34400869317957145 0.3458535690855913 0.2098149253226639 0.30447721732199745
1 0.4243199358759707 0.1174629754625979 0.19551487175194143 0.20069712008095947
1 0.46539276947846525 0.3241157671857119 0.21455697240056462 0.30784787878738673
1 0.5213599460189451 0.5791617933049937 0.21455697240056465 0.3078478787873868
1 0.7105477621748646 0.10436426842890736 0.19609552434972918 0.14452900723608925
1 0.6070893457773592 0.30344249830251935 0.22083424593951495 0.30973792740790584
1 0.750252964689927 0.2773823665744565 0.2207796988616142 0.30661292740790574
1 0.8717052248361966 0.2595508146745772 0.21614674593951486 0.30949226594251655
1 0.6677031120094135 0.5563904358871904 0.22700242532266407 0.30537797602842465
1 0.8267358238632619 0.09796486148607386 0.18159664772652384 0.11879202283992148
1 0.9300807865245939 0.25012158299194287 0.10011264285525953 0.27999511646291486
1 0.8665317187438213 0.94693130596815 0.17663641233702032 0.10292136137453198
1 0.33687544642268696 0.8651071008590826 0.21115923701106123 0.26978579828183485
1 0.35791642369451554 0.9972578595655099 0.175327282467404 0.005484280868980207
1 0.9548837378218401 0.9231020595861945 0.09023252435631975 0.09611143939369313
1 0.7992843486167329 0.5375286504956545 0.21910810470581304 0.3002810402527761
1 0.7389658262923033 0.9615449674913397 0.17811709172016918 0.07691006501732076
0 0.6505353827089901 0.33303814506858753 0.09061709172016937 0.09373006784239593
1 0.6222283396849839 0.973667630596409 0.18107845048646726 0.05266473880718188
1 0.9012330377424099 0.5142726141996073 0.1975339245151801 0.30439533016686776
1 0.48971584861343764 0.9877024751239137 0.15547843262955982 0.02459504975217257
1 0.4545714610331836 0.8565410063315781 0.20674447240056465 0.2869179873368438
0 0.1925584305943744 0.9256594985296619 0.06728868587597074 0.0987517605154494
0 0.11463088473758501 0.3962752137039529 0.04952844155801359 0.06503850180902226
0 0.10286154179959964 0.34804575361804463 0.04467730032431154 0.05541784034363308
0 0.04478598903965609 0.3746624853006789 0.0495284415580136 0.06503850180902226
0 0.04450179667086359 0.1795137596109384 0.04336026217486462 0.06939845318850332
1 0.5821237167152264 0.8392566700582453 0.2023569813290184 0.3214866598835095
1 0.7127873356277942 0.8139882519205639 0.21159561363426677 0.3170591044771272
1 0.8442594780793122 0.788876466529028 0.20046719886161418 0.305548394391219
1 0.934583100241586 0.7620041073022022 0.130833799516828 0.3120573439616777
1 0.9675983774339845 0.5052528182926218 0.06480324513203115 0.2818099219808389