1 0.018634771914097258 0.21796542797373264 0.03356034253094828 0.22343085594746528
1 0.09559983562779414 0.781642825644312 0.1335251607121673 0.31608974672063966
1 0.054480363227229545 0.48288442107632773 0.09794221671852174 0.33451884215265537
1 0.09179953652459386 0.20618912426483096 0.18103536038785578 0.2655032485296619
1 0.12598717045139995 0.4655574802122963 0.2311092727248761 0.3617917503386842
1 0.19136630316039005 0.7679288856847917 0.2276842637964224 0.34444047602842465
1 0.22172281574558705 0.18177670171816526 0.22179672808260742 0.27544481456303554
1 0.23682662783443087 0.9494511233603198 0.18625687418757347 0.10109775327936035
1 0.15106640583760805 0.9584609531885032 0.10152731818121907 0.08307809362299352
1 0.3662413924449274 0.9371834967206396 0.18992734496658023 0.1256330065587207
1 0.40391157304918773 0.423924337402957 0.24835131980277683 0.3658175090451115
1 0.32057651622875916 0.7473817695605611 0.23552403733537278 0.3464124118040736
1 0.26299624675029387 0.4446385498637144 0.24051154626382648 0.3638455732694627
1 0.6562254642795945 0.9101783406823174 0.20979556006354425 0.17964331863536528
1 0.46609752191080195 0.7222257185651928 0.2386217637964224 0.34501368611433314
1 0.5135976335164737 0.9238037494341732 0.19521486282348768 0.15239250113165353
1 0.5541609890396562 0.40135769787297804 0.24514449918592582 0.360966234734852
1 0.7815430641174388 0.9022894761977669 0.19872169236879245 0.19542104760446613
1 0.6101105746707456 0.7001127804146949 0.23864903733537268 0.34657618611433294
1 0.35719666558343127 0.16233838421445368 0.22349559577735914 0.28333920171816523
1 0.7020666550301244 0.37866822761030444 0.2592069991859258 0.36170321913101977
1 0.9134268948838546 0.8787854935528209 0.1731462102322908 0.20661957146044047
1 0.7424048774306891 0.6773856886007239 0.23856721671852182 0.341888686114333
1 0.8835194322225227 0.6468837183380503 0.2329611355549545 0.33604812188998173
1 0.9726791639585782 0.8623659554477514 0.05464167208284358 0.18945864767057935
1 0.8398842548679687 0.3593527408392875 0.2512854050301243 0.355043783355371
1 0.9187917974832901 0.34806776006116436 0.16241640503341975 0.330473151288624
1 0.5084318831160272 0.1515314382620396 0.23561376623205438 0.2621192989592033
1 0.9435938616056717 0.6375363738105457 0.11281227678865662 0.3234928109449909
1 0.6503330109570487 0.14257691937884703 0.2350410219140972 0.22930679895920325
1 0.7986205064928218 0.14176244911617344 0.25349101298564347 0.21310194482076028
1 0.8694415211033183 0.12986331467457718 0.13263304220663663 0.1755466338757694