1 0.05546875 0.88359375 0.11015625 0.23203125
1 0.04609375 0.38359375 0.09140625 0.24765625
1 0.05078125 0.63203125 0.10078125 0.2640625
1 0.1296875 0.01796875 0.11953125 0.03515625
1 0.16484375 0.875 0.1375 0.24453125
1 0.153125 0.63046875 0.128125 0.26484375
1 0.14609375 0.38046875 0.12734375 0.25078125
1 0.25234375 0.01796875 0.1265625 0.03515625
1 0.28828125 0.87265625 0.13828125 0.24453125
1 0.13828125 0.14375 0.12578125 0.23046875
1 0.04609375 0.1453125 0.09140625 0.2359375
1 0.040625 0.01953125 0.08125 0.0390625
1 0.246875 0.1421875 0.125 0.23125
1 0.38671875 0.62421875 0.14296875 0.2625
1 0.25546875 0.378125 0.1359375 0.24921875
1 0.26875 0.62734375 0.13515625 0.26328125
1 0.3578125 0.015625 0.12265625 0.03125
1 0.49140625 0.1421875 0.14140625 0.22890625
1 0.37734375 0.37734375 0.13828125 0.24765625
1 0.371875 0.14375 0.13046875 0.23046875
1 0.58046875 0.01171875 0.1328125 0.0234375
1 0.465625 0.015625 0.1296875 0.03125
1 0.51328125 0.6203125 0.14140625 0.26015625
1 0.59765625 0.13984375 0.134375 0.22890625
1 0.4984375 0.37421875 0.13828125 0.24921875
1 0.4015625 0.86796875 0.1375 0.24765625
1 0.63671875 0.6171875 0.153125 0.2578125
1 0.72578125 0.140625 0.14453125 0.22734375
1 0.7046875 0.01015625 0.1296875 0.01953125
1 0.61015625 0.37421875 0.1390625 0.24453125
1 0.7359375 0.3765625 0.14921875 0.2390625
1 0.825 0.13515625 0.14296875 0.228125
1 0.815625 0.01171875 0.1421875 0.0234375
1 0.75234375 0.61328125 0.14765625 0.253125
1 0.93359375 0.0078125 0.1328125 0.015625
1 0.86171875 0.61171875 0.15546875 0.2546875
1 0.5296875 0.86484375 0.14765625 0.2515625
1 0.95078125 0.60625 0.09765625 0.26015625
1 0.83671875 0.3734375 0.14453125 0.2453125
1 0.65078125 0.8640625 0.14921875 0.25234375
1 0.93984375 0.13203125 0.11953125 0.23203125
1 0.94609375 0.3625 0.10703125 0.2359375
1 0.96171875 0.85234375 0.0765625 0.2640625
1 0.7734375 0.85625 0.16015625 0.25859375
1 0.89140625 0.85859375 0.17421875 0.26328125