1 0.1296875 0.89921875 0.11953125 0.20078125
1 0.25234375 0.89765625 0.1265625 0.2046875
1 0.0328125 0.26484375 0.065625 0.2171875
1 0.034375 0.48125 0.06875 0.215625
1 0.040625 0.9015625 0.08125 0.196875
1 0.0375 0.69375 0.075 0.225
1 0.24375 0.48359375 0.11796875 0.2171875
1 0.12421875 0.48359375 0.11953125 0.215625
1 0.12734375 0.69296875 0.11796875 0.21875
1 0.3578125 0.89921875 0.12265625 0.20078125
1 0.128125 0.26875 0.12734375 0.21953125
1 0.2375 0.69296875 0.12578125 0.21796875
1 0.3484375 0.48359375 0.1203125 0.21875
1 0.58046875 0.89765625 0.1328125 0.2046875
1 0.353125 0.69453125 0.121875 0.21875
1 0.465625 0.89921875 0.1296875 0.20078125
1 0.45625 0.69453125 0.125 0.22109375
1 0.034375 0.07890625 0.06875 0.1578125
1 0.45078125 0.4828125 0.125 0.2203125
1 0.7046875 0.8953125 0.1296875 0.20859375
1 0.575 0.690625 0.13125 0.2203125
1 0.69609375 0.69140625 0.13125 0.21796875
1 0.803125 0.68984375 0.13359375 0.2203125
1 0.5734375 0.48125 0.1375 0.215625
1 0.815625 0.89375 0.1421875 0.2125
1 0.11875 0.08515625 0.1234375 0.1640625
1 0.93359375 0.89375 0.1328125 0.2125
1 0.903125 0.68984375 0.1359375 0.22421875
1 0.65859375 0.08515625 0.13359375 0.165625
1 0.24140625 0.2671875 0.1234375 0.21953125
1 0.22890625 0.08046875 0.13671875 0.159375
1 0.7640625 0.084375 0.12265625 0.1640625
1 0.684375 0.4765625 0.13125 0.21171875
1 0.55 0.08203125 0.13828125 0.16328125
0 0.60390625 0.6609375 0.06171875 0.06015625
1 0.45 0.08046875 0.1421875 0.1609375
1 0.784375 0.47734375 0.13984375 0.21484375
1 0.865625 0.0859375 0.1265625 0.1671875
1 0.33984375 0.08203125 0.12109375 0.1578125
1 0.93671875 0.08046875 0.1265625 0.1609375
1 0.33984375 0.26484375 0.11875 0.221875
0 0.11640625 0.2546875 0.0390625 0.07109375
0 0.15703125 0.68671875 0.03125 0.046875
0 0.15703125 0.72734375 0.02890625 0.0375
0 0.10546875 0.7140625 0.0296875 0.0453125
0 0.14375 0.86875 0.02265625 0.05078125
0 0.04453125 0.73359375 0.02578125 0.0390625
1 0.4484375 0.2671875 0.1109375 0.23828125
1 0.559375 0.2703125 0.1203125 0.22890625
1 0.67109375 0.27109375 0.1125 0.2234375
1 0.7765625 0.27265625 0.109375 0.23046875
1 0.88203125 0.27265625 0.1078125 0.2265625
1 0.96171875 0.26875 0.0765625 0.209375
1 0.88828125 0.47734375 0.1234375 0.2234375
1 0.96953125 0.4765625 0.0609375 0.2125
1 0.9796875 0.6828125 0.040625 0.22421875