1 0.8921875 0.6578125 0.11953125 0.22421875
1 0.88359375 0.8859375 0.11953125 0.228125
1 0.96640625 0.8828125 0.0671875 0.23125
1 0.78359375 0.659375 0.12109375 0.22421875
1 0.4375 0.6625 0.1203125 0.2234375
1 0.54765625 0.8859375 0.11640625 0.228125
1 0.96953125 0.6546875 0.0609375 0.225
1 0.76640625 0.8859375 0.1265625 0.228125
1 0.78828125 0.440625 0.11796875 0.221875
1 0.896875 0.43984375 0.11953125 0.225
1 0.6546875 0.8859375 0.11640625 0.228125
1 0.903125 0.2203125 0.11640625 0.21328125
1 0.54375 0.66328125 0.1171875 0.22421875
1 0.97109375 0.43671875 0.0578125 0.2203125
1 0.97421875 0.215625 0.0515625 0.2125
1 0.66484375 0.6609375 0.11796875 0.22265625
1 0.28671875 0.99765625 0.1265625 0.00390625
1 0.79765625 0.22109375 0.11953125 0.21328125
1 0.42109375 0.8875 0.12265625 0.22421875
1 0.67421875 0.44296875 0.11953125 0.221875
1 0.33359375 0.66640625 0.11796875 0.2234375
1 0.6765625 0.22578125 0.115625 0.21015625
1 0.44609375 0.44453125 0.121875 0.21875
1 0.1859375 0.99765625 0.11953125 0.00390625
1 0.55234375 0.44375 0.115625 0.22109375
1 0.09296875 0.88984375 0.11640625 0.2203125
1 0.3078125 0.8875 0.1296875 0.22421875
1 0.3453125 0.4484375 0.1234375 0.21875
1 0.2015625 0.8875 0.11953125 0.22421875
1 0.97734375 0.05078125 0.0453125 0.1015625
1 0.15234375 0.2515625 0.1203125 0.20390625
1 0.46328125 0.2359375 0.11796875 0.21328125
1 0.5640625 0.2328125 0.11953125 0.2140625
1 0.25546875 0.2484375 0.12265625 0.21015625
1 0.90625 0.05625 0.11953125 0.11171875
1 0.3484375 0.2421875 0.121875 0.2140625
1 0.109375 0.66796875 0.1109375 0.228125
1 0.26875 0.07421875 0.12734375 0.14765625
1 0.13046875 0.45625 0.11171875 0.21328125
1 0.22265625 0.66640625 0.1203125 0.22578125
1 0.234375 0.4515625 0.11796875 0.2171875
1 0.178125 0.07734375 0.115625 0.1546875
1 0.3734375 0.07109375 0.12265625 0.1421875
1 0.8015625 0.05625 0.12109375 0.1125
1 0.4671875 0.06953125 0.1109375 0.1390625
1 0.57890625 0.07109375 0.11875 0.13125
1 0.6921875 0.06953125 0.1234375 0.1390625