1 0.28359375 0.90703125 0.1265625 0.1859375
1 0.05546875 0.67734375 0.11015625 0.24375
1 0.39140625 0.70390625 0.1234375 0.2515625
1 0.38203125 0.21640625 0.1203125 0.2375
1 0.28125 0.6984375 0.1203125 0.24765625
1 0.39609375 0.909375 0.12265625 0.18125
1 0.05546875 0.43125 0.11015625 0.23203125
1 0.16328125 0.68359375 0.1234375 0.2484375
1 0.3875 0.45859375 0.121875 0.2328125
1 0.1609375 0.9015625 0.1265625 0.196875
1 0.05703125 0.053125 0.11328125 0.10625
1 0.1625 0.05546875 0.11640625 0.11015625
1 0.1625 0.434375 0.12109375 0.22890625
1 0.28046875 0.45625 0.11953125 0.23046875
1 0.51953125 0.70625 0.13046875 0.25078125
1 0.52578125 0.9109375 0.1390625 0.178125
1 0.50859375 0.2171875 0.12265625 0.2390625
1 0.1609375 0.21171875 0.1203125 0.22265625
1 0.37890625 0.05703125 0.11953125 0.1140625
1 0.27734375 0.2171875 0.11796875 0.23515625
1 0.5140625 0.4625 0.121875 0.2328125
1 0.5015625 0.05703125 0.11953125 0.1140625
1 0.0578125 0.209375 0.11171875 0.21875
1 0.64375 0.69921875 0.13359375 0.2515625
1 0.621875 0.21875 0.1328125 0.2390625
1 0.61015625 0.0515625 0.1296875 0.10234375
1 0.27734375 0.05546875 0.11328125 0.11015625
1 0.05390625 0.88984375 0.10703125 0.2125
1 0.6375 0.465625 0.13359375 0.24140625
1 0.765625 0.71328125 0.13125 0.25234375
1 0.65078125 0.9078125 0.13203125 0.1765625
1 0.7421875 0.22421875 0.13046875 0.24765625
1 0.775 0.90859375 0.140625 0.17265625
1 0.88828125 0.7203125 0.15 0.26171875
1 0.74140625 0.05546875 0.1265625 0.11015625
1 0.75546875 0.46640625 0.13203125 0.24296875
1 0.89609375 0.915625 0.14453125 0.16640625
1 0.86484375 0.22734375 0.13984375 0.253125
0 0.0828125 0.20703125 0.0453125 0.04609375
1 0.8578125 0.059375 0.1328125 0.11796875
1 0.87734375 0.46328125 0.1453125 0.25859375
1 0.95703125 0.0609375 0.08515625 0.121875
1 0.96171875 0.2296875 0.0765625 0.246875
1 0.96328125 0.46796875 0.0734375 0.2609375
1 0.97578125 0.721875 0.0484375 0.25625
1 0.97578125 0.91484375 0.0484375 0.1609375
0 0.05234375 0.0921875 0.02578125 0.0390625
0 0.05625 0.53828125 0.021875 0.0296875