1 0.14995295822938637 0.11564235816736801 0.21240591645877274 0.23128471633473602
1 0.3012436304791274 0.1240153641578178 0.22123726095825474 0.2480307283156356
1 0.4613827638537389 0.13761158348777872 0.21964052770747777 0.27522316697555743
1 0.06574062406898659 0.10249751742319516 0.059606248137973175 0.2049950348463903
1 0.12451427233079426 0.354828854539171 0.21619019602827733 0.3211012176006804
1 0.04424457547394741 0.3451116033580446 0.06985885152879534 0.29415179328391083
1 0.275678666044488 0.37459073911540874 0.225710745242489 0.3245535998146655
1 0.43334777088305226 0.3996031188823232 0.22302239288512418 0.3338194724100038
1 0.6325685591390091 0.15189356633866063 0.22890851984959487 0.30378713267732127
1 0.5893452138109576 0.4223263123515685 0.23090766749223005 0.335654790921658
1 0.11299684532354233 0.6619791556276301 0.17883574524248907 0.32291668874473983
1 0.24246817555500072 0.6864111820364999 0.2274187944567007 0.3277331635169965
1 0.4002464423042237 0.7137673118034142 0.22643849131354762 0.3401785998146655
1 0.7901648893704675 0.16724325862677958 0.24206349131354762 0.33448651725355916