1 0.996875 0.67734375 0.00625 0.24375
1 0.9984375 0.43125 0.003125 0.23203125
1 0.93671875 0.43046875 0.11484375 0.22890625
1 0.94140625 0.053125 0.11015625 0.10625
1 0.83046875 0.67421875 0.11640625 0.24375
1 0.9421875 0.20625 0.109375 0.215625
1 0.834375 0.42734375 0.1125 0.22890625
1 0.93359375 0.67421875 0.11328125 0.2453125
1 0.840625 0.20390625 0.11015625 0.2140625
1 0.84375 0.05546875 0.11015625 0.11015625
1 0.9953125 0.88984375 0.009375 0.2125
1 0.928125 0.88828125 0.1171875 0.2140625
1 0.825 0.8859375 0.11640625 0.228125
0 0.8234375 0.00234375 0.03125 0.00390625
0 0.8390625 0.528125 0.02265625 0.028125