1 0.04778570870463462 0.2809832270387464 0.09128062269254425 0.19321645407749283
1 0.21054769601368117 0.10687344028743928 0.3379556280235444 0.18321228292387642
1 0.03351302868395375 0.12827576418576497 0.06582608935390814 0.15342652837152992
1 0.23327776603277123 0.2481122057268455 0.34785788669636225 0.2287975675636126
1 0.08370776408335981 0.6162902412245114 0.15539766669318059 0.1997679824490227
1 0.0652742953930427 0.4415941181049732 0.12254880402608972 0.1956882362099464
1 0.5156800913430905 0.08685542313217343 0.33136018268618095 0.1533429264973857
1 0.2925282334102237 0.5747261815119507 0.351091974697635 0.23826349577685804
1 0.5413624386934988 0.21334136678482496 0.3416442493634532 0.23174071113712175
1 0.25862430605504294 0.4128566673261857 0.34315220536281676 0.22709867524374444
1 0.10907248543917696 0.7825972028238516 0.16339198002863506 0.21562030298213627
1 0.8251919986871353 0.17474083419015293 0.29456925469445344 0.21318928793844139
1 0.8045244153405452 0.07651628285736943 0.29342383068109035 0.11475178793844136
1 0.6029566560709514 0.5400235387298642 0.33699311203054416 0.23472931881725376
1 0.579972047382225 0.376909773290458 0.34160788669636233 0.22861571113712173
1 0.6416389900938594 0.7098419452354972 0.3496022000318167 0.24446803167023515
1 0.13343778079244875 0.927153533386095 0.16577154535327182 0.14569293322781007
1 0.32267136143376807 0.7489820354311588 0.3620840186982712 0.2432692445232167
1 0.6782230221196308 0.8884333288463836 0.3512010626989076 0.22313334230723286
1 0.35582131078926704 0.9054664014910682 0.37100448535963515 0.18906719701786373