1 0.11380436484878734 0.751375471505869 0.17875584009531628 0.3137769742194024
1 0.921418852677218 0.6137337036387291 0.15716229464556405 0.34922315128862386
1 0.8208267431001411 0.11716856286555485 0.21040348620028232 0.15932849163225699
1 0.5161969334370434 0.6858245511069099 0.2231331314911742 0.3520073145630356
1 0.15410248782184008 0.42175989258219665 0.2182819902574721 0.3423866530976463
1 0.43886722564697545 0.36955774197094127 0.23256267856907478 0.35562363749381404
1 0.581198190740644 0.9045115168470277 0.1943887483751469 0.19097696630594463
1 0.2848206538123085 0.3981696636130958 0.21677403733537276 0.34542976594251656
1 0.24607139406978057 0.727085879691898 0.207017207790068 0.323063443011738
1 0.9599882491859258 0.8531171082067136 0.08002350162814835 0.21733134215265518
1 0.8817184914769356 0.31941713760535567 0.23656301704612864 0.3621192989592033
1 0.3722111542160503 0.7094999892574079 0.21181380194586935 0.3295591044771271
1 0.17800105275335296 0.9348596788782437 0.16953302434972928 0.13028064224351255
1 0.3129118409027999 0.9241136086609988 0.18721144805083528 0.15177278267800248
1 0.4400510393606723 0.9157931755988834 0.1829330511350904 0.16841364880223325
1 0.374742675729701 0.13906133649844582 0.19934898376465035 0.24148589439121898
1 0.06321443506189654 0.44665699400710623 0.11666494317957139 0.33393898801421246
1 0.2190790568171333 0.16446637098547062 0.18671261606989858 0.233018297150181
1 0.024802951297246238 0.2136054765942516 0.0460057954530476 0.22096095318850323
1 0.09234896144351597 0.19294881784239587 0.18218875730360065 0.24214763568479172