1 0.6187614617323541 0.8824440872652808 0.21134197994174037 0.18460624813797316
1 0.48033545922507176 0.8670460272977023 0.2094899749271754 0.2282106989237615
1 0.8379146270134757 0.9120266176633549 0.09339831050398359 0.09953342721213972
1 0.33894358109096867 0.8463247665443351 0.2201379699126104 0.2723973465663966
1 0.761829500133014 0.899186323411542 0.20060305674305995 0.13729460049533806
1 0.9554684691876947 0.46496321898726256 0.06778585972519621 0.29182793507002264
1 0.9032083210618389 0.7326622952897794 0.11429714687221448 0.28151117328319836
1 0.6869899391668121 0.6826581029810466 0.2312406059642722 0.3322089942090319
1 0.5577487200456245 0.6465472826743857 0.2312406059642722 0.3322089942090317
1 0.8264328723946223 0.7167333883415195 0.2167689290046681 0.3174915227450789
1 0.19398643375653574 0.8140666923087329 0.23755279044572383 0.281010367244561
1 0.8928237166804122 0.44603559057504977 0.19498485721791353 0.31959767824559704
1 0.4131098214575502 0.6033517084387834 0.24410431881725375 0.3452911910658786
1 0.9384246878466638 0.1926901127009563 0.11751307508545991 0.28478172249740996
1 0.7775086052393565 0.4139572988044362 0.23253032132453627 0.3229067688161376
1 0.2760333702830513 0.5683860111676518 0.24874635471063106 0.3439470148871962
1 0.6382247963847256 0.3744132634439633 0.229450785431159 0.3243237196019259
1 0.5059495054767833 0.33532299235151414 0.23896217775102696 0.329447867244561
1 0.012046392782086458 0.7521425428040709 0.024092785564172915 0.26446491439185815
1 0.128064883215175 0.5323672361462611 0.25039978292387643 0.34714478949430205
1 0.07815712608903903 0.777174622002072 0.15631425217807807 0.286275755995856
1 0.8427090225655423 0.15735838834151944 0.22679714687221458 0.28675094499482
1 0.05837112648475044 0.4993963784122128 0.11674225296950087 0.3355822431755744
1 0.7125501611244867 0.13138472105192256 0.2123709340192331 0.2627694421038451
1 0.36822819662215245 0.2957061823839354 0.24557589060400842 0.34223896567298445
1 0.22085074294037105 0.23937490736254485 0.2486554264973857 0.3408220148871962
1 0.5815645855768082 0.11237575971990968 0.22749582884638359 0.22475151943981936
0 0.48079244880023053 0.9317806153870436 0.08852895407749273 0.09306510339082194
1 0.4311386882423752 0.07607869478993226 0.1595976235152495 0.15215738957986452
1 0.16975255885463092 0.04391051178682428 0.15736988229073817 0.08782102357364856
1 0.09189066864633391 0.22041519975233098 0.15992789561857335 0.2945591368892682