1 0.9224400040840626 0.23916700641465 0.15511999183187478 0.20586050992479743
1 0.7625383272223265 0.07874131431080487 0.30232883225631946 0.15748262862160975
1 0.9407711235751041 0.11247607382582676 0.11845775284979183 0.15872864474715104
1 0.7355238451740974 0.18316537117801165 0.3207528303564585 0.23501297063538318
1 0.8843250210859029 0.5270330335029552 0.23134995782819417 0.2159675641014079
1 0.9036913105048265 0.37526932630702614 0.19261737899034692 0.20931514970954979
1 0.4982751522604515 0.05200549400414397 0.2965503045209029 0.10401098800828794
1 0.6638722764042366 0.46492910153330447 0.3224608007211808 0.24133574524248905
1 0.46757197254892374 0.12916719168956034 0.3145028303564585 0.23472187220695978
1 0.7036588621759379 0.32620904983789345 0.31751872758291666 0.2301799214211715
1 0.8649483863959728 0.6698583883415195 0.2644300951740973 0.22926808477957222
1 0.21542693787965286 0.09051368403656528 0.28710387575930574 0.18102736807313055
1 0.24053473423243057 0.027322325269059634 0.27794446846486115 0.05464465053811927
1 0.39432153618788235 0.40944119665195905 0.31145056553881967 0.23770132299274813
1 0.4246785705728128 0.2688140425991831 0.314466462765278 0.23315937220695976
1 0.7923694440510077 0.9117783686968123 0.2805616286090974 0.1176413800648426
1 0.35081053837208376 0.5561556848651348 0.32100740349472245 0.2459504706353833
1 0.8303038955140286 0.8278913662156129 0.269226697947639 0.2341739086008899
1 0.6274652637707991 0.6144411040145039 0.3319449034947223 0.24645989288512418
1 0.3077723192416325 0.7231826730783105 0.32580400626826406 0.2508562944567007
1 0.5882241918668062 0.7765986557099149 0.34135627108590294 0.24845904052775936