1 0.10703125 0.6626405201263881 0.1859375 0.29411957146044043
1 0.15234375 0.8820246059474652 0.1859375 0.23595078810506953
1 0.28046875 0.8712375921526554 0.1921875 0.2575248156946892
1 0.075 0.3968993334462281 0.15 0.28129866689245614
1 0.2328125 0.6411074361143331 0.1921875 0.2960096200809595
1 0.05078125 0.17766133254171695 0.1015625 0.20844766508343388
1 0.96796875 0.9374478426028812 0.0640625 0.07366987336031983
1 0.1828125 0.37598704715018094 0.1890625 0.28490834577069996
1 0.8765625 0.9599846681356518 0.15625 0.08003066372869654
1 0.03515625 0.6776237109904194 0.06875 0.25672803482570894
1 0.84296875 0.8105843701925011 0.1953125 0.29929839439121897
1 0.65859375 0.5712341858871903 0.1953125 0.305548394391219
1 0.9109375 0.5399277114406453 0.178125 0.2999601356847917
1 0.14140625 0.16131703753924254 0.1734375 0.2169019742194025
1 0.015625 0.40941262155129754 0.03125 0.2563252431025951
1 0.78203125 0.5589532711424409 0.190625 0.2943652329258297
1 0.859375 0.2794129353213635 0.1890625 0.28803334577069994
1 0.5546875 0.11110119007106192 0.1875 0.17388895861557022
1 0.6 0.3025384175698247 0.2015625 0.304313443011738
1 0.934375 0.7934997687675915 0.13125 0.2990660210308992
1 0.67890625 0.10511121890387717 0.1734375 0.14815197421940246
1 0.728125 0.28972191429046434 0.1875 0.2910764586155702
1 0.71171875 0.8185495991616019 0.2 0.29954405585660815
1 0.75234375 0.9667835447753319 0.1640625 0.06643291044933619
1 0.796875 0.10504369911617346 0.184375 0.13622518430531075
1 0.96953125 0.517998479758011 0.0609375 0.2781935990500603
1 0.88203125 0.10325654907074493 0.0984375 0.11922139077317437
1 0.928125 0.2673909701470726 0.1 0.27086577792830424
0 0.29921875 0.9799442068065479 0.0421875 0.04011158638690411