1 0.96171875 0.8859375 0.0765625 0.228125
1 0.96953125 0.371875 0.0609375 0.25625
1 0.96484375 0.62734375 0.0703125 0.2796875
1 0.87890625 0.128125 0.12109375 0.24375
1 0.97109375 0.12734375 0.0578125 0.2484375
1 0.73515625 0.61953125 0.1328125 0.26796875
1 0.88359375 0.00234375 0.11953125 0.00390625
1 0.7234375 0.871875 0.13203125 0.25
1 0.96640625 0.0015625 0.0671875 0.003125
1 0.64296875 0.121875 0.1234375 0.2421875
1 0.8625 0.8734375 0.134375 0.24453125
1 0.87265625 0.36875 0.1265625 0.25234375
1 0.7484375 0.3640625 0.12734375 0.253125
1 0.63203125 0.3609375 0.1203125 0.25078125
1 0.8703125 0.621875 0.1328125 0.26796875
1 0.396875 0.3578125 0.12890625 0.25078125
1 0.48203125 0.86484375 0.134375 0.25859375
1 0.75625 0.1234375 0.12578125 0.240625
1 0.76640625 0.00234375 0.1265625 0.00390625
1 0.62578125 0.6125 0.12890625 0.265625
1 0.6546875 0.00234375 0.11640625 0.00390625
1 0.61015625 0.8671875 0.13125 0.253125
1 0.4890625 0.609375 0.1359375 0.2640625
1 0.359375 0.859375 0.13828125 0.26328125
1 0.23984375 0.8578125 0.13671875 0.26640625
1 0.28671875 0.1203125 0.1265625 0.23984375
1 0.15234375 0.5984375 0.12890625 0.253125
1 0.51171875 0.3578125 0.1265625 0.2484375
1 0.42109375 0.00234375 0.12265625 0.00390625
1 0.275 0.35625 0.1234375 0.2484375
1 0.38125 0.60703125 0.1328125 0.25859375
1 0.0609375 0.35 0.121875 0.24375
1 0.4171875 0.12109375 0.128125 0.2421875
1 0.071875 0.1203125 0.12265625 0.23984375
1 0.5328125 0.12109375 0.1203125 0.240625
1 0.1640625 0.35390625 0.13046875 0.246875
1 0.265625 0.60390625 0.13515625 0.25390625
1 0.1859375 0.1203125 0.11953125 0.23984375
1 0.05078125 0.5984375 0.10078125 0.25078125
1 0.09296875 0.00390625 0.11640625 0.0078125
1 0.13515625 0.8515625 0.13515625 0.26796875
1 0.3078125 0.00390625 0.1296875 0.0078125
1 0.2015625 0.00390625 0.11953125 0.0078125
0 0.75234375 0.5921875 0.040625 0.059375
0 0.87734375 0.6140625 0.05078125 0.06328125