1 0.8629774131118273 0.05344174267332955 0.2415798262236546 0.09824764422102228
1 0.3632504288968429 0.05522032776785189 0.25756884727034207 0.10458854781181845
1 0.6107701710043351 0.05431739968197129 0.27466534200867015 0.10312604176169424
1 0.018430023536348983 0.15552329215447772 0.02575740514873238 0.12042158430895541
1 0.865494739335482 0.1502985619551703 0.25873650512049756 0.15145445745273883
1 0.6210544945971538 0.15043842075921016 0.28015647881213823 0.14376922247985352
1 0.3714185156438412 0.15523396330647132 0.2644404735504665 0.1421158188890573
1 0.028698936577589134 0.27819772287263694 0.03246243145709162 0.12827044574527385
1 0.8736110762236546 0.2737587878528694 0.25277784755269084 0.15145445745273883
1 0.13414602879802084 0.15775847872636942 0.2455084630271227 0.13888173458010195
1 0.12569722099021766 0.06633404800821018 0.24663134727034203 0.10452491529826113
1 0.012461473621053586 0.06645624697493789 0.022010778868608003 0.08291249394987579
1 0.14515839448421436 0.26637949980360826 0.24550846302712276 0.13888173458010192
1 0.6401285312170952 0.3840639870159889 0.2795040314288567 0.15938513212077385
1 0.38091388396087067 0.26462714402463056 0.26489549985882566 0.14992831888905728
1 0.6301326339608707 0.2660770562978296 0.27739549985882556 0.15000104176169424
1 0.03562304174043894 0.38367101805217674 0.03375191567207607 0.12359203610435347
1 0.1719007179358587 0.5109834726762452 0.2448560156438412 0.15449764422102225
1 0.39343554174043893 0.38575271028140923 0.26186150512049744 0.15147263817089804
1 0.16025131541796228 0.39142495159900637 0.2458724840738101 0.14513173458010184
1 0.05171629152867744 0.606345448770336 0.03751395250377902 0.1345477168225127
1 0.044981902164960605 0.49072044877033605 0.040456941980435326 0.1314408975406721
1 0.650624957412515 0.5106446677341481 0.27463452090551305 0.15623286104353512
1 0.18121407572954445 0.6172516533944045 0.2429294945971538 0.1482385538619427
1 0.4036134495200073 0.5068646409995685 0.2649865051204975 0.15149081888905727
1 0.8769327682746771 0.387830378211949 0.24613446345064566 0.15147263817089804
1 0.660939373084591 0.6341003484523073 0.27536256299888784 0.1687328610435351
1 0.1964890071866361 0.7454221051898025 0.24512903142885678 0.15918514422102223
1 0.06437445720075351 0.7298147650271146 0.032644441980435326 0.13139544574527395
1 0.41637032572954447 0.618619752435887 0.2588275103821694 0.15301695745273883
1 0.43228999929412837 0.7444509994108248 0.25633954721387225 0.16393627673457942
1 0.2014865913027985 0.8446363100102626 0.24503802616718495 0.15762264422102215
1 0.07786708077945478 0.840793171642973 0.0396224840738101 0.1439318071815922
1 0.670017512448308 0.7497389839909268 0.2703110419522005 0.1624555899662962
1 0.08635368594230461 0.9461528373340176 0.028154363055357567 0.1076943253319648
1 0.6802941307653374 0.8591367098886258 0.27232856826055957 0.1702771803253757
1 0.8805047247952972 0.5159735589301082 0.2389905504094056 0.1624464996072165
1 0.6838734280497969 0.9451953670936593 0.27061487884037305 0.1096092658126814
1 0.44050358867196254 0.8452458849494441 0.262225526167185 0.15772263817089813
1 0.8863294260542455 0.6363133300073471 0.227341147891509 0.16400899960721665
1 0.20979118594230464 0.9461982891294156 0.24377936305535766 0.10760342174116885
1 0.4410411859423046 0.9468664305217676 0.2469043630553575 0.10626713895646489
1 0.8972122600998207 0.9472553751868868 0.2055754798003587 0.0921249092481368
1 0.8873983733669398 0.7597371944687277 0.2252032532661204 0.17653627068445524
1 0.8937085575254546 0.8761616251868869 0.2125828849490909 0.19056240924813678