1 0.0890625 0.828125 0.13359375 0.2578125
1 0.08671875 0.971875 0.1359375 0.05625
1 0.2140625 0.8265625 0.1390625 0.25859375
1 0.34375 0.8234375 0.1375 0.26640625
1 0.21171875 0.97421875 0.1390625 0.0515625
1 0.0125 0.825 0.025 0.24765625
1 0.0109375 0.971875 0.021875 0.05625
1 0.090625 0.58515625 0.13203125 0.2390625
1 0.015625 0.58671875 0.03125 0.2359375
1 0.2125 0.58125 0.1390625 0.240625
1 0.34140625 0.575 0.13515625 0.24921875
1 0.48359375 0.81953125 0.1421875 0.26953125
1 0.484375 0.9703125 0.1421875 0.059375
1 0.46796875 0.5703125 0.14140625 0.24765625
1 0.0890625 0.33359375 0.13203125 0.240625
1 0.209375 0.32734375 0.13828125 0.24296875
1 0.0140625 0.33671875 0.028125 0.23984375
1 0.34375 0.97421875 0.1390625 0.0515625
1 0.61953125 0.96796875 0.1546875 0.0640625
1 0.33828125 0.31875 0.13671875 0.253125
1 0.6125 0.80390625 0.14921875 0.26875