1 0.9578125 0.9408218260945379 0.084375 0.07629690637700648
1 0.9375 0.792101043077851 0.125 0.2768634724103801
1 0.80703125 0.5712009656245168 0.18125 0.27981140999505116
1 0.846875 0.8107890880803256 0.1765625 0.27956574852966193
1 0.853125 0.9611172605712204 0.1421875 0.07776547885755924
1 0.91875 0.5536183972162941 0.1625 0.2788287641334943
1 0.76640625 0.3221968995911433 0.1796875 0.27816702283992145
1 0.5984375 0.8462065304146951 0.178125 0.2796476356847918
1 0.97578125 0.54098227837853 0.0484375 0.2572260018090223
1 0.73125 0.9716774236762898 0.1359375 0.05664515264742036
1 0.4703125 0.8627450797146121 0.1765625 0.27450984057077576
1 0.90546875 0.0958911063976912 0.0484375 0.09941350180902231
1 0.9484375 0.27314300316375945 0.0625 0.25483798620519005
1 0.715625 0.8296918170494262 0.175 0.27948386137453207
1 0.6109375 0.9788873971047526 0.15 0.042225205790494866
1 0.88359375 0.30490093622587466 0.1734375 0.27783947421940247
1 0.6359375 0.344265572137809 0.1703125 0.2729881999091429
1 0.678125 0.5902265253263124 0.18125 0.2766864099950512
1 0.84140625 0.11284623303737137 0.1703125 0.14642569990914295
1 0.54765625 0.6115139478729781 0.171875 0.26994508706427267
1 0.51484375 0.36916931761525323 0.1734375 0.2669019742194024
1 0.43515625 0.629836822703636 0.175 0.2701088613745323
1 0.4 0.38815061171321646 0.1703125 0.266738199909143
1 0.48671875 0.991359741632257 0.1421875 0.017280516735485918
1 0.353125 0.9980357875392425 0.140625 0.003928424921515017
1 0.7234375 0.11994500282507511 0.16875 0.17290631275401322
1 0.29296875 0.4098850915868285 0.175 0.26854636137453214
1 0.32421875 0.6482415846894235 0.16875 0.26821881275401316
1 0.34453125 0.8754647467206397 0.1765625 0.2490705065587207
1 0.5953125 0.13198025610443548 0.1625 0.2100787641334942
1 0.12265625 0.8895095573269464 0.1515625 0.22098088534610733
1 0.2375 0.8827958898686632 0.178125 0.2344082202626737
1 0.06171875 0.2321407926276252 0.1234375 0.2580315852552504
1 0.2484375 0.17005130766563054 0.175 0.2607338613745322
1 0.3703125 0.1545635057657512 0.165625 0.25711753844375373
1 0.48828125 0.13808973597804747 0.1640625 0.2335981512886239
1 0.14921875 0.20547647331489133 0.1671875 0.2571994255988835
1 0.1734375 0.4356519742194024 0.1671875 0.2681369255988834
1 0.2046875 0.6677584673219974 0.16875 0.26821881275401316
1 0.075 0.4570555834462281 0.15 0.2547361668924562
1 0.08828125 0.679626624264831 0.165625 0.2633675384437538
1 0.0453125 0.1015934774987628 0.090625 0.059436954997525604
1 0.13125 0.07797227103089915 0.1109375 0.04331398801421238
1 0.2375 0.060103097579722285 0.1234375 0.04240658525525041
0 0.52265625 0.984731283355371 0.0640625 0.030537433289257974
0 0.58359375 0.5649598524409624 0.046875 0.06808161465389251
0 0.3375 0.6231563755080265 0.0609375 0.08600609905006032
0 0.93984375 0.6437863738105458 0.0390625 0.03954717887824373