1 0.44765625 0.31015625 0.11796875 0.184375
1 0.18203125 0.31328125 0.10390625 0.18046875
1 0.34921875 0.13125 0.1 0.18125
1 0.3578125 0.31328125 0.1 0.18203125
1 0.17578125 0.134375 0.09375 0.17734375
1 0.25234375 0.13359375 0.10078125 0.18125
1 0.08359375 0.1375 0.10078125 0.17890625
1 0.53203125 0.11875 0.10390625 0.18828125
1 0.09296875 0.50390625 0.1015625 0.2
1 0.44296875 0.125 0.10546875 0.1796875
1 0.26953125 0.31171875 0.0984375 0.17734375
1 0.1859375 0.49296875 0.10234375 0.196875
1 0.09140625 0.31640625 0.0984375 0.18203125
1 0.2734375 0.48984375 0.10234375 0.190625
1 0.09453125 0.6953125 0.1109375 0.21328125
1 0.184375 0.69765625 0.10625 0.2109375
1 0.1875 0.8890625 0.10546875 0.2078125
1 0.36328125 0.48515625 0.09453125 0.1953125
1 0.29140625 0.68515625 0.1109375 0.20390625
1 0.1015625 0.88828125 0.11875 0.2078125
1 0.54453125 0.30703125 0.1140625 0.20234375
1 0.4578125 0.49453125 0.1125 0.2140625
1 0.5578125 0.49453125 0.1109375 0.20625
1 0.378125 0.68828125 0.10703125 0.21953125
1 0.47578125 0.69296875 0.125 0.225
1 0.575 0.68828125 0.10703125 0.215625
1 0.2921875 0.89375 0.12265625 0.2125
1 0.39296875 0.88984375 0.11640625 0.2203125
1 0.4828125 0.89140625 0.10078125 0.21640625
1 0.58359375 0.88984375 0.11328125 0.2203125
1 0.0015625 0.8953125 0.003125 0.20859375
0 0.38515625 0.72109375 0.0421875 0.05625
0 0.09765625 0.29921875 0.03125 0.05625
0 0.1671875 0.0609375 0.0359375 0.0265625
0 0.52421875 0.05625 0.034375 0.028125
0 0.434375 0.05234375 0.0328125 0.028125
0 0.34609375 0.06015625 0.0296875 0.0203125
0 0.25546875 0.06328125 0.02890625 0.03359375
0 0.21484375 0.78125 0.02890625 0.0375