1 0.7827869188130201 0.8062187638600513 0.23611672094004205 0.3143942418957308
1 0.9067025378779269 0.8160803402954675 0.1865949242441463 0.2775620998305907
1 0.7606363591112246 0.9368086112009806 0.177292840343633 0.053942589307246894
1 0.5044704890302651 0.7589544399142968 0.2387437539567289 0.3347977471574026
1 0.8359307717082677 0.5343367876081618 0.22994860809517198 0.3155927208490433
1 0.9301289925367682 0.5582531587677886 0.13974201492646365 0.304868052475544
1 0.20284935605900692 0.6707311870011121 0.24688380257724782 0.3415027734657617
1 0.34029512437637266 0.7214984844973331 0.2403062539567289 0.33488875241907434
1 0.544008865331261 0.4667067557557821 0.22789478516439346 0.3061267155873715
1 0.17065208898483666 0.863813329066252 0.19659611827193718 0.15476163666229387
1 0.09434745929293877 0.6339507947947979 0.13874375395672886 0.3289734104104042
1 0.6360004500206846 0.7865572531955334 0.23413814111185866 0.33608723137238705
1 0.6837198185197645 0.5008857927286593 0.22665983378491247 0.3122857103256996
1 0.39372890434084173 0.4401960056146077 0.23126544662978255 0.31099622611071515
1 0.47433368893940814 0.9315420714560929 0.17177318068726616 0.09723756299888783
1 0.3156680178630805 0.8945488476232779 0.18812852103089917 0.14180661035393455
1 0.8746845759829963 0.257023858711319 0.2233710594746527 0.3089786998023559
1 0.0718527408392875 0.8327369052899067 0.06361984396167766 0.14390118942018654
1 0.9526513664629149 0.28074280879602354 0.0946972670741701 0.29672235253201384
1 0.6032366169131408 0.9389233899990014 0.1639673247398008 0.06718604195220053
1 0.7296277035271875 0.22550709015429313 0.22838610809517182 0.3155017155873715
1 0.2614619589542545 0.3985306923333712 0.25099809249133964 0.33083828925077735
1 0.12047511080870532 0.36991141062216576 0.21900446404263713 0.3445521787556685
1 0.5924242746489438 0.19431654528890807 0.23290318973237767 0.3422462261107152
1 0.4505742893482648 0.17086769489361991 0.23980828697341572 0.34173538978723983
1 0.3028427962456698 0.15354295797721237 0.25881059249133964 0.30708591595442475
1 0.16189356965141816 0.13618042370575817 0.23316213930283633 0.27236084741151634
1 0.9798822518090222 0.1032324588242584 0.04023549638195547 0.12920165258848365
1 0.9067556902982045 0.07648721927701493 0.18023413387576923 0.13978908404557525
1 0.7625619549975255 0.054906735848044674 0.16864153663473136 0.10981347169608935
1 0.623755082541717 0.034601212099934185 0.16305327792830404 0.06920242419986837
1 0.4823112109904194 0.023644084398511095 0.17399742198083884 0.04728816879702219