1 0.8409077001450781 0.8956334100493158 0.24032605991206674 0.20873317990136825
1 0.24194802537884721 0.8497476507001803 0.24065331283893307 0.27621924403245296
1 0.8808433954975685 0.6173218847867218 0.23367712587425798 0.4198783373647258
1 0.42699064589035196 0.8682243833545445 0.24061695140261463 0.26355123329091096
1 0.6378554230177149 0.8819698047024074 0.23422150565734084 0.23606039059518516
1 0.9119358768562165 0.24187698945731245 0.17565554761542684 0.3832681280235444
1 0.6942200942679045 0.5987429654280411 0.2555248547970191 0.41544537603436194
1 0.09095069028432487 0.8284255393459539 0.18190138056864974 0.26935107869190783
1 0.744076211165172 0.22117249610117712 0.24446008976990435 0.39344310669954397
1 0.2991666695016736 0.5496118380410435 0.26019417407885986 0.41237492003499837
1 0.4826422448336386 0.5720606447326333 0.2508373547970191 0.4153908320337257
1 0.12874210265571975 0.531196550684272 0.2574842053114395 0.4123931013685439
1 0.3762301810127468 0.19579704205122492 0.2506646379745064 0.3857033320337257
1 0.551961434037809 0.20643619207508745 0.2554521319243822 0.4029453760343621
1 0.07787903942400319 0.17748065734404497 0.1286169211519936 0.35459768801718106
1 0.1754807472695255 0.18799199069063527 0.258413505460949 0.374856738701453