1 0.12265625 0.5140625 0.13671875 0.275
1 0.034375 0.5140625 0.06875 0.271875
1 0.3859375 0.51796875 0.1453125 0.271875
1 0.03125 0.06484375 0.0625 0.1296875
1 0.24296875 0.05703125 0.1390625 0.1140625
1 0.12734375 0.78828125 0.14140625 0.28828125
1 0.5265625 0.51796875 0.15234375 0.2703125
1 0.11796875 0.06484375 0.1359375 0.1296875
1 0.3671875 0.05546875 0.1421875 0.11015625
1 0.37421875 0.2375 0.14140625 0.26328125
1 0.2515625 0.25234375 0.1390625 0.2578125
1 0.27109375 0.7890625 0.15 0.284375
1 0.25 0.51328125 0.1421875 0.27265625
1 0.1234375 0.2546875 0.13671875 0.25546875
1 0.0359375 0.784375 0.071875 0.2875
1 0.0328125 0.25546875 0.065625 0.2515625
1 0.51796875 0.234375 0.146875 0.26640625
1 0.6640625 0.51640625 0.1609375 0.275
1 0.4 0.7859375 0.146875 0.28125
1 0.5 0.053125 0.1421875 0.10625
1 0.6328125 0.04921875 0.1546875 0.0984375
1 0.1328125 0.9625 0.1453125 0.075
1 0.53671875 0.79765625 0.14765625 0.28984375
1 0.034375 0.96015625 0.06875 0.0796875
1 0.66015625 0.2375 0.16015625 0.27265625
1 0.26953125 0.9625 0.1546875 0.075
1 0.6765625 0.7984375 0.16484375 0.28984375
1 0.91875 0.2296875 0.15625 0.2859375
1 0.40859375 0.9625 0.1484375 0.075
1 0.77890625 0.04921875 0.1578125 0.0984375
0 0.29375 0.5484375 0.04765625 0.04765625
1 0.82890625 0.8 0.17109375 0.29296875
1 0.91640625 0.046875 0.1671875 0.09375
1 0.61875 0.9640625 0.29375 0.071875
1 0.790625 0.23671875 0.15859375 0.28046875
1 0.80234375 0.50234375 0.159375 0.27734375