1 0.890625 0.96015625 0.121875 0.0796875
1 0.89765625 0.80546875 0.12265625 0.2296875
1 0.97109375 0.96015625 0.0578125 0.0796875
1 0.79296875 0.58359375 0.125 0.22890625
1 0.7875 0.80625 0.121875 0.23046875
1 0.97421875 0.803125 0.0515625 0.228125
1 0.76640625 0.96015625 0.1265625 0.0796875
1 0.9046875 0.584375 0.11953125 0.2296875
1 0.79921875 0.35390625 0.1234375 0.228125
1 0.5546875 0.80625 0.12109375 0.23046875
1 0.97578125 0.5796875 0.0484375 0.23125
1 0.653125 0.9625 0.11953125 0.075
1 0.43359375 0.80859375 0.12109375 0.2328125
1 0.984375 0.10625 0.03125 0.2125
1 0.984375 0.3328125 0.03125 0.23203125
1 0.66484375 0.80625 0.11875 0.2296875
1 0.5390625 0.9625 0.1328125 0.075
1 0.91015625 0.35234375 0.11875 0.22890625
1 0.6765625 0.3578125 0.11640625 0.22421875
1 0.67265625 0.58515625 0.12578125 0.22578125
1 0.915625 0.12109375 0.1234375 0.2203125
1 0.54921875 0.5875 0.11875 0.22265625
1 0.56171875 0.3640625 0.121875 0.21796875
1 0.4421875 0.5890625 0.12109375 0.22265625
1 0.453125 0.36640625 0.1171875 0.21796875
1 0.42265625 0.9640625 0.1265625 0.071875
1 0.19375 0.9625 0.12265625 0.075
1 0.2984375 0.9625 0.12265625 0.075
1 0.80390625 0.12421875 0.121875 0.21875
1 0.07890625 0.9640625 0.1265625 0.071875
1 0.35234375 0.371875 0.12109375 0.2203125
1 0.33828125 0.5921875 0.11484375 0.22109375
1 0.315625 0.81171875 0.121875 0.22734375
1 0.68359375 0.13984375 0.115625 0.215625
1 0.0984375 0.81640625 0.1140625 0.2390625
1 0.21484375 0.81328125 0.121875 0.22890625
1 0.153125 0.17890625 0.1140625 0.2140625
1 0.35390625 0.15 0.12265625 0.21171875
1 0.4671875 0.1515625 0.1140625 0.209375
1 0.58359375 0.14453125 0.11328125 0.2109375
1 0.25703125 0.16875 0.115625 0.209375
1 0.2390625 0.38046875 0.11328125 0.22109375
1 0.22578125 0.59375 0.11484375 0.22109375
1 0.1390625 0.3859375 0.11171875 0.209375
1 0.1171875 0.58984375 0.1140625 0.21796875
1 0.1703125 0.03828125 0.10390625 0.0765625
1 0.26328125 0.03125 0.10078125 0.06171875
1 0.36484375 0.02890625 0.1140625 0.0578125
1 0.475 0.025 0.115625 0.05
1 0.58203125 0.0203125 0.1109375 0.040625
1 0.68984375 0.01953125 0.1140625 0.0390625
0 0.45625 0.95625 0.05 0.0875
0 0.78203125 0.984375 0.03125 0.03125
0 0.590625 0.55 0.0328125 0.0546875
0 0.35546875 0.57109375 0.04375 0.06953125
0 0.90234375 0.66640625 0.03125 0.028125