1 0.8203358193990351 0.08904356286555484 0.1844216387980701 0.10176829715018096
1 0.946383670858437 0.7719932609656754 0.10723265828312592 0.3108290366347314
1 0.3235461887153446 0.3361952860689045 0.20054901947846523 0.310235894391219
1 0.45201606209213907 0.317950976367109 0.21008766071216733 0.3201022173219975
1 0.9144051935866084 0.5040311550182103 0.17118961282678313 0.3061282485296619
1 0.3927673417168741 0.5903748530067892 0.1957251517837136 0.3021777329258297
1 0.8715415836024946 0.25017581467457717 0.2130762930174157 0.31245349163225705
1 0.39148016233702043 0.11418084520487308 0.18296032467404083 0.19691702283992146
1 0.25418212864850503 0.6104306462002412 0.20194787824476323 0.30094278154634874
1 0.5220866489410445 0.5760777368825586 0.20677174593951478 0.309000943011738
1 0.1259739391223816 0.15178158525525037 0.17323076866768633 0.17611319990914298
1 0.035085886362438076 0.1766786866801599 0.06689894805083536 0.16585737336031983
1 0.9767996481302657 0.921904729758011 0.046400703739468696 0.07975609905006031
1 0.4650725844099782 0.8423744442549335 0.19254560470581286 0.29888895861557013
1 0.1672232398471397 0.989339138964152 0.10046365016215582 0.02132172207169596
1 0.2515027824608135 0.9854262449116173 0.1506545649348082 0.029147510176765222
1 0.5904720048646734 0.8270913602428784 0.2067171988616142 0.30587594301173804
1 0.3287356639552829 0.8550122662254299 0.19090128408896181 0.2899754675491401
1 0.21734419642268699 0.862322937584671 0.18459673701106122 0.2753541248306579
1 0.12479463757695879 0.6208215123244718 0.19561605762791223 0.29592773292582975
1 0.5058493632239343 0.9724869108995623 0.1575864034085665 0.05502617820087537
1 0.37396811768816113 0.9776823439616777 0.15259889448011288 0.0446353120766446
1 0.6275743587597074 0.9668410984842335 0.1766364123370204 0.06631780303153292
1 0.24823472280760167 0.1355534769329359 0.17026940990138842 0.18532442559888343
1 0.11671295088691384 0.8691151701718166 0.12023422808260746 0.26176965965636684
1 0.1856876785690748 0.3531670228399214 0.20046719886161424 0.305548394391219
1 0.057030439119086326 0.6289781710763277 0.09676945454365711 0.2673313421526554
1 0.07964223011120235 0.3593174462910983 0.15197515178371357 0.29988489258219664