1 0.92109375 0.8821925181409853 0.1234375 0.23561496371802937
1 0.93984375 0.5867263169520098 0.1203125 0.39326390507947584
1 0.8609375 0.22303334998430152 0.221875 0.3577480457309815
1 0.81953125 0.5809624118725338 0.221875 0.40774804573098145
1 0.42421875 0.5468452951828273 0.2296875 0.41895836424263583
1 0.7921875 0.8791369508104575 0.215625 0.24172609837908504
1 0.9578125 0.23188504952881459 0.084375 0.34044643992586626
1 0.65546875 0.20179572312779404 0.2375 0.3598561827542901
1 0.62890625 0.5633681401881694 0.2296875 0.4142708642426358
1 0.47109375 0.18988845625275302 0.2203125 0.35456848202865066
1 0.23671875 0.5324851509031246 0.2375 0.42704368275429017
1 0.28359375 0.1802158119730503 0.2421875 0.34908237386128266
1 0.59921875 0.8757540012659444 0.2171875 0.24849199746811124
1 0.07890625 0.5215054669677082 0.1578125 0.4242609339354164
1 0.1015625 0.16995289065150562 0.18125 0.33914188947037927
1 0.38828125 0.8681374195074462 0.2203125 0.26372516098510773
1 0.2015625 0.8570387176006804 0.2421875 0.2834573738612825
1 0.06171875 0.8474677662420689 0.1234375 0.2605605324841377