1 0.0265625 0.6296875 0.053125 0.228125
1 0.0359375 0.971875 0.071875 0.05625
1 0.09375 0.62265625 0.12890625 0.22890625
1 0.03125 0.84375 0.0625 0.23125
1 0.11640625 0.9703125 0.1390625 0.059375
1 0.0890625 0.40390625 0.13203125 0.22578125
1 0.23046875 0.96796875 0.1453125 0.0640625
1 0.10703125 0.8421875 0.128125 0.22890625
1 0.19609375 0.6171875 0.1296875 0.22890625
1 0.19140625 0.403125 0.13671875 0.22578125
1 0.2140625 0.82578125 0.14140625 0.23359375
1 0.68203125 0.96015625 0.1484375 0.0796875
1 0.33828125 0.9640625 0.1484375 0.071875
1 0.31953125 0.6171875 0.13203125 0.23046875
1 0.44453125 0.9625 0.1390625 0.075
1 0.32578125 0.83203125 0.1359375 0.23125
1 0.56796875 0.9546875 0.1515625 0.090625
1 0.4453125 0.8234375 0.1390625 0.23203125
1 0.31015625 0.39765625 0.134375 0.22578125
1 0.17890625 0.1890625 0.1296875 0.2125
1 0.0234375 0.40703125 0.046875 0.2328125
1 0.53515625 0.60546875 0.13828125 0.228125
1 0.0125 0.19453125 0.025 0.21640625
1 0.55078125 0.80390625 0.13671875 0.23125
1 0.78671875 0.95234375 0.1484375 0.0953125
1 0.65703125 0.8 0.1484375 0.2296875
1 0.4234375 0.61015625 0.13671875 0.2265625
1 0.4078125 0.39296875 0.1328125 0.225
1 0.0796875 0.18828125 0.1203125 0.2125
1 0.64140625 0.59921875 0.13828125 0.22734375
1 0.75859375 0.59296875 0.1359375 0.22890625
1 0.77578125 0.79375 0.14609375 0.22421875
1 0.86328125 0.5765625 0.14765625 0.23203125
1 0.0140625 0.04296875 0.028125 0.0859375
1 0.6375 0.38671875 0.1390625 0.22109375
1 0.88984375 0.7984375 0.14375 0.2296875
1 0.89453125 0.946875 0.1421875 0.10625
1 0.52890625 0.390625 0.13515625 0.22421875
1 0.94921875 0.5671875 0.10078125 0.2359375
1 0.3 0.18359375 0.12578125 0.21171875