1 0.12421875 0.71328125 0.1375 0.27890625
1 0.24296875 0.02578125 0.1390625 0.0515625
1 0.24921875 0.17578125 0.1390625 0.2609375
1 0.03125 0.175 0.0625 0.25625
1 0.371875 0.1734375 0.13984375 0.26171875
1 0.0359375 0.7078125 0.071875 0.275
1 0.3671875 0.0234375 0.1359375 0.046875
1 0.38828125 0.72109375 0.14453125 0.275
1 0.53046875 0.7234375 0.1515625 0.278125
1 0.03125 0.02578125 0.0625 0.0515625
1 0.11953125 0.175 0.13515625 0.25390625
1 0.253125 0.71328125 0.14140625 0.27734375
1 0.4953125 0.021875 0.1390625 0.04296875
1 0.12265625 0.4328125 0.134375 0.265625
1 0.378125 0.4359375 0.14609375 0.27421875
1 0.11328125 0.02578125 0.1328125 0.0515625
1 0.0328125 0.428125 0.065625 0.26875
1 0.5234375 0.43828125 0.14921875 0.2796875
1 0.50859375 0.16953125 0.13984375 0.265625
1 0.6265625 0.01953125 0.1546875 0.0390625
1 0.25859375 0.925 0.1453125 0.14921875
1 0.66640625 0.7234375 0.15859375 0.28203125
1 0.25546875 0.446875 0.13828125 0.26484375
1 0.12578125 0.92265625 0.1453125 0.1546875
1 0.646875 0.16875 0.15078125 0.27109375
1 0.0359375 0.9125 0.071875 0.165625
1 0.784375 0.16640625 0.159375 0.27265625
1 0.790625 0.43515625 0.15390625 0.28828125
1 0.92265625 0.43515625 0.1484375 0.290625
1 0.39375 0.9203125 0.14140625 0.15390625
1 0.65078125 0.44296875 0.159375 0.28203125
1 0.91953125 0.1671875 0.1609375 0.271875
1 0.90234375 0.01796875 0.1828125 0.03515625
1 0.76484375 0.015625 0.1484375 0.03125
1 0.534375 0.92734375 0.1484375 0.1453125
1 0.86875 0.93125 0.24921875 0.1375
0 0.29609375 0.753125 0.05078125 0.05
1 0.678125 0.92890625 0.1578125 0.14140625
0 0.390625 0.45078125 0.05859375 0.06640625
0 0.25546875 0.24140625 0.059375 0.065625
0 0.0140625 0.37421875 0.028125 0.06328125