1 0.4744865863869042 0.26389473462710084 0.3617165072360892 0.2039794239901033
1 0.46811267639185294 0.4450538064138555 0.3606453301668678 0.2133089598834806
1 0.1430705693127339 0.26445364192415666 0.2861411386254678 0.19609271615168672
1 0.15275650780191613 0.10179451755097726 0.30551301560383226 0.19328596489804548
1 0.8155696890550092 0.10111307287579367 0.357438443011738 0.20222614575158734
1 0.4743238913390012 0.09441810665759993 0.3631152329258297 0.18883621331519987
1 0.1398836143152083 0.4480019278175339 0.2797672286304166 0.2008711443649321
1 0.459640677862191 0.6215935743605441 0.36746854025277603 0.22442831630997126
1 0.8068077634561256 0.26358587991646976 0.36171650723608917 0.20397942399010321
1 0.8053670149264637 0.43992105938335635 0.35094278154634884 0.20678617524374449
1 0.13967669578307193 0.6298967854976659 0.27935339156614386 0.2214109648980454
1 0.7990749920865422 0.6195176311701109 0.3458392017181652 0.22847931881725375
1 0.13360820160662362 0.9273939111244864 0.26721640321324724 0.1448484648980454
0 0.5175106473318951 0.1425138281214678 0.06733798620519008 0.06436402837152992
1 0.7887981541177583 0.8156113811701109 0.34624863749381396 0.23629181881725395
1 0.13909962403971804 0.7984876611244867 0.2781992480794361 0.21685985721791354
1 0.4354208485998344 0.8009317333734595 0.37051165309764633 0.2229567445232167