1 0.96796875 0.98515625 0.0640625 0.0265625
1 0.87734375 0.9859375 0.11328125 0.02734375
1 0.54609375 0.98828125 0.11328125 0.0234375
1 0.44140625 0.98828125 0.11953125 0.0234375
1 0.6578125 0.98828125 0.11640625 0.0234375
1 0.76328125 0.98828125 0.1265625 0.0234375
1 0.340625 0.98984375 0.11328125 0.01953125
0 0.3421875 0.9921875 0.028125 0.015625
0 0.45078125 0.9859375 0.03125 0.02734375
0 0.55546875 0.98828125 0.025 0.0234375
0 0.6640625 0.9859375 0.028125 0.02734375
0 0.77265625 0.9859375 0.03125 0.02734375
0 0.88359375 0.9859375 0.025 0.02734375
0 0.9890625 0.98203125 0.021875 0.02734375