1 0.24296875 0.903125 0.1390625 0.19375
1 0.3671875 0.89921875 0.1359375 0.20078125
1 0.03125 0.90703125 0.0625 0.1859375
1 0.4953125 0.89375 0.1390625 0.2125
1 0.11328125 0.90703125 0.1328125 0.1859375
1 0.028125 0.46171875 0.05625 0.2484375
1 0.0296875 0.69609375 0.059375 0.2359375
1 0.23828125 0.690625 0.134375 0.25078125
1 0.35625 0.68359375 0.13359375 0.25234375
1 0.11171875 0.69609375 0.125 0.2421875
1 0.6265625 0.89140625 0.1546875 0.21640625
1 0.1078125 0.45859375 0.125 0.24375
1 0.4890625 0.67265625 0.1421875 0.2609375
1 0.025 0.2359375 0.05 0.228125
1 0.10234375 0.23046875 0.12890625 0.2296875
1 0.2234375 0.45390625 0.13828125 0.2421875
1 0.6140625 0.66640625 0.14921875 0.25859375
1 0.3515625 0.44453125 0.134375 0.24296875
1 0.47265625 0.434375 0.14296875 0.246875
1 0.90234375 0.8859375 0.1828125 0.228125
1 0.74765625 0.66171875 0.1484375 0.26015625
1 0.76484375 0.8875 0.1484375 0.22421875
1 0.2296875 0.21484375 0.14140625 0.2453125
1 0.89765625 0.65703125 0.19609375 0.26796875
1 0.34765625 0.20859375 0.1328125 0.24296875
1 0.59921875 0.425 0.146875 0.2578125
1 0.7375 0.403125 0.1484375 0.25546875
1 0.46796875 0.2015625 0.14765625 0.23203125
0 0.353125 0.93828125 0.05703125 0.078125
1 0.60546875 0.18828125 0.096875 0.20234375
1 0.85234375 0.17421875 0.121875 0.20234375
1 0.8734375 0.4109375 0.11953125 0.2359375