1 0.8820891778313122 0.3821251775194474 0.2135746182780182 0.3353996687014785
1 0.7632321699734295 0.40706986657445654 0.21520989288512418 0.33704405585660824
1 0.62435376054397 0.43720002261277885 0.2231679420993359 0.34057849163225706
1 0.49601259077542836 0.4593096387370094 0.2296362659206535 0.34559354025277605
1 0.8278577119489308 0.6902408926937383 0.21513711827801849 0.3354815558566081
1 0.8238442224974101 0.15228386928798998 0.20393844499482006 0.22890400723608922
1 0.9215989799410081 0.6649277114406453 0.15680204011798365 0.3280851356847917
1 0.4298973234070328 0.17761922546259787 0.2254196468140656 0.3219922659425165
1 0.1668047036767632 0.8331588593961679 0.21542821670644177 0.3336822812076644
1 0.7026241939613628 0.15995917118786934 0.2052483879227255 0.2570290072360892
1 0.6897605525194714 0.7204119923096256 0.2278554420993359 0.34082415309764613
1 0.10586708787994423 0.5495296884891822 0.17665681513486522 0.3459343769783644
1 0.05724753556536061 0.2586247274987628 0.1063443151348652 0.34224945499752557
1 0.5648354811793532 0.7489353827441156 0.2278554420993359 0.34082415309764613
1 0.5557684646395271 0.1694083350281078 0.2146619292790543 0.291813443011738
1 0.8798697839082216 0.9030198165414 0.17584767824559683 0.19396036691720014
1 0.7361219379609975 0.9173462491512596 0.19274407981717356 0.16530750169748068
1 0.9563464691876412 0.8843704302329808 0.08730706162471762 0.19232469810012062
1 0.6192811943711384 0.9299618962002413 0.1858391083532208 0.1400762075995175
1 0.21163566831629038 0.9732228160333737 0.17300516046291675 0.053554367933252675
1 0.9892766315125847 0.6450523026887895 0.02144673697483057 0.29908595318850323
1 0.9562371914801634 0.36944147105158376 0.08752561703967317 0.30968261646291484