1 0.6382203808385464 0.9286084578196109 0.25461851581733086 0.08671671174404309
1 0.38592571038231094 0.9582939195636537 0.26272017589344293 0.05590335938667792
1 0.842134536997507 0.5744538430562491 0.2738380425090764 0.21393418320799568
1 0.6007627790888416 0.6231247452469983 0.2732013725471326 0.19830918320799568
1 0.35298185368969015 0.6759929958661708 0.27951503954332696 0.20016278163641915
1 0.1236756388029834 0.7343835004142848 0.2473512776059668 0.17556088792272534
1 0.959401585932374 0.337401145165945 0.0511061966536893 0.14429796360606986
1 0.8194795814837498 0.3649718351983663 0.2815232085166876 0.211173056243525
1 0.5748236560845984 0.4176945366033271 0.2794513725471326 0.19860028163641913
1 0.32238706418354424 0.4699998610438172 0.28289470752810447 0.2065583308506309
1 0.1081149530422992 0.5312606544670607 0.2162299060845984 0.1937286910658786
1 0.5465089495822582 0.21315473987031477 0.2859560405319101 0.2051413800648426
1 0.2981059416735927 0.26215312779304023 0.27677204152049334 0.2093922324222075
1 0.09363064178732344 0.32041519975233096 0.1872612835746469 0.18729460049533805
1 0.5270134861598356 0.056309850290450256 0.26472302768032885 0.11261970058090051
1 0.2805868137264337 0.08489723076957763 0.2849373685927999 0.16979446153915526
1 0.08638582756659816 0.133424622002072 0.1727716551331963 0.173775755995856