1 0 0.9759705515625001 0.059926625 0.9791159687500001 0.0714270609375 0.91144461875 0 0.9089615203125 0 0.9759705515625001
1 0.3585269515625 0.9947888484374999 0.3720310953125 0.9217346734375 0.0795873140625 0.908014278125 0.065527325 0.9794099375 0.3585269515625 0.9947888484374999
1 0.6473741093750001 1 0.6639012921874999 0.930495771875 0.3745267203125 0.9219127234375 0.35893796093749997 0.994810421875 0.45781000625 1 0.6473741093750001 1
1 0.9353583000000001 1 0.9492641796875001 0.9388800156249999 0.664287640625 0.9270985515625 0.649686834375 1 0.9353583000000001 1
1 0 0.8642859390625001 0.0644460515625 0.8671918968749999 0.0929577375 0.743611571875 0 0.7394995125 0 0.8642859390625001
1 0.36622257812500003 0.8733025062499999 0.392389628125 0.7551224000000001 0.0937860765625 0.74571378125 0.06859594062499999 0.86345695 0.36622257812500003 0.8733025062499999
1 0.6581573421875 0.8850315656250001 0.6847844296875001 0.76595211875 0.3946510703125 0.7477884875 0.36570594375 0.8697931890625 0.6581573421875 0.8850315656250001
1 0.9619813234375 0.7963792640625 0.9638789031250001 0.7730974578125 0.6865740609375 0.7601992531249999 0.650650425 0.87865545625 0.9381224796875 0.8860504562499999 0.9619813234375 0.7963792640625
1 0 0.690142 0.09628459843750001 0.6950942203125 0.1234712640625 0.5708502546875 0 0.5657779406250001 0 0.690142
1 0.388691978125 0.7002189640625 0.4140060140625 0.581582340625 0.10850090937500001 0.568576321875 0.088796015625 0.69028370625 0.388691978125 0.7002189640625
1 0.6737786140625001 0.7178118375 0.697558140625 0.5975006203125 0.41224929374999997 0.5848723390624999 0.38956551093749997 0.7012294781249999 0.6737786140625001 0.7178118375
1 0.9702543859375 0.6948752859375 0.977650659375 0.6041288312499999 0.7029876046875 0.5896153734375 0.6803349015625 0.7113209687500001 0.9638419609375 0.7312837671875 0.9702543859375 0.6948752859375
1 0 0.5157620125 0.1153588046875 0.520514884375 0.1363257453125 0.3970208796875 0 0.390374290625 0 0.5157620125
1 0.4050056625 0.5344413984374999 0.43281557812499993 0.4113242171875 0.13328598281249998 0.3962672375 0.1111381765625 0.518134621875 0.4050056625 0.5344413984374999
1 0.6933266 0.5465513421875 0.7198078796875 0.4237996953125 0.426257684375 0.40915067812499994 0.40495188125 0.5348326765625 0.6933266 0.5465513421875
1 0.6899124234375 0.5498543359375 0.9768382499999999 0.5638615546875 0.9838497859374999 0.5280704 0.9850705203125001 0.513092959375 0.987214665625 0.43940344375 0.719293178125 0.42313153281250004 0.6899124234375 0.5498543359375
1 0 0.3485799703125 0.1283107265625 0.35555577031249996 0.15813126718749998 0.23040742343749998 0.0073399640625 0.22302676250000003 0 0.3130823578125 0 0.3485799703125
1 0.42018030624999997 0.370423365625 0.4531913375 0.2444166328125 0.14879450624999999 0.2314187875 0.124028634375 0.35186043125 0.42018030624999997 0.370423365625
1 0.7160645796875 0.3867633578125 0.7428114203125 0.259724284375 0.44855325312499994 0.2415594453125 0.4178929421875 0.369234228125 0.7160645796875 0.3867633578125
1 0.718337284375 0.3829875796875 0.9882740312499999 0.40299541874999995 0.9920300687499999 0.2739087953125 0.74826815625 0.2597159140625 0.718337284375 0.3829875796875
1 0.73183181875 0.21377101718749997 0.9932736890625 0.231168334375 0.9968717015624999 0.10751262343750001 0.7663916203125 0.0949046578125 0.73183181875 0.21377101718749997
1 0.44719323749999995 0.1959106390625 0.4492765890625 0.1961929296875 0.733570021875 0.212305796875 0.7688703609374999 0.0912929796875 0.4701474671875 0.0783138765625 0.44719323749999995 0.1959106390625
1 0.17502196875 0.0582876546875 0.1488165984375 0.1812556984375 0.44548337499999996 0.191823634375 0.47530619218750003 0.07591980781249999 0.17502196875 0.0582876546875
1 0.0113212921875 0.1741789859375 0.15192462812500002 0.1834430078125 0.1747532640625 0.05578165 0.0216530921875 0.047415903125 0.0113212921875 0.1741789859375