1 0.0421875 0.98984375 0.084375 0.0203125
1 0.1875 0.98828125 0.2125 0.0234375
1 0.396875 0.98984375 0.2 0.0203125
1 0.6015625 0.98828125 0.209375 0.0234375
1 0.80625 0.98828125 0.20625 0.0234375
1 0.9546875 0.9859375 0.090625 0.02734375
1 0.40625 0.0546875 0.20625 0.109375
1 0.61796875 0.06171875 0.2125 0.11640625
1 0.04375 0.3453125 0.0875 0.11328125
1 0.1953125 0.3484375 0.21484375 0.13203125
1 0.40234375 0.35390625 0.20078125 0.1203125
1 0.60859375 0.35546875 0.20625 0.12109375
1 0.81796875 0.3515625 0.21171875 0.109375
1 0.9625 0.35390625 0.075 0.1203125
1 0.0453125 0.5234375 0.090625 0.1171875
1 0.19765625 0.52578125 0.20703125 0.13046875
1 0.4015625 0.52734375 0.20703125 0.1203125
1 0.6109375 0.53046875 0.20859375 0.12578125
1 0.815625 0.5234375 0.20390625 0.11875
1 0.95859375 0.525 0.08203125 0.125
1 0.40078125 0.7 0.2109375 0.12421875
1 0.6078125 0.70546875 0.20234375 0.12890625
1 0.8171875 0.7 0.20625 0.115625
1 0.9609375 0.6984375 0.078125 0.11875
1 0.39765625 0.875 0.19921875 0.1265625
1 0.60390625 0.875 0.21484375 0.1296875
1 0.81171875 0.86875 0.2109375 0.12109375
1 0.95859375 0.871875 0.0828125 0.11875