1 0.06537269448207603 0.027983758891340155 0.09949538896415207 0.05451202564056316
1 0.06900338478028056 0.1567444596771284 0.11730476594251651 0.2158861732831983
1 0.07504310210227805 0.36121363585581084 0.12191037878738675 0.21454199710451585
1 0.08202784373453506 0.5688441993380462 0.115906040252776 0.2189383986760925
1 0.08913541609948669 0.7788185128202816 0.10833920171816527 0.22326202564056316
1 0.08955257519002674 0.9354858897847522 0.08657266508343386 0.10534677956950453
1 0.2271323880596409 0.0362971807267964 0.1323897761192818 0.05760279238978616
1 0.23405185266810494 0.1683284307267964 0.15184354025277597 0.22061221463952715
1 0.2346637635676673 0.37332414578060835 0.14147925033868428 0.23104029238978613
1 0.2371657230877487 0.5846426354415261 0.137781040252776 0.21995724317557439
1 0.24024421472000568 0.7920912624059968 0.141233588873295 0.22635279238978612
1 0.24382731738811061 0.9475332025431167 0.13665455223856365 0.10493359491376672
1 0.39929399310259506 0.04977113750844071 0.12358798620519007 0.06810364474715103
1 0.4038287641334942 0.1809119755977819 0.14419481456303557 0.22337334160399788
1 0.4041540699901024 0.3804389406515939 0.14707415309764618 0.21883139081820957
1 0.41138447308774867 0.5927570041338293 0.14715604025277607 0.22039389081820956
1 0.41466768260783005 0.8041118810982999 0.14090604025277603 0.2201027923897861
1 0.41278203527593504 0.9527076809339388 0.1305683265488231 0.09458463813212248
1 0.5675084045679843 0.062281907772320386 0.12095430913596861 0.0773330955329393
1 0.5730700870642728 0.19814663316521453 0.13539966870147851 0.20425946856846858
1 0.5759029172311404 0.40090776012968526 0.14115170171816516 0.22479029238978612
0 0.023431935209821876 0.20917594685684687 0.0069803403436330515 0.04396832382131759