1 0.1546875 0.06328125 0.2015625 0.11953125
1 0.365625 0.0625 0.21484375 0.125
1 0.575 0.06171875 0.20703125 0.1234375
1 0.025 0.353125 0.05 0.12890625
1 0.15546875 0.35546875 0.20859375 0.13359375
1 0.36640625 0.35625 0.21015625 0.12421875
1 0.57578125 0.35546875 0.2140625 0.1296875
1 0.03125 0.528125 0.06171875 0.121875
1 0.16171875 0.53203125 0.20234375 0.1296875
1 0.3640625 0.53203125 0.2140625 0.121875
1 0.57421875 0.52890625 0.21484375 0.12421875
1 0.0328125 0.7015625 0.065625 0.12890625
1 0.16640625 0.70078125 0.20625 0.128125
1 0.36875 0.70078125 0.20859375 0.13046875
1 0.57578125 0.70234375 0.2046875 0.13125
1 0.03046875 0.87265625 0.06015625 0.121875
1 0.165625 0.87421875 0.21015625 0.1234375
1 0.375 0.87578125 0.20859375 0.12734375
1 0.58203125 0.87421875 0.20859375 0.12265625
1 0.0328125 0.984375 0.065625 0.03125
1 0.1703125 0.9859375 0.203125 0.02734375
1 0.3703125 0.98828125 0.203125 0.0234375
1 0.575 0.98828125 0.20625 0.0234375
1 0.78125 0.98984375 0.2125 0.0203125
1 0.94375 0.98984375 0.1125 0.0203125
1 0.9421875 0.3453125 0.115625 0.11328125
1 0.9421875 0.5234375 0.115625 0.1171875
0 0.42734375 0.48515625 0.04296875 0.03046875
0 0.52109375 0.65625 0.0515625 0.0375
0 0.42734375 0.83046875 0.03671875 0.03828125
0 0.225 0.98984375 0.04375 0.0203125