1 0.13918977909644575 0.836050608607648 0.23564329796757125 0.20602378278470387
1 0.385675985681221 0.9018154674116878 0.3493420851145898 0.19418737899751584
1 0.6986222665600333 0.9421894407753042 0.34532452335696495 0.10980328863843632
1 0.877079887172289 0.9794389350197676 0.09153428213245363 0.03177724082661797
1 0.1598957695295343 0.6077665273237548 0.29196750580598774 0.2625919453524904
1 0.4386860107540457 0.6827200337666625 0.35097879295300627 0.25043737899751584
1 0.7411865366182931 0.766912184823376 0.3623254699126104 0.2645635115110732
1 0.9239595841901529 0.8182014531701401 0.1149670851145899 0.1928238251355733
1 0.183916976576528 0.3591472201421625 0.3451834340192331 0.26602601756119737
1 0.48520434342786 0.4285001663784156 0.36406982633910107 0.2708226018701528
1 0.799196298758994 0.5048116397420319 0.3653140775927424 0.25989419222923243
1 0.9614161877801568 0.5561645406023535 0.07716762443968647 0.19896474082661797
0 0.4063041051063426 0.48287456987101596 0.08945495658477536 0.06769656010845856
0 0.6693857444567096 0.8235894317001179 0.09427884890464337 0.0724113311856975