0 0.7135568097017955 0.09535715612419973 0.04077548620519007 0.06424659057054057
0 0.44167184362299333 0.06359784967127771 0.02556656603337366 0.04171661910658786
1 0 0.4686023796875 0.01333960625 0.47034935312500004 0.0727194375 0.222701940625 0.030279270312500002 0.217395340625 0 0.35085970781250003 0 0.4686023796875
1 0.079600090625 0 0.031102974999999998 0.21376462499999999 0.075058 0.2164601015625 0.127725303125 0 0.079600090625 0
1 0 0.9258610515625 0.04225755 0.9313951609375 0.0842634109375 0.7364346984375 0 0.729211259375 0 0.9258610515625
1 0 0.7371252296875 0.0900964671875 0.74043068125 0.1493956625 0.48546306250000004 0.0493538453125 0.478333884375 0 0.6800612 0 0.7371252296875
1 0.052909418750000006 0.4738224921875 0.15256756875 0.47797516562500003 0.20990938906249998 0.22935327343749998 0.11055585625 0.22921012968749999 0.052909418750000006 0.4738224921875
1 0.1659616640625 0 0.11303193593750001 0.22462332499999998 0.21463812187500003 0.22558317031250003 0.2634182203125 0 0.1659616640625 0
1 0.1808260984375 0.949542296875 0.22630290312499998 0.7518942671875 0.12883226406249998 0.7464390187500001 0.08315940468750001 0.9367517265625 0.1808260984375 0.949542296875
1 0.1295212515625 0.74622343125 0.23033754687500002 0.7485489546874999 0.2891525765625 0.494159546875 0.188503509375 0.4874665375 0.1295212515625 0.74622343125
1 0.1911475734375 0.4846287046875 0.288679771875 0.4892525140625 0.3461602734375 0.23952145625000001 0.251410909375 0.23912378906249998 0.1911475734375 0.4846287046875
1 0.3034915421875 0 0.246516459375 0.24974409999999997 0.345441165625 0.2482300375 0.4041010140625 0 0.3034915421875 0
1 0.3211380234375 0.967917746875 0.368233715625 0.7641195187500001 0.2650545625 0.7593678109375 0.2166231453125 0.9542303296875 0.3211380234375 0.967917746875
1 0.2658446609375 0.7627933062500001 0.3694284375 0.7638322453125 0.4248362015625 0.5041934765625 0.32507674531249997 0.50519645625 0.2658446609375 0.7627933062500001
1 0.328183615625 0.507600146875 0.42684289687500004 0.5054097093750001 0.483810696875 0.25464008437499996 0.3859220234375 0.24969975 0.328183615625 0.507600146875
1 0.38531663125 0.2499202859375 0.4870229484375 0.251828690625 0.5424736328125 0.0038046265625 0.4434120453125 0.00264434375 0.38531663125 0.2499202859375
1 0.4462142359375 0 0.44463375000000005 0.006636059375 0.5453978125 0.00998013125 0.5476992390625 0 0.4462142359375 0
1 0.40422920468749995 0.7717717890625 0.3591962046875 0.9729019031249999 0.4038478875 0.9787495500000001 0.4642427234375 0.975936615625 0.5062977890625 0.7748009921875 0.40422920468749995 0.7717717890625
1 0.40585154218749997 0.7741041531249999 0.513285846875 0.7752574453125 0.564598165625 0.52335258125 0.461667859375 0.51537884375 0.40585154218749997 0.7741041531249999
1 0.46582557812500003 0.51861144375 0.565605425 0.5261132515625 0.6233332125 0.270455865625 0.5193638953125 0.267405940625 0.46582557812500003 0.51861144375
1 0.5233124265625 0.263475446875 0.622672825 0.2661862390625 0.67836788125 0.022427415625 0.575790009375 0.020216834375 0.5233124265625 0.263475446875
1 0.5818101812500001 0 0.5772193421875 0.0204040234375 0.6763062890625 0.0247498546875 0.6820088984375 0 0.5818101812500001 0
1 0.7228785281250001 0 0.7155541140625 0.034301339062500005 0.8153922203124999 0.036750134375 0.8211771046875 0.0110076953125 0.737124159375 0 0.7228785281250001 0
1 0.818738665625 0.0334219578125 0.7157283046875 0.031883984375 0.6610883234375 0.274374578125 0.7639782171875 0.2764296859375 0.818738665625 0.0334219578125
1 0.7654129953125001 0.278076075 0.656388303125 0.2806748671875 0.6066898296875001 0.5318944078125 0.7071264 0.5339648015625 0.7654129953125001 0.278076075
1 0.7081796859375 0.532884659375 0.6039500203125 0.5324932359375001 0.5444727703125001 0.7883903109375 0.6482486234375 0.7906295578125 0.7081796859375 0.532884659375
1 0.5449627078125 0.7944647359375 0.5033827609375 0.9741136390625 0.6111412796875 0.9690947062499999 0.6502611875000001 0.7933332937500001 0.5449627078125 0.7944647359375
1 0.8897425453125001 0.3054724421875 0.9815209921875001 0.3060247390625 0.9944453187500001 0.05941388125 0.943162653125 0.056499100000000003 0.8897425453125001 0.3054724421875
1 0.9474254875 0.052816973437500005 0.9946323734375 0.055844653125 0.9957837843749999 0.0338744359375 0.9521024421875 0.0281538640625 0.9474254875 0.052816973437500005