0 0.2703125 0.15390625 0.02578125 0.0515625
0 0.2671875 0.2609375 0.0234375 0.0390625
1 0.000285446875 0 0 0.009226815624999999 0 0.2007690109375 0.09594481875000001 0.2088569328125 0.10088820312499999 0 0.000285446875 0
1 0 0.42881468749999996 0.086201803125 0.43543069843750004 0.093025221875 0.2155356125 0 0.205152109375 0 0.42881468749999996
1 0.13543852812499999 0 0.1255667375 0.203977153125 0.22381573124999998 0.21614041875 0.2311483625 0 0.13543852812499999 0
1 0.22139651875 0.218471753125 0.126120884375 0.20876388750000002 0.11607598125 0.433797215625 0.21047490937500002 0.444554440625 0.21164936562499997 0.4450300125 0.22139651875 0.218471753125
1 0.1124533625 0.6537956828125 0.20693913749999998 0.6705802656250001 0.21341105 0.4501889296875 0.115608678125 0.43873902343750004 0.1124533625 0.6537956828125
1 0.21121101250000002 0.66845053125 0.113954515625 0.65193475 0.105853253125 0.8805968984374999 0.20475977812499999 0.891038796875 0.207778625 0.8910853203125001 0.21121101250000002 0.66845053125
1 0.1002291 0.994398121875 0.20264245 0.9995518703125 0.204449621875 0.8913644609375 0.10649424375000001 0.88851103125 0.1002291 0.994398121875
1 0.2634044 0 0.257564140625 0.209453784375 0.3532744625 0.2198269453125 0.363345571875 0 0.2634044 0
1 0.24952080625 0.43621800000000005 0.34691981875 0.44471264843749997 0.35552079999999997 0.21604629375 0.25738140625 0.20864251875 0.24952080625 0.43621800000000005
1 0.240982834375 0.6572364140625 0.338047890625 0.668527171875 0.344317471875 0.44314525312499997 0.250535278125 0.4344064375 0.240982834375 0.6572364140625
1 0.23450216875000002 0.8783926640624999 0.326138840625 0.88923446875 0.33813610625 0.6683066328125 0.24248879375 0.657464828125 0.23450216875000002 0.8783926640624999
1 0.227136203125 0.9962268828124999 0.326327875 1 0.33007701875 0.890770359375 0.237898453125 0.8774829453124999 0.227136203125 0.9962268828124999
1 0.39885160000000003 0 0.38815125625 0.2097314140625 0.483583165625 0.21946040625 0.492829759375 0 0.39885160000000003 0
1 0.38110915312500004 0.44000027812500003 0.4757548625 0.4442509109375 0.481570634375 0.218178425 0.3903920875 0.2118431671875 0.38110915312500004 0.44000027812500003
1 0.373372890625 0.661377328125 0.465042109375 0.6722558359375 0.474747278125 0.4546595625 0.38526550937500004 0.4429522765625 0.373372890625 0.661377328125
1 0.350702109375 0.8860689578125 0.45099824687499995 0.8893206328125001 0.464967234375 0.6711058624999999 0.367469828125 0.6573325031249999 0.350702109375 0.8860689578125
1 0.45551005624999996 0.9930922734375001 0.45569335000000005 0.8950881718750001 0.371823021875 0.8886949734374999 0.35827701562500003 0.9961236453125 0.45551005624999996 0.9930922734375001
1 0.49160454062500003 0.8904485859375001 0.487233725 0.9971590703125001 0.581777303125 0.993233265625 0.58613049375 0.8975203203125 0.49160454062500003 0.8904485859375001
1 0.6026585250000001 0.6752872187500001 0.507082165625 0.664042940625 0.493656003125 0.8855446359375 0.587963415625 0.898842140625 0.6026585250000001 0.6752872187500001
1 0.610906678125 0.4556845359375 0.511093446875 0.44296863281250004 0.5047064156250001 0.6696518593749999 0.6038323 0.6837248312499999 0.610906678125 0.4556845359375
1 0.6191618812499999 0.2204226984375 0.5213824875 0.217060875 0.5140014500000001 0.439805078125 0.6089116125 0.455785875 0.6191618812499999 0.2204226984375
1 0.5347622375000001 0 0.5225668406249999 0.21952826875000003 0.619394521875 0.2310325046875 0.63802555625 0 0.5347622375000001 0
1 0.6255170999999999 0 0.630122146875 0.000712734375 0.6301724375 0 0.6255170999999999 0
1 0.748110303125 0 0.73368333125 0.2200813484375 0.836655409375 0.23206723125 0.85041023125 0 0.748110303125 0
1 0.718256190625 0.44125803125 0.824536715625 0.4525601359375 0.837055159375 0.23091663750000002 0.74271449375 0.2183850421875 0.718256190625 0.44125803125
1 0.961854125 0 0.9804176281249999 0.00167923125 0.980530728125 0 0.961854125 0
1 0.8833624906249999 0 0.87301149375 0.2253346203125 0.967809765625 0.23571625 0.984920059375 0.00033139375 0.98159348125 0 0.8833624906249999 0
1 0.8555067125000001 0.44414437500000004 0.9565063500000001 0.4590691984375 0.96909843125 0.2365052265625 0.87306935 0.22505190625 0.8555067125000001 0.44414437500000004