1 0.3894619696968467 0.06134472881718783 0.22571705223856364 0.10825283035645852
1 0.613104187584671 0.07045154435600745 0.2324583751693421 0.11777330072118072
1 0.04210777136958342 0.35679551386770836 0.05326219810012065 0.12296602773541672
1 0.18051185210227805 0.3623577956871876 0.23705734396167766 0.14597103590354185
1 0.4019331507227971 0.37375380983923645 0.22077724672063964 0.13310735999173637
1 0.6215462878779269 0.3804259564001047 0.22710913387576942 0.13481533035645848
1 0.8447790699901023 0.3817202719389243 0.23105964947960161 0.12086193313000013
1 0.9773924168924563 0.3850660903275355 0.04521516621508752 0.1264183360560418
1 0.05361956071784828 0.5466756314588889 0.05655097241038014 0.1261637629177777
1 0.1928048914505429 0.5522560970739585 0.2276004568065479 0.14419033035645867
1 0.4100742786056727 0.5588736922480558 0.22858974672063964 0.133289197947639
1 0.6336755529159321 0.5671992577868755 0.22891729534115868 0.13953919794763897
1 0.8520570607178483 0.5652594705521535 0.22382035956551008 0.13161759517409735
1 0.9773929565236343 0.5685507375539939 0.045214086952731235 0.13601154160312506
1 0.4197369629109834 0.7432486922480559 0.23187852103089918 0.13648693313000032
1 0.6403770115315024 0.7546265226045145 0.2228310696514182 0.14251872758291687
1 0.8634869629109833 0.753577088143334 0.2267815852552503 0.12856533035645867
1 0.985842282620202 0.753779722736355 0.02831543475959606 0.1295797036472223
1 0.4263974779489887 0.9298947070656947 0.21954229534115868 0.1393209924005557
1 0.6458877843714238 0.9314000428373961 0.2368935696514182 0.13719991432520792
1 0.8666539857509049 0.9328284506068059 0.23179663387576924 0.13434309878638828
1 0.9872194151392047 0.9377724833762157 0.02556116972159046 0.12445503324756864