0 0.8953125 0.93984375 0.0328125 0.04765625
1 0.00043759999999999996 0.9700010078125001 0.09869900000000001 0.9785251140625 0.10762734375 0.7361954500000001 0.005503475 0.72869485625 0.00043759999999999996 0.9700010078125001
1 0.10088820312499999 1 0.101171975 0.9880107031250001 0.0010289656249999998 0.9759663312500001 0.000285446875 1 0.10088820312499999 1
1 0.148762234375 0.24598433125 0.24866539062499998 0.255283828125 0.25772193125 0.0021452421875 0.14980435625 0 0.148762234375 0.24598433125
1 0.13868425 0.48806587500000004 0.24920299375 0.5005444640625 0.251022571875 0.250693528125 0.14205046875 0.24255194531250002 0.13868425 0.48806587500000004
1 0.13333716874999998 0.733559125 0.24041111874999999 0.745779253125 0.248380046875 0.4990660546875 0.1438659125 0.4877143640625 0.13333716874999998 0.733559125
1 0.127783315625 0.9729009609375 0.230167715625 0.9845576406250001 0.238740415625 0.754758253125 0.13570675625 0.7388214296875 0.127783315625 0.9729009609375
1 0.2311483625 1 0.2316068375 0.9864857734375001 0.136488346875 0.978308003125 0.13543852812499999 1 0.2311483625 1
1 0.28642940625 0.2470025125 0.38520520625 0.2541857453125 0.39337141249999996 0.00237078125 0.28841425 0 0.28642940625 0.2470025125
1 0.279170559375 0.48896415624999995 0.379203425 0.5026532625 0.385876271875 0.2572654015625 0.28422402812500003 0.247097028125 0.279170559375 0.48896415624999995
1 0.272718246875 0.7399993593749999 0.37205799375000004 0.748446753125 0.3790585 0.5036496203125 0.2779639 0.49015348437500006 0.272718246875 0.7399993593749999
1 0.26959920937500004 0.73764826875 0.265093934375 0.9758213874999999 0.265459396875 0.9718792687500001 0.3660625125 0.9821145937500001 0.37267865312500004 0.7484152453124999 0.26959920937500004 0.73764826875
1 0.363345571875 1 0.364090275 0.9837450000000001 0.264079459375 0.9757898781250001 0.2634044 1 0.363345571875 1
1 0.426672225 0 0.4216539375 0.2441065859375 0.52795179375 0.2607197546875 0.53702696875 0.0082405546875 0.426672225 0
1 0.4130224875 0.49959675781249996 0.5138636187500001 0.5065563281250001 0.52243168125 0.26553334375 0.42342354374999996 0.24662893281249998 0.4130224875 0.49959675781249996
1 0.40471326249999995 0.7359976328125 0.509162275 0.745453140625 0.5153691031250001 0.5086428796875 0.41521996562499996 0.5019474296875 0.40471326249999995 0.7359976328125
1 0.396937559375 0.9824020671874999 0.492934725 0.9871760390625001 0.501196409375 0.7543936140625 0.407840446875 0.7475859093749999 0.396937559375 0.9824020671874999
1 0.492829759375 1 0.49330161875 0.9888008046874999 0.399787409375 0.981657721875 0.39885160000000003 1 0.492829759375 1
1 0.63802555625 1 0.639038521875 0.9874388015625 0.536044284375 0.97692198125 0.5347622375000001 1 0.63802555625 1
1 0.6301724375 1 0.647910959375 0.748608128125 0.547153275 0.73890370625 0.535560565625 0.986077203125 0.6255170999999999 1 0.6301724375 1
1 0.6521398781250001 0.5110009875 0.555232403125 0.49989612812499995 0.548126346875 0.7481676171875 0.64865785625 0.7567674734375001 0.6521398781250001 0.5110009875
1 0.6585884531249999 0.25817973125 0.5619650125 0.24910648906250002 0.55379120625 0.5015990078125 0.649546771875 0.5120463828124999 0.6585884531249999 0.25817973125
1 0.6677248125 0.0061211484375 0.566004578125 0.0050494578125 0.561260190625 0.251013184375 0.660944865625 0.2597971328125 0.6677248125 0.0061211484375
1 0.750136140625 0.9888583484375 0.8503836187499999 0.9992202499999999 0.861082153125 0.7647032703125001 0.761997103125 0.7553210109374999 0.750136140625 0.9888583484375
1 0.85041023125 1 0.8506150531250001 0.9965443 0.7485950031249999 0.9926059890625 0.748110303125 1 0.85041023125 1
1 0.980530728125 1 0.9960183406249999 0.77004859375 0.8973908968750001 0.756806921875 0.8851301875 0.993059653125 0.961854125 1 0.980530728125 1
1 0.98159348125 1 0.883809965625 0.99025878125 0.8833624906249999 1 0.98159348125 1