1 0.07755951322898305 0.1415561073197636 0.132765991632257 0.2134889193542569
1 0.08252805348175904 0.3553275088913402 0.13827236318355451 0.2293322431755745
1 0.0881959565794053 0.5675727977664696 0.1285698145630355 0.22264559553293922
1 0.3691561137493814 0.03979466997342942 0.13518722749876283 0.05149834160399789
1 0.3734861668924562 0.16702925806277064 0.1535698145630356 0.22380998924663303
1 0.37775534430036195 0.38232677233079426 0.14427670171816526 0.22493584160399785
1 0.3802982473980082 0.594426511991712 0.15077236318355441 0.22991444003242129
1 0.5437842995250302 0.05572153866573252 0.12663109905006031 0.06668669396136273
1 0.5530884577110591 0.1886432005763913 0.15011726594251656 0.2174144400324213
1 0.5568663121881864 0.39456571484441494 0.1429598631835546 0.22955056699689208
1 0.5571064088633975 0.607337542594674 0.1445223631835546 0.22962334160399783
1 0.723099985300679 0.07186673117935319 0.13616987336031983 0.07024834160399789
1 0.7247144742194024 0.2067682700544827 0.14871854025277606 0.22046666542531543
1 0.7292735786965296 0.41272717162605926 0.15044481456303557 0.2236644400324213
1 0.7332970946390462 0.6233371858940828 0.15340604025277607 0.22068498924663302
1 0.8936172031885032 0.08370541335389164 0.12663109905006031 0.06668669396136273
1 0.9007823292623567 0.22042416335389164 0.14427670171816515 0.22493584160399785
1 0.9064911759375678 0.43345070222902116 0.14888231456303558 0.22359166542531544
1 0.9089521918800841 0.6439879418899389 0.14419481456303557 0.22337334160399785
1 0.9965441293532138 0.0956125620299841 0.006911741293572504 0.06442637303552927
1 0.9959609531885032 0.2337846501193253 0.008078093622993521 0.2068321968568469
1 0.9997211182719372 0.43683687551221945 0.0005577634561255707 0.20697774607105862
1 0.37680359169837013 0.9515529225593273 0.12431832654882316 0.09689415488134542
1 0.5575180031637593 0.9588442688161376 0.12727955223856355 0.08231146236772488
0 0.5093196048158115 0.45391929011347454 0.035187227498762755 0.04684076674922295
0 0.6865582134768102 0.5642682468951189 0.041928550429541286 0.0565068651776464
0 0.8615781456344145 0.4835748267122925 0.041109678878243724 0.0408818651776464
0 0.03239749943417312 0.201800094499482 0.02688340456798429 0.037101893713693726