1 0.0421875 0.05078125 0.084375 0.1015625
1 0.1875 0.053125 0.2125 0.10546875
1 0.396875 0.053125 0.2 0.10546875
1 0.6015625 0.053125 0.209375 0.10546875
1 0.80625 0.05078125 0.20625 0.1015625
1 0.9546875 0.0484375 0.090625 0.096875
1 0.0421875 0.21484375 0.084375 0.125
1 0.18515625 0.21875 0.20859375 0.13046875
1 0.39453125 0.2171875 0.2109375 0.12109375
1 0.59765625 0.21875 0.20859375 0.121875
1 0.80703125 0.21328125 0.2078125 0.12421875
1 0.9515625 0.2125 0.096875 0.12109375
1 0.0421875 0.38125 0.084375 0.12109375
1 0.18671875 0.3859375 0.20859375 0.12109375
1 0.3921875 0.3890625 0.20234375 0.1234375
1 0.596875 0.38671875 0.2015625 0.11640625
1 0.79921875 0.3796875 0.20703125 0.1234375
1 0.95 0.378125 0.09921875 0.1171875
1 0.3875 0.55546875 0.20546875 0.13046875
1 0.590625 0.5546875 0.20703125 0.1265625
1 0.79921875 0.5546875 0.21015625 0.11953125
1 0.95078125 0.54921875 0.0984375 0.1203125
0 0.5484375 0.5078125 0.05078125 0.03203125
0 0.76171875 0.33203125 0.053125 0.03515625