0 0.9678758175037115 0.09052614516594498 0.04505355042954129 0.056652414391858155
1 0.079600090625 0 0.036225287499999995 0.19118659843750002 0.1214090203125 0.1958856 0.15859315000000002 0 0.079600090625 0
1 0 0.9258610515625 0.10803066406249999 0.940008903125 0.15164866562499998 0.71151496875 0.0481947015625 0.7078607484375 0 0.9243747140625 0 0.9258610515625
1 0.040586229687499996 0.71051624375 0.1529621484375 0.7165708656249999 0.209686825 0.45816903125 0.0947263765625 0.456390325 0.040586229687499996 0.71051624375
1 0.09989673906249999 0.4574414375 0.20850602343750002 0.45958735624999997 0.2582614328125 0.20361123593750002 0.1468536328125 0.20202279843749998 0.09989673906249999 0.4574414375
1 0.18845628125 0 0.15048930625 0.1969000671875 0.25867263125 0.19411181875 0.2954304359375 0 0.18845628125 0
1 0.24566094062500002 0.9580331609374999 0.28980464375000003 0.730776384375 0.1879895921875 0.725085190625 0.1400549953125 0.9442028546874999 0.24566094062500002 0.9580331609374999
1 0.185776109375 0.7246947484375 0.291206840625 0.727683396875 0.341965434375 0.4732487609375 0.237350984375 0.47411291406249995 0.185776109375 0.7246947484375
1 0.2364065640625 0.47272384062499995 0.3420520859375 0.4722000234375 0.39234004843750003 0.21833225781249999 0.28965696875 0.21387239687499998 0.2364065640625 0.47272384062499995
1 0.3308072046875 0 0.28594399843749996 0.2158875984375 0.3929618375 0.21844721250000002 0.43629624843750003 0 0.3308072046875 0
1 0.391384771875 0.9771173624999999 0.4360416546875 0.7429758921875 0.3243907953125 0.746029628125 0.27976385000000004 0.9624993281249999 0.391384771875 0.9771173624999999
1 0.326775965625 0.743658321875 0.4315741796875 0.737269375 0.47938835468749996 0.48709316718749995 0.3755320609375 0.48089667968749994 0.326775965625 0.743658321875
1 0.378310728125 0.478759565625 0.4814036171875 0.485137090625 0.53062389375 0.2396271828125 0.42252512343750004 0.23553066562499997 0.378310728125 0.478759565625
1 0.468781015625 0 0.428411703125 0.22397215468749998 0.5246445171875 0.229331840625 0.5684881265625 0 0.468781015625 0
1 0.61282450625 0 0.612134925 0.0040291640625 0.719007746875 0.006835940625 0.7200074265625 0 0.61282450625 0
1 0.6128028953125 0 0.567600903125 0.2514380609375 0.6720160421875 0.25478733125 0.7118209640625001 0 0.6128028953125 0
1 0.6746858734375001 0.24645578750000002 0.570758940625 0.24199524218750001 0.5197635296875001 0.499466921875 0.6206039171875 0.500858034375 0.6746858734375001 0.24645578750000002
1 0.618220284375 0.499433615625 0.518701740625 0.49751607968749995 0.4677992515625 0.7594909234375 0.567875459375 0.7629435109375 0.618220284375 0.499433615625
1 0.4675317203125 0.7574272453125 0.421795528125 0.9779136265625 0.528378228125 0.97294945625 0.5706433546875 0.7615851515625 0.4675317203125 0.7574272453125
1 0.9354263312500001 0.0259699375 0.904618990625 0.0219353640625 0.8319625921875 0.0201183328125 0.7892412656250001 0.2629971 0.8918852984375001 0.26645719218749997 0.9354263312500001 0.0259699375
1 0.8312788171875001 0.01604145625 0.9236849078124999 0.0244322625 0.831864634375 0.0124073484375 0.8312788171875001 0.01604145625
1 0.9268412296875 0.27943644375 0.9829312046875 0.2791162734375 0.9957413562499999 0.0346840125 0.9697938578124999 0.03369890625 0.9268412296875 0.27943644375
1 0.9677989484375 0.03641765625 0.9956085859374999 0.03721743125 0.9957837843749999 0.0338744359375 0.968895046875 0.030353048437500002 0.9677989484375 0.03641765625