1 0.315625 0.13515625 0.15390625 0.0953125
1 0.45390625 0.24296875 0.1578125 0.09765625
1 0.5859375 0.44296875 0.16015625 0.10859375
1 0.1796875 0.0453125 0.146875 0.08984375
1 0.771875 0.021875 0.15 0.04296875
1 0.15390625 0.21796875 0.15390625 0.09921875
1 0.328125 0.00625 0.15 0.01171875
1 0.71875 0.74140625 0.16640625 0.11015625
1 0.43671875 0.42890625 0.16015625 0.10859375
1 0.990625 0.2953125 0.01875 0.10546875
1 0.12578125 0.5 0.15625 0.10390625
1 0.2859375 0.41875 0.15703125 0.0984375
1 0.30703125 0.23125 0.1578125 0.10078125
1 0.46015625 0.14921875 0.15625 0.10234375
1 0.603125 0.253125 0.15703125 0.10546875
1 0.76640625 0.09140625 0.153125 0.09609375
1 0.115625 0.5921875 0.153125 0.103125
1 0.42109375 0.61953125 0.1625 0.115625
1 0.3265625 0.05546875 0.15 0.0984375
1 0.734375 0.55078125 0.15625 0.10859375
1 0.6078125 0.165625 0.15546875 0.0984375
1 0.475 0.01171875 0.15625 0.0234375
1 0.16328125 0.12734375 0.15234375 0.10078125
1 0.275 0.51328125 0.16328125 0.103125
1 0.74140625 0.4546875 0.15859375 0.1046875
1 0.5953125 0.35234375 0.15546875 0.10546875
1 0.628125 0.0171875 0.15 0.034375
1 0.14609375 0.3125 0.15625 0.1
1 0.43046875 0.5265625 0.16484375 0.109375
1 0.46875 0.0640625 0.15546875 0.0953125
1 0.30078125 0.3234375 0.15859375 0.103125
1 0.91015625 0.18984375 0.1578125 0.103125
1 0.56328125 0.73359375 0.16484375 0.115625
1 0.915625 0.02734375 0.1625 0.0546875
1 0.04765625 0.1203125 0.0953125 0.09375
1 0.975 0.76953125 0.05 0.109375
1 0.7625 0.18125 0.15703125 0.103125
1 0.5796875 0.5421875 0.16640625 0.1109375
1 0.88046875 0.7546875 0.165625 0.11171875
1 0.7296875 0.64921875 0.1671875 0.11328125
1 0.1046875 0.6953125 0.1625 0.11171875
1 0.99375 0.2015625 0.0125 0.10546875
1 0.9765625 0.6703125 0.046875 0.11328125
1 0.9140625 0.10546875 0.15703125 0.10390625
1 0.8953125 0.47109375 0.16015625 0.10546875
1 0.75078125 0.3609375 0.16015625 0.10546875
1 0.13359375 0.40546875 0.159375 0.10859375
1 0.4484375 0.33828125 0.16015625 0.10234375
1 0.984375 0.475 0.03125 0.10546875
1 0.990625 0.384375 0.01875 0.10546875
1 0.57265625 0.63359375 0.16484375 0.11640625
1 0.9984375 0.03515625 0.003125 0.0703125
1 0.7578125 0.27109375 0.15859375 0.103125
1 0.9828125 0.57421875 0.034375 0.109375
1 0.2546875 0.696875 0.1640625 0.11015625
1 0.4109375 0.72109375 0.16328125 0.11875
1 0.88828125 0.5578125 0.1640625 0.1078125
1 0.26171875 0.6078125 0.16171875 0.11171875
1 0.0328125 0.3984375 0.065625 0.1
1 0.88359375 0.659375 0.16484375 0.11328125
1 0.621875 0.08046875 0.15234375 0.103125
1 0.0375 0.30390625 0.075 0.096875
1 0.9984375 0.109375 0.003125 0.1015625
1 0.040625 0.21171875 0.08125 0.09765625
1 0.90546875 0.28515625 0.1625 0.11015625
1 0.0265625 0.484375 0.053125 0.1015625
1 0.90078125 0.37578125 0.1578125 0.1125
1 0.0515625 0.0375 0.103125 0.07421875
1 0.01953125 0.60234375 0.03828125 0.1296875
1 0.01875 0.6796875 0.0359375 0.11171875
0 0.21953125 0.1609375 0.03515625 0.028125
0 0.66640625 0.11015625 0.0390625 0.02890625
0 0.97265625 0.13671875 0.04140625 0.0265625
0 0.490625 0.38359375 0.03984375 0.02734375
0 0.5953125 0.234375 0.03515625 0.0359375