1 0.4024777938109361 0.08515625 0.13393238229073817 0.0921875
1 0.39854280007914233 0.03046875 0.1579776360516619 0.059375
1 0.43898049359877983 0.990625 0.13023306927947226 0.01875
1 0.9276081744523218 0.0359375 0.08959134890464356 0.071875
1 0.42439590940862687 0.1671875 0.12915395407749292 0.0890625
1 0.539636813011266 0.0734375 0.15893238229073817 0.0921875
1 0.669215911387184 0.92890625 0.1351766335443795 0.08125
1 0.9314211477301445 0.11328125 0.10107441818411544 0.090625
1 0.531977425705963 0.025 0.14207985141192586 0.05
1 0.2879750246106062 0.096875 0.13402331050398358 0.0953125
1 0.5568446965556454 0.1546875 0.16986988229073816 0.0921875
1 0.5607191012789118 0.9859375 0.1273808539192082 0.028125
1 0.827764950316569 0.121875 0.15116534639736087 0.09375
1 0.8119688025864248 0.00859375 0.12706260517284954 0.0171875
1 0.6962110734361072 0.13828125 0.1512108105039836 0.0953125
1 0.6777983910662269 0.015625 0.14622178213245363 0.03125
1 0.03702027837152992 0.0640625 0.07231292069139797 0.06875
1 0.6777247448524211 0.9796875 0.13997178213245362 0.03125
1 0.6906764757851052 0.05546875 0.15116534639736087 0.09375
1 0.04439852084968253 0.1296875 0.08379598997087015 0.0875
1 0.8262502629321237 0.04296875 0.14937552586424738 0.0859375
1 0.3068590684215423 0.18203125 0.13852895407749283 0.0890625
1 0.42212796271996744 0.9484375 0.1414266335443795 0.08125
1 0.5429489280802313 0.9390625 0.13356866943775678 0.0796875
1 0.17280231716790112 0.19296875 0.16531877461060623 0.096875
1 0.9795992011079919 0.8921875 0.04080159778401615 0.078125
1 0.2583269770387464 0.04453125 0.15825042069139794 0.06875
1 0.16025920157021037 0.1109375 0.15585284639736088 0.09375
1 0.9160992715745984 0.90234375 0.13508570533113406 0.078125
1 0.05533367234075061 0.21015625 0.10111988229073818 0.0921875
1 0.32197485002527054 0.996875 0.1298693564264907 0.00625
1 0.7907271985342025 0.91640625 0.13191524122451134 0.0765625
1 0.7961792281593736 0.96953125 0.12287521034569907 0.034375
1 0.9854460358268703 0.9515625 0.02910792834625937 0.0375
1 0.9224007473597033 0.9578125 0.13086956677218992 0.040625
1 0.3200569973597035 0.9578125 0.12254024122451135 0.0765625
1 0.10399172815937363 0.96953125 0.09396060015828459 0.0609375
1 0.1359889757851052 0.05546875 0.11923338479802066 0.0703125
1 0.10801163842593034 0.9734375 0.09842077962517118 0.053125
1 0.20242922815937364 0.96953125 0.12833560015828455 0.0609375
0 0.8942046410662268 0.015625 0.025909282132453627 0.03125
0 0.7575995513327836 0.01953125 0.0338581744523216 0.0359375
0 0.5862246565056329 0.03671875 0.029079746239076342 0.0328125
0 0.08179087226160833 0.1796875 0.027608174452321665 0.0359375
0 0.05922789898378561 0.10234375 0.04019910266556703 0.0390625