1 0.24591870057084128 0.24329616533109494 0.23269307216657173 0.34982641832631983
1 0.3632720493547966 0.5697272344757214 0.23757157315515495 0.3546776094333124
1 0.11618474480993835 0.22777531433530304 0.2323694896198767 0.3561309820286507
1 0.2187766555531258 0.8453968347537231 0.24092206623507267 0.30920633049255386
1 0.10544359779537218 0.8268626003628198 0.21088719559074437 0.3462747992743605
1 0.47311398707405666 0.8585466538983496 0.22772172927693432 0.28290669220330084
1 0.342245989051223 0.8467981328469574 0.23786073323126705 0.30640373430608536
1 0.10984987868859639 0.5401661869306413 0.21969975737719277 0.3594742368379741
1 0.06076374505708413 0.21387401624206878 0.12152749011416826 0.33399803248413756
1 0.3766593646012862 0.26037951632688683 0.23256573817418297 0.34670141832631984
1 0.04765229692051974 0.5097222295815799 0.09530459384103948 0.3288194591631598
1 0.5947979860854735 0.866870074586922 0.23333505931499054 0.2662598508261559
1 0.23021946882244898 0.5517807879264331 0.23600907315515496 0.35462304573098147
1 0.2718312376427103 0.06816967975906521 0.1864415187830803 0.09544645317271012
1 0.4902019638795331 0.5843304262156861 0.23776257414373808 0.3593651094333124
1 0.044442430799177784 0.8218502073490613 0.08888486159835557 0.330000013246844
1 0.505519193650759 0.28522080362034785 0.23776257414373808 0.3593651094333124
1 0.40470740463890476 0.07124509445718794 0.20308519072219053 0.12099209019601868
1 0.6209426279099779 0.601413777211478 0.23907040615896058 0.35316967313564335
1 0.6359561101526618 0.29055812276497434 0.23763524015134935 0.3562401094333124
1 0.6607664036503216 0.08488104163944829 0.19096719269935694 0.12993058057737183
1 0.5278902366541272 0.08180562694132557 0.2004695266917457 0.13338296279135697