1 0.03125 0.0484375 0.0625 0.096875
1 0.31484375 0.8984375 0.07421875 0.1796875
1 0.31640625 0.2 0.075 0.1703125
1 0.03125 0.1859375 0.0625 0.17578125
1 0.315625 0.71484375 0.075 0.1828125
1 0.31640625 0.5421875 0.075 0.178125
1 0.3125 0.99375 0.075 0.01171875
1 0.10234375 0.053125 0.07734375 0.10625
1 0.31640625 0.36484375 0.07421875 0.175
1 0.0296875 0.35546875 0.059375 0.1875
1 0.2375 0.9921875 0.075 0.015625
1 0.3140625 0.0546875 0.075 0.109375
1 0.0296875 0.53515625 0.059375 0.1796875
1 0.24140625 0.89609375 0.0765625 0.17734375
1 0.09921875 0.1921875 0.078125 0.17890625
1 0.028125 0.709375 0.05625 0.18359375
1 0.028125 0.8921875 0.05625 0.18359375
1 0.16796875 0.8953125 0.08046875 0.17734375
1 0.09765625 0.359375 0.08046875 0.171875
1 0.1703125 0.54140625 0.078125 0.17734375
1 0.0265625 0.98984375 0.053125 0.0203125
1 0.23671875 0.54296875 0.078125 0.1796875
1 0.17109375 0.3625 0.078125 0.18046875
1 0.0921875 0.89296875 0.078125 0.18046875
1 0.16953125 0.71328125 0.07734375 0.18203125
1 0.090625 0.98984375 0.08125 0.0203125
1 0.17109375 0.19453125 0.0765625 0.171875
1 0.1625 0.98984375 0.075 0.0203125
1 0.23671875 0.71484375 0.07890625 0.18046875
1 0.0953125 0.534375 0.07734375 0.17578125
1 0.2375 0.1953125 0.07734375 0.1703125
1 0.09453125 0.709375 0.08046875 0.1828125
1 0.2390625 0.0546875 0.07109375 0.109375
1 0.2375 0.36328125 0.078125 0.17734375
1 0.1734375 0.053125 0.078125 0.10546875
0 0.00625 0.546875 0.0125 0.0390625
0 0.19140625 0.775 0.028125 0.040625