1 0.79921875 0.51171875 0.07578125 0.1921875
1 0.878125 0.51015625 0.0765625 0.19140625
1 0.9921875 0.5078125 0.015625 0.1875
1 0.95625 0.509375 0.078125 0.1921875
1 0.95625 0.0234375 0.075 0.046875
1 0.80078125 0.13515625 0.07421875 0.18671875
1 0.73046875 0.5125 0.07734375 0.19296875
1 0.80078125 0.69609375 0.0796875 0.18359375
1 0.9578125 0.69140625 0.07890625 0.18828125
1 0.80078125 0.88671875 0.08046875 0.1953125
1 0.9921875 0.0234375 0.015625 0.046875
1 0.95703125 0.88046875 0.07734375 0.20546875
1 0.87890625 0.31953125 0.08046875 0.1890625
1 0.5109375 0.13359375 0.08828125 0.18359375
1 0.87890625 0.134375 0.0765625 0.1890625
1 0.7984375 0.3234375 0.07421875 0.18359375
1 0.58203125 0.8875 0.07421875 0.20625
1 0.57578125 0.69375 0.07734375 0.18984375
1 0.50703125 0.5140625 0.08046875 0.19296875
1 0.99375 0.88125 0.0125 0.20703125
1 0.5796875 0.5125 0.06953125 0.1921875
1 0.99375 0.69375 0.0125 0.18359375
1 0.8796875 0.8765625 0.0796875 0.2046875
1 0.99375 0.1328125 0.0125 0.1875
1 0.65546875 0.1421875 0.07734375 0.18671875
1 0.878125 0.021875 0.08125 0.04296875
1 0.72890625 0.88671875 0.0765625 0.19921875
1 0.73125 0.69375 0.0796875 0.19453125
1 0.5109375 0.32421875 0.08671875 0.1953125
1 0.50625 0.890625 0.08125 0.20390625
1 0.8796875 0.690625 0.078125 0.1765625
1 0.5078125 0.021875 0.078125 0.04296875
1 0.5828125 0.021875 0.071875 0.04296875
1 0.7328125 0.0234375 0.078125 0.046875
1 0.65625 0.021875 0.075 0.04296875
1 0.584375 0.14140625 0.0703125 0.19453125
1 0.58359375 0.32421875 0.0796875 0.18828125
1 0.73046875 0.1359375 0.07421875 0.1828125
1 0.65546875 0.3234375 0.08203125 0.1828125
1 0.65390625 0.51015625 0.07734375 0.18515625
1 0.65390625 0.6953125 0.07578125 0.17890625
1 0.50390625 0.6953125 0.075 0.1765625
1 0.65546875 0.89296875 0.07578125 0.2109375
1 0.8046875 0.021875 0.071875 0.04296875
1 0.9953125 0.3140625 0.009375 0.18359375
1 0.9578125 0.31953125 0.07421875 0.1875
1 0.95625 0.1328125 0.075 0.18203125
1 0.73046875 0.32109375 0.0765625 0.18984375
0 0.6828125 0.0171875 0.021875 0.034375
0 0.75625 0.19921875 0.0328125 0.0484375
0 0.82265625 0.2546875 0.03046875 0.04375
0 0.83203125 0.2 0.02421875 0.040625
0 0.7578125 0.5703125 0.02734375 0.0453125
0 0.75546875 0.3765625 0.02734375 0.04765625
0 0.60390625 0.5703125 0.028125 0.034375
0 0.53046875 0.7546875 0.0234375 0.04140625
0 0.60546875 0.76015625 0.03203125 0.034375
0 0.603125 0.815625 0.0265625 0.02734375
0 0.7546875 0.94609375 0.028125 0.04375
0 0.809375 0.01953125 0.0375 0.0390625