1 0.13515625 0.3640625 0.0734375 0.171875
1 0.07109375 0.3609375 0.07265625 0.17265625
1 0.07734375 0.1859375 0.06953125 0.171875
1 0.134375 0.7109375 0.0703125 0.171875
1 0.428125 0.3609375 0.07578125 0.17265625
1 0.07109375 0.7109375 0.0703125 0.17421875
1 0.35 0.053125 0.06875 0.10546875
1 0.425 0.7109375 0.07265625 0.171875
1 0.34921875 0.184375 0.0703125 0.16875
1 0.4859375 0.36015625 0.07109375 0.1734375
1 0.27421875 0.3609375 0.07578125 0.171875
1 0.13515625 0.18671875 0.075 0.175
1 0.625 0.878125 0.07109375 0.1734375
1 0.42109375 0.19296875 0.0703125 0.17109375
1 0.425 0.0546875 0.06875 0.109375
1 0.078125 0.05078125 0.06875 0.1015625
1 0.4890625 0.0546875 0.071875 0.109375
1 0.4859375 0.7109375 0.07109375 0.1734375
1 0.34921875 0.36015625 0.07109375 0.16953125
1 0.625 0.703125 0.0703125 0.17265625
1 0.13515625 0.86953125 0.071875 0.175
1 0.14375 0.05078125 0.06875 0.1015625
1 0.62421875 0.19296875 0.0703125 0.17265625
1 0.275 0.7140625 0.0703125 0.17109375
1 0.3421875 0.7109375 0.0765625 0.1703125
1 0.14140625 0.534375 0.06875 0.1703125
1 0.625 0.053125 0.06875 0.10546875
1 0.27734375 0.53515625 0.071875 0.1734375
1 0.56015625 0.19453125 0.07109375 0.1765625
1 0.27890625 0.18515625 0.0703125 0.1703125
1 0.559375 0.36171875 0.07265625 0.17265625
1 0.559375 0.878125 0.07265625 0.17265625
1 0.284375 0.0484375 0.06875 0.096875
1 0.559375 0.53515625 0.071875 0.17265625
1 0.559375 0.05078125 0.06875 0.1015625
1 0.34140625 0.5375 0.078125 0.175
1 0.41953125 0.53515625 0.07109375 0.1703125
1 0.63359375 0.3625 0.06875 0.17265625
1 0.55703125 0.709375 0.071875 0.17109375
1 0.48515625 0.53671875 0.071875 0.17265625
1 0.28359375 0.87734375 0.0734375 0.17578125
1 0.0765625 0.878125 0.065625 0.17109375
1 0.625 0.53515625 0.0703125 0.17265625
1 0.2234375 0.3609375 0.09140625 0.171875
1 0.42265625 0.878125 0.071875 0.1734375
1 0.3484375 0.878125 0.07109375 0.1734375
1 0.4859375 0.871875 0.075 0.17421875
1 0.2140625 0.05078125 0.071875 0.1015625
1 0.07578125 0.534375 0.06796875 0.171875
1 0.2140625 0.7109375 0.0765625 0.17109375
1 0.4859375 0.18671875 0.0734375 0.17421875
1 0.2109375 0.53515625 0.06875 0.17109375
1 0.2125 0.87734375 0.0703125 0.17265625
1 0.21484375 0.184375 0.06796875 0.16796875
1 0.021875 0.0546875 0.04375 0.109375
1 0.02109375 0.18828125 0.040625 0.17734375
1 0.01875 0.365625 0.0375 0.171875
1 0.07734375 0.98046875 0.07265625 0.0375
1 0.2140625 0.98125 0.0765625 0.034375
1 0.0203125 0.534375 0.0390625 0.1734375
1 0.13984375 0.98203125 0.0703125 0.03359375
1 0.28359375 0.9828125 0.08046875 0.0328125
1 0.6296875 0.9828125 0.075 0.0328125
1 0.41953125 0.9828125 0.07421875 0.0328125
0 0.5140625 0.3015625 0.0296875 0.03359375
0 0.3921875 0.70703125 0.02578125 0.04765625
0 0.053125 0.8921875 0.02421875 0.03046875
0 0.09921875 0.24609375 0.01484375 0.0328125
0 0.23984375 0.075 0.021875 0.02890625