1 0.10415915446255149 0.8239044894845504 0.07970042431665561 0.20524742198083884
1 0.17466832195929077 0.20229840513381117 0.11414819892376146 0.2086114393936934
1 0.13995972145944352 0.9535986335370851 0.07260705417661044 0.08641553482570927
1 0.3155118773742463 0.7713206428093393 0.11756429735218488 0.215025213703953
1 0.3586176761741732 0.9233434882413551 0.11341614474715103 0.125962713703953
1 0.3405717276646965 0.5695191253964847 0.12835624813797325 0.21247342378986112
1 0.3866955186067406 0.7527100836733707 0.12076207195929074 0.2167514880142125
1 0.14086690260503387 0.08189737392614671 0.09462760339082217 0.09068695499752559
1 0.23733337344530483 0.7910809441433917 0.11898124813797321 0.2119821008590826
1 0.1067188426374552 0.22308893995952025 0.11741874813797315 0.2119002137039529
1 0.05696301509208396 0.6345044747852293 0.06222182588823218 0.19809666327441153
1 0.020901159015174663 0.11246237844870248 0.03525260339082216 0.08757524310259504
1 0.22360889784752294 0.3955227826780025 0.11756429735218488 0.21502521370395292
1 0.0284804884180635 0.4433405642243512 0.024649051281126315 0.19456887155129757
1 0.4245872785315381 0.9104882841483406 0.1127269400324213 0.14463082654882306
1 0.0695377121583278 0.09738293306211529 0.09462760339082217 0.09068695499752559
1 0.19517376033457304 0.945222889529979 0.10592897642635143 0.09907266508343397
1 0.11519289205655467 0.6236212064678636 0.11727319892376147 0.208775213703953
1 0.2654090618250963 0.5867719024202778 0.1172731989237615 0.208775213703953
1 0.27300766190614956 0.9348785317734913 0.10651117328319834 0.11157266508343397
1 0.2978083771693585 0.37440469923177444 0.11131429735218487 0.2146976650834338
1 0.2528468258882322 0.1825381037997587 0.10804374813797321 0.21140889077317437
1 0.15049888357949928 0.40640272896910085 0.12061652274507902 0.21362648801421233
1 0.21830054383752823 0.06295926616965912 0.08503427956950456 0.0855081320667471
1 0.07324717886476957 0.4292470867255885 0.1163656703877142 0.22275582654882306
1 0.19400709677128442 0.6006949615562462 0.1223973465663966 0.21839587516934209
1 0.16186249255189272 0.8185309147447496 0.11400264970954974 0.2054864393936935
1 0.04636353949430204 0.23878253900958057 0.07977319892376147 0.20680992198083886
0 0.14261803287476427 0.758453229873612 0.04913101282028158 0.05089411465389269
0 0.19386573986580555 0.3790689450479029 0.04586046360606986 0.04760534034363308