1 0.62109375 0.64765625 0.1234375 0.08203125
1 0.49296875 0.71484375 0.13046875 0.0859375
1 0.0234375 0.521875 0.046875 0.08203125
1 0.36171875 0.78984375 0.13203125 0.0875
1 0.37265625 0.4703125 0.1265625 0.08125
1 0.23515625 0.54140625 0.1296875 0.08515625
1 0.621875 0.56484375 0.12421875 0.084375
1 0.015625 0.8421875 0.03125 0.08984375
1 0.61953125 0.72734375 0.12265625 0.084375
1 0.2375 0.46171875 0.12890625 0.0859375
1 0.09765625 0.7703125 0.13046875 0.0859375
1 0.09921875 0.6890625 0.13359375 0.0859375
1 0.23125 0.6234375 0.13125 0.084375
1 0.1046875 0.615625 0.13515625 0.084375
1 0.49375 0.640625 0.1296875 0.0859375
1 0.37421875 0.3984375 0.12578125 0.08125
1 0.621875 0.4859375 0.1234375 0.084375
1 0.36328125 0.7078125 0.13203125 0.084375
1 0.490625 0.4765625 0.125 0.08046875
1 0.36171875 0.5484375 0.12890625 0.0828125
1 0.025 0.4375 0.05 0.0859375
1 0.61640625 0.88828125 0.13046875 0.0859375
1 0.10703125 0.53359375 0.13203125 0.08359375
1 0.22421875 0.78125 0.1359375 0.084375
1 0.61796875 0.8046875 0.125 0.08671875
1 0.0171875 0.759375 0.034375 0.08984375
1 0.48984375 0.79765625 0.12890625 0.08359375
1 0.35390625 0.87109375 0.13515625 0.09140625
1 0.36015625 0.63203125 0.13203125 0.08203125
1 0.49140625 0.40390625 0.12421875 0.078125
1 0.25 0.2296875 0.1265625 0.07890625
1 0.61875 0.33125 0.1234375 0.07890625
1 0.090625 0.9359375 0.13515625 0.090625
1 0.021875 0.6 0.04375 0.08984375
1 0.48359375 0.87890625 0.1328125 0.08515625
1 0.0140625 0.91796875 0.028125 0.09375
1 0.12734375 0.14140625 0.125 0.0796875
1 0.12421875 0.21953125 0.1296875 0.08203125
1 0.49453125 0.559375 0.1296875 0.084375
1 0.121875 0.2984375 0.13046875 0.08203125
1 0.11796875 0.37734375 0.12890625 0.084375
1 0.0953125 0.8515625 0.13125 0.090625
1 0.11328125 0.45 0.13203125 0.0828125
1 0.028125 0.2890625 0.05625 0.0859375
1 0.2453125 0.38515625 0.128125 0.08125
1 0.221875 0.9453125 0.13203125 0.08984375
1 0.228125 0.69765625 0.1328125 0.08515625
1 0.3765625 0.16484375 0.12421875 0.08046875
1 0.0359375 0.13671875 0.071875 0.0859375
1 0.621875 0.4125 0.12265625 0.08203125
1 0.49921875 0.17109375 0.12421875 0.07890625
1 0.371875 0.23671875 0.121875 0.0828125
1 0.4921875 0.24765625 0.12421875 0.08046875
1 0.49375 0.325 0.12734375 0.07890625
1 0.01875 0.678125 0.0375 0.08984375
1 0.22578125 0.86328125 0.13125 0.08828125
1 0.49609375 0.0984375 0.12890625 0.07890625
1 0.24375 0.31015625 0.125 0.0828125
1 0.0328125 0.209375 0.065625 0.08203125
1 0.6234375 0.25625 0.12421875 0.08125
1 0.0265625 0.359375 0.053125 0.0859375
1 0.37109375 0.31640625 0.1234375 0.0859375
1 0.6234375 0.1859375 0.12109375 0.0796875
1 0.24765625 0.08046875 0.13046875 0.078125
1 0.61484375 0.96171875 0.13984375 0.07578125
1 0.37734375 0.09453125 0.125 0.08125
1 0.134375 0.07578125 0.11875 0.08125
1 0.3515625 0.95234375 0.134375 0.0875
1 0.25078125 0.15078125 0.12734375 0.07734375
1 0.62734375 0.109375 0.1125 0.07890625
1 0.484375 0.95859375 0.1375 0.0828125
1 0.0421875 0.0640625 0.084375 0.08203125
0 0.140625 0.884375 0.034375 0.025
0 0.03359375 0.39453125 0.03359375 0.02890625
0 0.578125 0.13359375 0.0328125 0.02109375
0 0.54140625 0.28125 0.03828125 0.02734375
0 0.33046875 0.33828125 0.01953125 0.02890625
0 0.41328125 0.265625 0.034375 0.0328125
0 0.43984375 0.82578125 0.0203125 0.02421875
0 0.18515625 0.72734375 0.02890625 0.0328125