1 0.67578125 0.74375 0.07109375 0.16796875
1 0.990625 0.5921875 0.01875 0.16796875
1 0.8765625 0.91796875 0.071875 0.1640625
1 0.96484375 0.096875 0.065625 0.1609375
1 0.8203125 0.4171875 0.06953125 0.1625
1 0.9890625 0.76171875 0.021875 0.1640625
1 0.73515625 0.9125 0.0703125 0.1734375
1 0.68046875 0.57265625 0.06953125 0.1640625
1 0.671875 0.9109375 0.07109375 0.16953125
1 0.89140625 0.41953125 0.07109375 0.16015625
1 0.7484375 0.746875 0.0734375 0.1671875
1 0.82265625 0.58046875 0.07109375 0.1671875
1 0.89765625 0.09609375 0.071875 0.16171875
1 0.95078125 0.75859375 0.07109375 0.16640625
1 0.9421875 0.915625 0.071875 0.16796875
1 0.9953125 0.2671875 0.009375 0.16015625
1 0.88046875 0.7546875 0.06875 0.171875
1 0.75390625 0.57578125 0.07421875 0.16875
1 0.95703125 0.58828125 0.06953125 0.16796875
1 0.68984375 0.2453125 0.06875 0.16640625
1 0.83046875 0.253125 0.07109375 0.1625
1 0.75390625 0.4140625 0.07109375 0.16328125
1 0.8046875 0.9140625 0.0703125 0.16796875
1 0.89375 0.25625 0.06953125 0.1625
1 0.821875 0.746875 0.07421875 0.1703125
1 0.8359375 0.0921875 0.0703125 0.16171875
1 0.6625 0.99765625 0.06875 0.0046875
1 0.99375 0.428125 0.0125 0.16015625
1 0.75390625 0.25234375 0.071875 0.165625
1 0.9609375 0.42421875 0.06953125 0.16328125
1 0.8859375 0.58203125 0.06640625 0.1671875
1 0.69609375 0.0859375 0.06796875 0.1640625
1 0.9625 0.26171875 0.075 0.1640625
1 0.76640625 0.0875 0.0671875 0.16328125
1 0.68671875 0.40546875 0.06875 0.1625
1 0.9890625 0.91796875 0.021875 0.1640625
0 0.7875 0.02578125 0.028125 0.0375
0 0.8609375 0.3546875 0.02109375 0.034375
0 0.78359375 0.19375 0.02578125 0.0359375