1 0.9399100059686802 0.9351609054960088 0.1201799880626396 0.09782968610347993
1 0.585795439313678 0.9232365243977089 0.19881418479069168 0.09503432588823202
1 0.07455419178513585 0.9111215905705408 0.06600168479069154 0.08884848428423453
1 0.20017627429464988 0.9130736964425623 0.19562551779449713 0.09332627667402064
1 0.7818799190477229 0.8364579241072587 0.20343801779449713 0.09369014970954978
1 0.9396898300752372 0.8438274301031147 0.1206203398495255 0.0898716368892682
1 0.5853232540286948 0.8351008236119206 0.20168451680591398 0.08892987510244374
1 0.9396924886684745 0.7712439547102206 0.12061502266305091 0.09753858767505648
1 0.1920401221272031 0.9754923056243525 0.19741351087441492 0.049015388751294964
1 0.7870979541424256 0.984223162322689 0.2024193458553869 0.031553675354621905
1 0.9346614318621231 0.986545545490158 0.13067713627575372 0.026908909019683947
1 0.06942633999824992 0.8235488159634347 0.06600168479069154 0.08884848428423445
1 0.20299357368662757 0.7525728440851973 0.19588018577927466 0.09957627667402029
1 0.39091933802108353 0.8291653850272415 0.20187551779449714 0.09361737510244401
1 0.785636271823192 0.9286454241072587 0.2035016847906917 0.09525264970954979
1 0.7844836542189751 0.7664001352321291 0.20818918479069168 0.0954709735308672
1 0.5874176532303921 0.7525430347367911 0.19862318380210836 0.09034682588823202
1 0.3937034398079695 0.9166289977236884 0.20343801779449713 0.09369014970954978
1 0.0739758716329115 0.9720569365177646 0.0554170118629981 0.05588612696447086
1 0.3809275726980444 0.756181649295265 0.20200285178688598 0.09674237510244374
1 0.5847542041424255 0.9783391315125847 0.20261034684397003 0.04332173697483057
1 0.3856309546367171 0.975988919354257 0.2071068458553868 0.048022161291486044
1 0.20439158900966675 0.8251563194780914 0.19243685079830275 0.09161822745980856
1 0.06455315619614158 0.7422260413563289 0.0661290187830803 0.09197348428423417