1 0.3057578404553604 0.43561607057281276 0.11676037155854946 0.183795731382639
1 0.25444605536065773 0.26817334422416683 0.11519787155854944 0.18375936379145844
1 0.02781457117798856 0.337827308320625 0.03538303756616064 0.17877961664125
1 0.15689055342067248 0.6514741938635765 0.11832287155854941 0.18383209897381966
1 0.3931914452451769 0.9292907225489238 0.11386086463846716 0.1414185549021525
1 0.3208853637242461 0.9370298341561807 0.11472302768032883 0.1259403316876387
1 0.23627301140588752 0.4542920289696877 0.11519787155854944 0.18375936379145852
1 0.10485184543545738 0.8492927916031251 0.05400570357377186 0.1760910277354167
1 0.226311715473951 0.6312357354667016 0.11519787155854937 0.18375936379145835
1 0.20676717250776394 0.8220055526210418 0.11688770555093822 0.186920731382639
1 0.14865753665193954 0.9650626087574654 0.04980368182494201 0.06987478248506918
1 0.09306547535978273 0.6749649388295834 0.11688770555093819 0.186920731382639
1 0.08045811562705037 0.15485246058107643 0.10910969764227278 0.14927526101791674
1 0.29464787999868747 0.622679659478646 0.1185138725471326 0.18851959897381967
1 0.21340060821267656 0.12282382342260434 0.1072288626613008 0.1414263934267362
1 0.188868701176676 0.955015461531007 0.11313135277546911 0.0899690769379859
1 0.14415442596780506 0.8369389151782292 0.11695137254713259 0.188483231382639
1 0.3553479580595772 0.599116179330278 0.11688770555093822 0.186920731382639
1 0.25108219969380124 0.9486933795590279 0.1168293557412186 0.10261324088194428
1 0.18964872631118487 0.28695840539458345 0.11507053756616062 0.18063436379145842
1 0.05647010627269126 0.5047427045971528 0.07906937056996624 0.17823540919430556
1 0.10514768680503891 0.49260703371934034 0.11363537155854941 0.18372299620027785
1 0.14616402866891204 0.13921058320625013 0.11048119665368965 0.14462412860909732
1 0.4568082762718162 0.9190987581681253 0.11475220258518863 0.16180248366374955
1 0.27625200155723684 0.8033295942241668 0.11688770555093822 0.186920731382639
1 0.33723858110100136 0.7867973640757988 0.1185138725471326 0.18851959897381967
1 0.11782014726171194 0.3055798124046876 0.11519787155854941 0.18375936379145835
1 0.17600401486592868 0.46927994291364594 0.11519787155854937 0.18375936379145835
1 0.06461423421985026 0.3215126305089584 0.11063770555093819 0.1867752610179168
1 0.40597399364857145 0.7688844718833338 0.11526153855474383 0.18532186379145835
1 0.03587778608328587 0.1717665504368403 0.06398819863085597 0.15290810087368062
0 0.17915287258431362 0.5848685753224654 0.036094008897248564 0.04298758700597229
0 0.1993513315581119 0.39099194196371545 0.037656508897248565 0.04302395459715278
0 0.13901471494247836 0.2319247600679862 0.037656508897248565 0.04302395459715278
0 0.1393330499234503 0.2397372600679862 0.036094008897248564 0.04298758700597229