1 0.5108459967535891 0.061910386111632375 0.23143300649282175 0.10534603590354186
1 0.7304999776788657 0.05998878267250061 0.2358750446422686 0.09139263867708354
1 0.916546571834667 0.05806652602298688 0.13565685633066593 0.0765651128415279
1 0.2824891716725112 0.06988196779927107 0.2362023271096728 0.11014263867708354
1 0.08104544845787245 0.07532861474138895 0.1620908969157449 0.1037822294827779
1 0.5148419756502708 0.14641267268076433 0.23146028003177216 0.10690853590354185
1 0.2879931034912922 0.15754562195958358 0.23146028003177213 0.10690853590354185
1 0.7367987962671219 0.1468893706284034 0.22987050649282176 0.10530966831236128
1 0.9182533478092495 0.13938926120534798 0.13609323295387127 0.10156511284152789
1 0.0842016761367381 0.16135703371934035 0.1684033522734762 0.10396406743868072
0 0.578043179383149 0.018143508736806042 0.043913641233702096 0.01039329255305559
0 0.07174654058507893 0.09858427678548617 0.058467064934808154 0.03884560087368061