1 0.8106895734906138 0.6319743339180267 0.303730179126093 0.1637228962731287
1 0.2924133217613332 0.9355250286317311 0.291264895460829 0.1195272272997677
1 0.9759301052569611 0.7036862133480605 0.04813978948607769 0.12949118182494193
1 0.5229638841977197 0.6820339782139891 0.2957539880191005 0.15871706129215682
1 0.9677430938242157 0.595347131332838 0.06451381235156858 0.13468801779449713
1 0.8336682604212552 0.752304079963694 0.3022768065307546 0.16678422927693431
1 0.5653051847380246 0.9087583042977124 0.29548116950744613 0.15090456129215682
1 0.5460244166818573 0.8047074742596564 0.3038938702330856 0.16841039627312887
1 0.08120545933279592 0.7571466551331962 0.07618553248413762 0.1263661818249421
1 0.11583346359396521 0.9646262326997945 0.0787996117955651 0.06718218281352506
1 0.2720338451749781 0.8448191155898694 0.2943006154237621 0.16177839429596252
1 0.9865427122432028 0.8181797948689912 0.026914575513594486 0.1272283448668035
1 0.847312803894425 0.8737334109903333 0.3053743922111501 0.16547639726171193
1 0.09986866849595584 0.8659168186693496 0.08265378729346104 0.1328708498097196
1 0.24154275860715652 0.733401454525174 0.29257442431676955 0.15702722729976806