0 0.7953125 0.00859375 0.021875 0.0171875
0 0.8609375 0.009375 0.02265625 0.01875
0 0.8609375 0.0546875 0.01796875 0.0234375
0 0.72578125 0.1671875 0.01640625 0.03203125
0 0.79296875 0.16640625 0.01640625 0.03203125
0 0.79765625 0.3328125 0.01875 0.028125
0 0.7265625 0.334375 0.01875 0.03203125
0 0.86484375 0.3296875 0.01875 0.0203125
0 0.93359375 0.32890625 0.01484375 0.03046875
0 0.93203125 0.38203125 0.0171875 0.0296875
0 0.79765625 0.49765625 0.01953125 0.0296875
0 0.659375 0.5484375 0.01953125 0.0328125
0 0.65703125 0.83203125 0.01953125 0.028125
0 0.6578125 0.88515625 0.0171875 0.025
0 0.659375 0.99375 0.01875 0.01171875
1 0.909375 0.6046875 0.07109375 0.1671875
1 0.83515625 0.275 0.07109375 0.16015625
1 0.90546875 0.27265625 0.07265625 0.16484375
1 0.771875 0.77890625 0.071875 0.16640625
1 0.971875 0.6015625 0.05625 0.1640625
1 0.76953125 0.27734375 0.06953125 0.16015625
1 0.77109375 0.60703125 0.0703125 0.1671875
1 0.84453125 0.77734375 0.0703125 0.16875
1 0.70078125 0.78203125 0.071875 0.16640625
1 0.96875 0.2796875 0.0625 0.16015625
1 0.90703125 0.44296875 0.071875 0.16640625
1 0.9734375 0.92734375 0.053125 0.1453125
1 0.9125 0.92734375 0.075 0.1453125
1 0.7 0.28046875 0.071875 0.16796875
1 0.7 0.44921875 0.071875 0.16015625
1 0.9703125 0.44140625 0.059375 0.1640625
1 0.971875 0.775 0.05625 0.17578125
1 0.83359375 0.11484375 0.0703125 0.1703125
1 0.84375 0.92734375 0.06875 0.1453125
1 0.91171875 0.7765625 0.0734375 0.16875
1 0.771875 0.92734375 0.075 0.1453125
1 0.6984375 0.9296875 0.071875 0.140625
1 0.84453125 0.60625 0.07109375 0.16640625
1 0.90390625 0.1125 0.0734375 0.1671875
1 0.8359375 0.44296875 0.07265625 0.16875
1 0.96875 0.11328125 0.0625 0.1640625
1 0.7 0.11875 0.071875 0.1609375
1 0.6984375 0.60859375 0.07265625 0.16953125
1 0.6296875 0.93125 0.071875 0.13671875
1 0.6296875 0.1171875 0.06953125 0.16484375
1 0.77109375 0.11875 0.06953125 0.16484375
1 0.63359375 0.28125 0.07109375 0.16953125
1 0.771875 0.44453125 0.0703125 0.1671875
1 0.63359375 0.45 0.071875 0.16171875
1 0.634375 0.78828125 0.07265625 0.16328125
1 0.634375 0.62421875 0.071875 0.17421875
1 0.82890625 0.0171875 0.0765625 0.03359375
1 0.96875 0.015625 0.0625 0.03125
1 0.90234375 0.01640625 0.075 0.03203125
1 0.70078125 0.0203125 0.07265625 0.03984375
1 0.76953125 0.01875 0.0640625 0.03671875
1 0.6359375 0.01953125 0.07109375 0.0390625