1 0.061160952997889206 0.8812088962359479 0.12232190599577841 0.23541752965749518
1 0.08223471078451623 0.662316974791129 0.16446942156903246 0.2546768656270505
1 0.11980457977212375 0.8602477974148112 0.1611628260824803 0.2512971976422727
1 0.016455397750334787 0.8993341551331963 0.032910795500669575 0.1989123438782207
1 0.16684805282847998 0.19974137893574218 0.1668667945124492 0.24217686562705035
1 0.2466302032096507 0.5963206071869124 0.16704880503579292 0.24530186562705047
1 0.20869610565696 0.4045761175670357 0.16668478398910552 0.23905186562705044
1 0.06117417647776845 0.45725940167315515 0.1223483529555369 0.24485619665368966
1 0.3828120849632084 0.7739296595446395 0.16227029977412108 0.24354836463846716
1 0.296889995514787 0.8039301773391367 0.16227029977412108 0.24354836463846716
1 0.2923199477362174 0.37388985026683014 0.1635597839891055 0.23892453163466154
1 0.03922816342946958 0.6858937376427103 0.07845632685893916 0.2387043557412186
1 0.25424163701522956 0.17123969414505064 0.1620882892507774 0.24042336463846717
1 0.08096230268730567 0.2305549802283365 0.16192460537461134 0.24048703163466154
1 0.020693389646065506 0.4768516600761122 0.04138677929213101 0.23379667984777566
1 0.13612023954724348 0.07161372034250477 0.12430132096198276 0.10015119171077376
1 0.04025400270142309 0.26068549060845986 0.08050800540284618 0.23487901878308026
1 0.33337904528890805 0.5655070058943179 0.1669577997741211 0.24373936562705048
1 0.20949641132803745 0.8324318621298282 0.1607988050357929 0.24504719764227295
1 0.05828293685993781 0.09211190414461312 0.11656587371987562 0.11890119171077376
1 0.16806558745287004 0.6338152900004376 0.1673218208208085 0.24998936562705049
1 0.019728671074922263 0.11085924555137572 0.039457342149844525 0.13140650889724856
1 0.21685430005646972 0.0503979535365908 0.10905575256024873 0.07926568874502422
1 0.12911502147021042 0.43275946737675525 0.16503127872743367 0.2374256986308559