1 0.3835990092695939 0.4559448881196169 0.27996131468808994 0.1675248390148923
1 0.14541885128900203 0.32135166642740326 0.2626829080203627 0.15911213828925294
1 0.11921143463559233 0.5309002812181932 0.23842286927118467 0.1631994375636136
1 0.12885942831000108 0.41651039900420816 0.25771885662000216 0.16379963828925295
1 0.36448483525623077 0.5550098706964217 0.27996131468808994 0.1675248390148923
1 0.4034671612826387 0.35919637369164664 0.2783260893539081 0.1612202753125615
1 0.10693815396245628 0.6281845089856747 0.21387630792491255 0.1655059820286507
1 0.21126421666136386 0.03764384373939775 0.2618465666772723 0.0752876874787955
1 0.33971100724064063 0.6706720762313847 0.27681813335454447 0.16585321161023076
1 0.467995474657864 0.05908727940409471 0.27963405068427194 0.11817455880818942
1 0.18848924065086436 0.10977676016680102 0.2626829080203627 0.15911213828925294
1 0.09699953262254749 0.7253868911996598 0.19399906524509497 0.1648512176006804
1 0.2950962992123237 0.8807390461943176 0.2767635893539081 0.16116571161023074
1 0.28112415853759687 0.9405778376641301 0.257231792011454 0.09332344718226011
1 0.07779445194145725 0.8994518737764647 0.1555889038829145 0.08547125244707061
1 0.08772398261459331 0.8389682415624795 0.17544796522918663 0.1564385168750409
1 0.42743246729791073 0.2459052000078492 0.27992495202099904 0.16439983901489236
1 0.16942051997136492 0.20493549274360587 0.262737452020999 0.16379963828925292
1 0.4425949379774101 0.1508828766868715 0.27996131468808994 0.16752483901489237
1 0.3190706958943685 0.7666666225105203 0.2784169960216353 0.1690327753125615
1 0.47248352733131826 0.008869024594771287 0.2612829453373635 0.017738049189542575