1 0.1638260662434643 0.8177054226640259 0.2210064849563052 0.14136567038771436
1 0.15257266600603744 0.726699433003108 0.22399509263643713 0.13682371960192583
1 0.380852093361353 0.8826989141869703 0.2585064849563052 0.14311226095825447
1 0.18951169101235507 0.9745354654680967 0.20729567445232164 0.04554374813797324
1 0.9827205379384413 0.5936875324694979 0.03455892412311741 0.11177656203449331
1 0.17588344853420249 0.9094562750213907 0.21457462852981446 0.134824571959291
1 0.392295710212685 0.9533560165443351 0.2548526360516619 0.07116448635114878
1 0.3671640149106808 0.7886770864367113 0.2585519490629279 0.14467476095825482
1 0.9749247583132702 0.4900723808979214 0.05015048337345966 0.11704625889134021
1 0.6157008033113406 0.7536320366033271 0.2600689849563052 0.1431850355653605
1 0.8356028116911178 0.5141734685729779 0.2585974131695504 0.14623726095825482
1 0.5894325053437693 0.5498906064957033 0.26172241316955047 0.14638281017246654
1 0.6278036497087014 0.8469453889606919 0.26167694906292793 0.14482031017246655
1 0.8390113050272003 0.4162261201445544 0.260114449062928 0.14474753556536055
1 0.9925705625490476 0.7871100467375215 0.014858874901904785 0.11112159057054054
1 0.869615413498755 0.7152072756450722 0.25846102084968264 0.14154976095825483
1 0.8715563747356374 0.8105197756450723 0.25688725052872535 0.14467476095825482
1 0.3432621989964209 0.5856077444184287 0.26176787727617323 0.14794531017246654
1 0.13519128622258172 0.6132919044670607 0.22413148495630525 0.14151121960192584
1 0.3566691326199426 0.6968534594722406 0.2601144490629279 0.14474753556536052
1 0.968114817167901 0.3981395920227918 0.06377036566419783 0.11755568114108117
1 0.8785481723074972 0.8913331280024372 0.24290365538500575 0.0976542117440431
1 0.5780199807331631 0.4534158668347855 0.26333037727617314 0.1480180847795723
1 0.9881043714036786 0.6950680959517332 0.023791257192642946 0.11141268899896399
1 0.6411280153063922 0.9284672167109509 0.25093802586424746 0.09750866252983101
1 0.8489415491547054 0.6230754336267897 0.26011444906292774 0.14474753556536069
1 0.12159413598515487 0.5223950767168016 0.2161825926364372 0.1364598465663967
1 0.6035752248606683 0.6595374342459623 0.26167694906292793 0.14482031017246655
1 0.33111388849243734 0.4907318920610638 0.26163148495630517 0.14325781017246655
0 0.2813114314454436 0.7418256652204277 0.051091138558944316 0.03982878742738745
0 0.4389180283050229 0.5123093314743127 0.04796613855894431 0.03968323821317572
0 0.5143021247023838 0.6026753122438903 0.04801160266556703 0.04124573821317572
0 0.7496593000126353 0.4641970473566941 0.049528638558944314 0.039756012820281586
0 0.8932538388090066 0.5865899700207199 0.058159492478152684 0.0682448858558109
0 0.02833588097058995 0.5705479404467061 0.018096782132453627 0.032050520678164315