1 0.038336729423386076 0.9836990500791423 0.05961401741285455 0.032601899841715465
1 0.1634971817073782 0.9664577257851052 0.20993492198083885 0.06708454842978959
1 0.025797362619757284 0.9263555630112659 0.05159472523951457 0.0920343873053028
1 0.1460916757144844 0.9150125492212124 0.21831398801421237 0.11712061850068452
1 0.13521613071201002 0.8239329081549857 0.21831398801421242 0.11712061850068452
1 0.019641416498001083 0.8462816181049732 0.039282832996002166 0.08872753087881265
1 0.3486334995497741 0.8872609369222271 0.21206398801421242 0.11693876207419365
1 0.35880635968111085 0.9544327503957113 0.21305327792830414 0.09113449920857733
1 0.13355513342554348 0.7511175337818063 0.21510710085908263 0.11546719028743908
1 0.020825458221115128 0.7703185116784825 0.041650916442230256 0.0874378155185486
1 0.33911573665947536 0.8001330099626228 0.21510710085908258 0.11546719028743943
1 0.32812068295057367 0.7262636009497074 0.21518898801421243 0.11702969028743926
1 0.3646126243804319 0.9929185888755135 0.19654080732694626 0.014162822248972872
0 0.39583937019656046 0.8972413421742189 0.07309666327441153 0.05517088479802083