1 0.3265625 0.91640625 0.0703125 0.1671875
1 0.18046875 0.39296875 0.071875 0.1734375
1 0.0015625 0.91796875 0.003125 0.1640625
1 0.3921875 0.915625 0.0734375 0.16875
1 0.17890625 0.225 0.07578125 0.1703125
1 0.05078125 0.91796875 0.07578125 0.16328125
1 0.24453125 0.3921875 0.071875 0.17421875
1 0.24765625 0.56796875 0.071875 0.171875
1 0.32578125 0.565625 0.07265625 0.175
1 0.25078125 0.9109375 0.07109375 0.1671875
1 0.24921875 0.73515625 0.0703125 0.1765625
1 0.24375 0.0703125 0.06875 0.140625
1 0.003125 0.3984375 0.00625 0.1796875
1 0.00625 0.74609375 0.0125 0.171875
1 0.321875 0.390625 0.06875 0.1734375
1 0.17734375 0.5671875 0.07109375 0.175
1 0.3875 0.56328125 0.0703125 0.17578125
1 0.0046875 0.56875 0.009375 0.17578125
1 0.453125 0.071875 0.06875 0.14375
1 0.24609375 0.221875 0.06953125 0.1703125
1 0.040625 0.7453125 0.0703125 0.17265625
1 0.3828125 0.215625 0.07265625 0.17109375
1 0.31953125 0.215625 0.0703125 0.17265625
1 0.171875 0.0703125 0.06875 0.140625
1 0.1078125 0.06640625 0.071875 0.1328125
1 0.32109375 0.7421875 0.06953125 0.178125
1 0.39609375 0.7390625 0.06953125 0.17421875
1 0.03828125 0.56875 0.071875 0.171875
1 0.3765625 0.07421875 0.071875 0.1484375
1 0.10859375 0.39296875 0.0703125 0.17421875
1 0.384375 0.38984375 0.07265625 0.1734375
1 0.0390625 0.071875 0.071875 0.14375
1 0.1859375 0.9125 0.071875 0.1640625
1 0.1171875 0.91875 0.07890625 0.1625
1 0.4546875 0.38984375 0.06953125 0.175
1 0.315625 0.0703125 0.06875 0.140625
1 0.4578125 0.56015625 0.06953125 0.175
1 0.184375 0.74375 0.07109375 0.175
1 0.04453125 0.396875 0.07421875 0.18203125
1 0.11015625 0.56640625 0.07109375 0.1734375
1 0.1125 0.74453125 0.07421875 0.17421875
1 0.4546875 0.221875 0.06953125 0.16875
1 0.04375 0.21640625 0.07265625 0.17421875
1 0.10703125 0.22265625 0.0703125 0.1703125
1 0.46171875 0.91484375 0.07109375 0.1703125
1 0.459375 0.73828125 0.0703125 0.178125
0 0.1296875 0.15234375 0.02421875 0.03359375