0 0.9200179531166613 0.56796875 0.048212006920082116 0.0328125
0 0.7372001359301865 0.64453125 0.046331171939110224 0.025
0 0.8462156971851623 0.53984375 0.04208934091247087 0.0359375
0 0.8752306710248892 0.8109375 0.038582338935304605 0.0265625
0 0.47795246992257534 0.64765625 0.038837006920082115 0.0328125
0 0.14632442102488918 0.8109375 0.05127333992388783 0.03125
0 0.3459463721272031 0.97421875 0.03539367193911023 0.025
1 0.8037986814050125 0.86015625 0.20531885277546919 0.0921875
1 0.7981495647893789 0.70234375 0.20200285178688587 0.0875
1 0.6074290642950875 0.7 0.20838018577927464 0.090625
1 0.9517096690105419 0.85703125 0.09658066197891628 0.0890625
1 0.8047337817090237 0.940625 0.21144151878308043 0.0890625
1 0.8019231636105154 0.77578125 0.20519151878308045 0.0890625
1 0.9493049106075848 0.775 0.10139017878483045 0.084375
1 0.4024285465005903 0.615625 0.21156885277546916 0.0921875
1 0.40511714779318453 0.70078125 0.20850751977166343 0.09375
1 0.6089862471086125 0.7765625 0.2085075197716634 0.09375
1 0.6032734634967847 0.6171875 0.20050401878308044 0.0890625
1 0.3974916957022875 0.5328125 0.20838018577927472 0.090625
1 0.8041727076024667 0.984375 0.20570617193911014 0.025
1 0.9517706774134987 0.9390625 0.09645864517300247 0.09375
1 0.1928360292003847 0.53359375 0.21188718775644108 0.1
1 0.6161713474126238 0.85703125 0.20056768577927464 0.090625
1 0.08561370859104982 0.9890625 0.07589133794672147 0.021875
1 0.598368446196579 0.53515625 0.19581651878308043 0.0890625
1 0.4097356636105154 0.77578125 0.19900518577927465 0.090625
1 0.7938984634967846 0.6171875 0.20831651878308027 0.0890625
1 0.07548799760290416 0.77890625 0.08344385277546909 0.0921875
1 0.06564612950439586 0.6140625 0.08325285178688593 0.0875
1 0.19686429600629865 0.61328125 0.21150518577927474 0.090625
1 0.6133275317090237 0.940625 0.20213018577927463 0.090625
1 0.4141724487052181 0.9421875 0.20838018577927464 0.090625
1 0.41229693091072084 0.8578125 0.21475751977166344 0.09375
1 0.06402527969467628 0.5359375 0.0881313527754691 0.0921875
1 0.21373870859104982 0.9890625 0.20089133794672148 0.021875
1 0.20835884741262373 0.85703125 0.20838018577927472 0.090625
1 0.41608245859104975 0.9890625 0.20557883794672147 0.021875
1 0.08370369870521807 0.9421875 0.08031885277546909 0.0921875
1 0.2125781152071209 0.94140625 0.20838018577927464 0.090625
1 0.08013834691833215 0.8546875 0.0834438527754691 0.0921875
1 0.9500888192008222 0.69921875 0.09982236159835552 0.0859375
1 0.949182893801671 0.61640625 0.10163421239665808 0.0859375
1 0.07520681330650421 0.6953125 0.09281885277546911 0.0921875
1 0.2080829803026986 0.696875 0.2021938527754691 0.0921875
1 0.9453429693911026 0.54453125 0.10931406121779474 0.0890625
1 0.22405283159529293 0.78203125 0.2147575197716635 0.09375
1 0.7885305311775511 0.54296875 0.20669035178688588 0.0875