1 0.440005954129494 0.96213590909054 0.23076019867918127 0.0757281818189199
1 0.5087259454169052 0.6419107767966503 0.24227950135263546 0.15479812188998174
1 0.4964719407622229 0.7294959859780474 0.2454408640197263 0.15808689620024124
1 0.23157474144649476 0.8452217260284248 0.25485222668681723 0.1617032191310198
1 0.27314298142104143 0.6600145663720578 0.24854768268618094 0.15668817051050077
1 0.884299752108495 0.845075556872661 0.1529806440165448 0.1298180540475861
1 0.21997471745699432 0.9219103787873868 0.2420067813494538 0.13136062188998174
1 0.867512788788949 0.9413182163039149 0.14200678134945371 0.11736356739217016
1 0.060036096117085526 0.865120388964152 0.10127269334818115 0.11461577792830405
1 0.4596275634547672 0.9180738070998036 0.2469670013526354 0.15504378335537083
1 0.10654418539145187 0.4334476650834339 0.20476132001909 0.15127033016686778
1 0.24861624343567712 0.7664759283124168 0.25645108935390815 0.16491010628614955
1 0.4766327027768586 0.8362030093837959 0.24700336401972645 0.15816878335537093
1 0.06858384544076779 0.7945179618949305 0.12033177601845368 0.14216092378986112
1 0.2869776674092692 0.5740737443457904 0.25167268268618087 0.1568519448207603
1 0.3055543973981334 0.4930660837849124 0.25483404535327187 0.1601407191310198
1 0.07774921276254104 0.709893978403274 0.14073518268618093 0.15103795680654794
1 0.09815097740290589 0.5173313421526553 0.18601132001909002 0.1502876843053107
1 0.7489236840785873 0.6178026486866321 0.25011018268618096 0.1567700576656305
1 0.7150406747692226 0.7924817441186478 0.2438420013526356 0.15488000904511168
1 0.9021225040976774 0.766370702734218 0.15456132535009032 0.13146244120271575
1 0.6950832581158128 0.8890325175243963 0.24229768268618096 0.15636062188998173
1 0.08898561008113262 0.601955325644312 0.16564427601845372 0.14453565128862386
1 0.5287379060709514 0.5500475033909019 0.2407170013526354 0.15471623473485216
1 0.6653059461329939 0.9936902035271876 0.23953521467218158 0.012619592945624803
1 0.738295814091314 0.710938495023159 0.2469670013526354 0.155043783355371
1 0.6765247094604941 0.9509671149925769 0.24522268801718106 0.09806577001484626
1 0.8440485641310849 0.9855235786965297 0.14767497867599957 0.028952842606940622
1 0.922143555418496 0.6752886793284697 0.1529806440165448 0.1298180540475858