1 0.32890625 0.35 0.071875 0.175
1 0.05390625 0.35078125 0.07421875 0.17578125
1 0.05390625 0.8828125 0.07109375 0.178125
1 0.1234375 0.69375 0.0734375 0.171875
1 0.0578125 0.6953125 0.0734375 0.16953125
1 0.121875 0.34765625 0.07265625 0.17421875
1 0.1984375 0.6890625 0.07109375 0.16875
1 0.19296875 0.87265625 0.07578125 0.18046875
1 0.40234375 0.3453125 0.07109375 0.17265625
1 0.3265625 0.0484375 0.071875 0.096875
1 0.05703125 0.51953125 0.071875 0.175
1 0.40859375 0.6875 0.0703125 0.17265625
1 0.40625 0.51953125 0.071875 0.16953125
1 0.0078125 0.04296875 0.015625 0.0859375
1 0.19609375 0.52265625 0.0703125 0.1703125
1 0.009375 0.35 0.01875 0.17578125
1 0.3265625 0.1734375 0.0703125 0.1703125
1 0.12734375 0.875 0.06953125 0.18203125
1 0.2703125 0.87734375 0.071875 0.1734375
1 0.253125 0.0453125 0.06875 0.08984375
1 0.3890625 0.0484375 0.071875 0.096875
1 0.11875 0.0484375 0.075 0.096875
1 0.4703125 0.51796875 0.0703125 0.17265625
1 0.4 0.17734375 0.0703125 0.1703125
1 0.009375 0.178125 0.01875 0.17578125
1 0.11953125 0.17890625 0.07109375 0.17265625
1 0.12421875 0.5234375 0.07421875 0.171875
1 0.009375 0.6890625 0.01875 0.16796875
1 0.1796875 0.0484375 0.071875 0.096875
1 0.47578125 0.875 0.0703125 0.1796875
1 0.18671875 0.34765625 0.0703125 0.17578125
1 0.25625 0.17265625 0.07265625 0.17265625
1 0.33125 0.5203125 0.06953125 0.16640625
1 0.0484375 0.17890625 0.075 0.17265625
1 0.053125 0.0484375 0.075 0.096875
1 0.009375 0.51953125 0.01875 0.171875
1 0.4109375 0.8765625 0.07109375 0.17578125
1 0.471875 0.68671875 0.07109375 0.1734375
1 0.1828125 0.17265625 0.0734375 0.175
1 0.3375 0.8703125 0.0734375 0.178125
1 0.2609375 0.521875 0.07265625 0.16953125
1 0.0109375 0.8828125 0.021875 0.171875
1 0.465625 0.3484375 0.06796875 0.175
1 0.27109375 0.6984375 0.0734375 0.1734375
1 0.2578125 0.34921875 0.0703125 0.1765625
1 0.33359375 0.6875 0.06953125 0.17109375
1 0.4578125 0.0453125 0.071875 0.08984375
1 0.4640625 0.17734375 0.06953125 0.16953125
1 0.47265625 0.98203125 0.078125 0.03359375
1 0.40859375 0.98203125 0.07890625 0.0328125
1 0.3390625 0.98203125 0.078125 0.03359375
1 0.26953125 0.9828125 0.07578125 0.03203125
1 0.19609375 0.984375 0.07578125 0.03046875
0 0.0078125 0.2875 0.015625 0.02734375