1 0.355245516790223 0.151104476576528 0.12310022721932726 0.21742684389007838
1 0.04300590585929815 0.7964407424781527 0.0860118117185963 0.20884145407749272
1 0.2222246525475872 0.3771548480467135 0.11835816351699639 0.21572795157021032
1 0.13135156045265192 0.9383099937317938 0.11379465988879933 0.12338001253641231
1 0.30865322586856486 0.36559287391096096 0.1215922909216581 0.21894387978345575
1 0.29035453822013335 0.9289326452228618 0.10992561542376214 0.14213470955427637
1 0.20891356526197535 0.9331965963973609 0.11266866950744614 0.13360680720527823
1 0.18880694030438433 0.7742427967139299 0.11824903611233469 0.21260295157021042
1 0.2003571201482676 0.17475126207419392 0.11835816351699639 0.21572795157021032
1 0.04841765263240518 0.1967673514119258 0.09683530526481036 0.21228470282385162
1 0.11317457867845529 0.1855092541566351 0.12142859981466554 0.2142563797834557
1 0.4024875275051782 0.5450650767348126 0.11835816351699643 0.2157279515702104
1 0.02944193022240136 0.6073638706122557 0.05888386044480272 0.20222774122451134
1 0.05775036934565936 0.9420427474927175 0.0978422776748142 0.11591450501456499
1 0.3787573947430388 0.35120977665567027 0.12148316351699648 0.21581887978345576
1 0.006738584120750901 0.20884380258642476 0.013477168241501802 0.20518760517284954
1 0.10790168068573751 0.784401395222862 0.11657740870767297 0.2094324874635877
1 0.13582336107777487 0.3879355721824661 0.12142859981466554 0.21425637978345566
1 0.17923114301375834 0.06308633636823101 0.10034722958157993 0.05755173871722892
1 0.09835316524627692 0.07246368487716293 0.09738592068857252 0.06214831050398355
1 0.035873012613871734 0.08153715650563301 0.07174602522774347 0.066199313011266
1 0.2813442253204107 0.162248913565262 0.12315479092165801 0.21898934389007843
1 0.32465270418420045 0.5568771034569899 0.11824903611233469 0.21260295157021042
1 0.34101438039988663 0.04355038935036716 0.0953869110699257 0.049602846397360865
1 0.26343491807186575 0.7646835917785074 0.11824903611233469 0.21260295157021042
1 0.15968990309574135 0.5778846222616083 0.11501490870767297 0.20938702335696496
1 0.2664136844835706 0.05232834428578982 0.09393353847458741 0.05268238229073818
1 0.42454603286265574 0.7419999127073321 0.11803078130301134 0.2063529515702104
1 0.24059516271438816 0.5677260237526764 0.11813990870767296 0.2094779515702104
1 0.34986349139284345 0.7531216176427549 0.11490578130301125 0.20626202335696497
1 0.0847618249654402 0.596037577197031 0.11674109981466554 0.21411998746358768
1 0.4455331115411111 0.917075154394062 0.11715776206571751 0.16584969121187604
1 0.061140819607962624 0.3990572771178887 0.11835816351699639 0.21572795157021032
1 0.02046128902274156 0.4124689077592743 0.04092257804548312 0.21556281551854856
1 0.3718500748806222 0.9230607299417404 0.11354168874473984 0.15387854011651925
0 0.17094233930859248 0.9051063518076372 0.02798115626060227 0.04139788981258548
0 0.24114830045548694 0.10399013268644959 0.03110615626060227 0.04148881802583095
0 0.31761647578374685 0.6911839072970558 0.03423115626060227 0.04157974623907634
0 0.18952376915247568 0.30581940564770316 0.03590278366526398 0.04475021034569897
0 0.2632068058129645 0.30092496865896917 0.03272321996293313 0.043096782132453625
0 0.12803316452848673 0.5214383939692206 0.03930060217691826 0.05265363855894449
0 0.39205348059307027 0.6870934523616332 0.03801092068857255 0.0604206744523216
0 0.29977670055600336 0.6421781059642724 0.02921627404661713 0.03206835391920819
0 0.33049095409938245 0.8823772086298394 0.031324411069925694 0.04773881802583091