1 0.853125 0.91953125 0.09375 0.1609375
1 0.95078125 0.51328125 0.0921875 0.221875
1 0.60390625 0.27890625 0.09453125 0.22109375
1 0.9390625 0.9234375 0.096875 0.15234375
1 0.6890625 0.2828125 0.09375 0.22109375
1 0.9984375 0.9234375 0.003125 0.15234375
1 0.8625 0.73203125 0.0890625 0.225
1 0.49140625 0.7203125 0.09296875 0.22578125
1 0.946875 0.7359375 0.09453125 0.22265625
1 0.5921875 0.72421875 0.0953125 0.22578125
1 0.7546875 0.91796875 0.090625 0.1640625
1 0.50390625 0.27578125 0.090625 0.21953125
1 0.49609375 0.496875 0.0953125 0.221875
1 0.40390625 0.7171875 0.09765625 0.2265625
1 0.59609375 0.49765625 0.09453125 0.22265625
1 0.4109375 0.49453125 0.09296875 0.22109375
1 0.8671875 0.50859375 0.08984375 0.22265625
1 0.4828125 0.9140625 0.096875 0.171875
1 0.68359375 0.50078125 0.09453125 0.22109375
1 0.9546875 0.2890625 0.090625 0.21875
1 0.3953125 0.9140625 0.096875 0.171875
1 0.69296875 0.0859375 0.09453125 0.171875
1 0.778125 0.0875 0.09375 0.175
1 0.76171875 0.72890625 0.09296875 0.225
1 0.6765625 0.72734375 0.096875 0.2265625
1 0.584375 0.915625 0.1 0.16796875
1 0.60859375 0.084375 0.09453125 0.16875
1 0.87734375 0.09296875 0.09296875 0.1828125
1 0.42734375 0.08515625 0.0953125 0.1671875
1 0.7671875 0.50390625 0.0953125 0.2203125
1 0.78203125 0.290625 0.09375 0.215625
1 0.41953125 0.27421875 0.09453125 0.21953125
1 0.66875 0.91796875 0.09375 0.1640625
1 0.95625 0.08984375 0.0875 0.1796875
1 0.51875 0.0859375 0.09296875 0.16796875
1 0.87265625 0.29453125 0.0921875 0.2171875
0 0.6390625 0.1375 0.028125 0.04140625
0 0.54609375 0.13671875 0.03359375 0.0421875
0 0.8953125 0.590625 0.03203125 0.04375
0 0.9859375 0.65703125 0.028125 0.0359375