1 0.571875 0.96640625 0.125 0.0671875
1 0.35234375 0.81875 0.12578125 0.075
1 0.9421875 0.85 0.115625 0.07421875
1 0.58046875 0.8984375 0.11328125 0.0703125
1 0.1 0.9921875 0.11875 0.015625
1 0.23671875 0.8140625 0.11484375 0.0765625
1 0.996875 0.978125 0.00625 0.04296875
1 0.34765625 0.89296875 0.125 0.0765625
1 0.9390625 0.9125 0.121875 0.07421875
1 0.359375 0.75078125 0.11875 0.0734375
1 0.4546875 0.96484375 0.128125 0.0703125
1 0.125 0.88125 0.1203125 0.0703125
1 0.12890625 0.675 0.115625 0.071875
1 0.1328125 0.74765625 0.128125 0.0703125
1 0.8234375 0.76953125 0.11171875 0.07734375
1 0.82734375 0.84453125 0.11796875 0.07421875
1 0.9390625 0.69921875 0.121875 0.0703125
1 0.7015625 0.90390625 0.1265625 0.075
1 0.23515625 0.884375 0.1171875 0.071875
1 0.47421875 0.8265625 0.11953125 0.06953125
1 0.334375 0.99609375 0.11875 0.0078125
1 0.70859375 0.83515625 0.12578125 0.07421875
1 0.71875 0.76640625 0.1265625 0.07578125
1 0.94375 0.7734375 0.1125 0.0703125
1 0.9359375 0.97421875 0.121875 0.0515625
1 0.12109375 0.81015625 0.1203125 0.07421875
1 0.221875 0.99375 0.11875 0.01171875
1 0.24296875 0.75 0.12109375 0.07265625
1 0.5953125 0.7578125 0.11953125 0.071875
1 0.340625 0.9609375 0.11875 0.078125
1 0.24453125 0.67578125 0.12578125 0.0703125
1 0.11328125 0.95625 0.11953125 0.07421875
1 0.590625 0.83359375 0.1171875 0.0734375
1 0.6953125 0.96875 0.121875 0.0625
1 0.0296875 0.88046875 0.059375 0.07109375
1 0.46875 0.8953125 0.12421875 0.078125
1 0.4734375 0.75546875 0.125 0.075
1 0.3640625 0.678125 0.1046875 0.06796875
1 0.03828125 0.6734375 0.0765625 0.075
1 0.23046875 0.95234375 0.11796875 0.07421875
1 0.46875 0.68203125 0.13046875 0.07109375
1 0.59609375 0.6875 0.13671875 0.075
1 0.725 0.69375 0.1109375 0.07421875
1 0.82265625 0.909375 0.1203125 0.0765625
1 0.81796875 0.69375 0.12109375 0.0703125
1 0.996875 0.84765625 0.00625 0.0703125
1 0.8203125 0.97265625 0.115625 0.0546875
1 0.02734375 0.953125 0.0546875 0.075
1 0.03359375 0.8078125 0.06640625 0.075
1 0.9984375 0.02734375 0.003125 0.0546875
1 0.0234375 0.9921875 0.046875 0.015625
1 0.0359375 0.74453125 0.07109375 0.06796875
1 0.734375 0.02265625 0.12109375 0.04453125
1 0.9453125 0.0234375 0.109375 0.046875
1 0.84375 0.0234375 0.11875 0.04609375
1 0.621875 0.021875 0.12265625 0.04375
1 0.5171875 0.02109375 0.1203125 0.0421875
1 0.415625 0.01875 0.11484375 0.03671875
1 0.30703125 0.01796875 0.1265625 0.0359375
0 0.1859375 0.98359375 0.0328125 0.0234375
0 0.41328125 0.70078125 0.03125 0.0234375
0 0.74765625 0.8578125 0.0265625 0.021875
0 0.0703125 0.978125 0.02734375 0.02421875
0 0.4984375 0.98828125 0.021875 0.0234375
0 0.5125 0.85234375 0.0265625 0.02578125
0 0.78125 0.8609375 0.01484375 0.02109375
0 0.86875 0.71953125 0.0203125 0.03046875
0 0.86875 0.78984375 0.01953125 0.02890625
0 0.90703125 0.79296875 0.01953125 0.01953125
0 0.9859375 0.940625 0.0203125 0.028125