1 0.030616884864527655 0.8977927578925078 0.06123376972905531 0.20441448421498443
1 0.22183263743831713 0.892960315700311 0.12685933135366606 0.21407936859937812
1 0.3359406015449398 0.8947195077513335 0.12695025956691142 0.21056098449733307
1 0.10384115538500578 0.8903743710184525 0.1221263672470434 0.21925125796309503
1 0.028011339733443295 0.12116934471009329 0.05602267946688659 0.22671368942018658
1 0.10174041244463476 0.6452886551487323 0.12666075455234652 0.27879139988706053
1 0.03099562691371535 0.6397296289109603 0.0619912538274307 0.2778967578219206
1 0.20177047083704727 0.3811267155873715 0.1268880750854599 0.28660389988706053
1 0.3213244528903586 0.3873073681052679 0.12670621865896922 0.28035389988706055
1 0.21669782271119145 0.6480712918816133 0.12362668276559192 0.28173438936371686
1 0.2012776920032989 0.12910918927901222 0.1252513672470434 0.2303538998870605
1 0.3238427329777481 0.650398902306135 0.1252801109788372 0.2849503946253886
1 0.030093013790053552 0.3824253631259448 0.060186027580107104 0.2836007262518895
1 0.10310565030393386 0.383205884102045 0.12353575455234651 0.2786093893637169
1 0.10279472789667624 0.12493835779368574 0.12060933135366607 0.23164338410204496
1 0.3311243163764783 0.1311938759977757 0.12511497492717538 0.2256663998870605
0 0.2889723248227625 0.8267948023343699 0.045341243731793844 0.057235647326811634
0 0.2836449449727998 0.47197849971765127 0.04060827962517113 0.05540013154179633
0 0.18155228140753782 0.7532369340173404 0.032795779625171176 0.05494510523343692
0 0.06892293461446553 0.989866136803468 0.03353992570596289 0.020267726393063866
0 0.12616271707612356 0.34385495776545083 0.037528743731793844 0.05678062101845249