1 0.9171875 0.96640625 0.121875 0.0671875
1 0.31875 0.98984375 0.11875 0.0203125
1 0.4359375 0.99375 0.121875 0.01171875
1 0.440625 0.95625 0.11953125 0.078125
1 0.2125 0.8734375 0.11640625 0.07734375
1 0.8109375 0.753125 0.12421875 0.07109375
1 0.68046875 0.890625 0.11953125 0.0765625
1 0.1046875 0.79375 0.121875 0.078125
1 0.81484375 0.6796875 0.12109375 0.07265625
1 0.921875 0.89453125 0.11875 0.07578125
1 0.9359375 0.6109375 0.11953125 0.0765625
1 0.68984375 0.67734375 0.115625 0.0734375
1 0.559375 0.96015625 0.12421875 0.0765625
1 0.5734375 0.67421875 0.1171875 0.0734375
1 0.809375 0.81953125 0.12265625 0.07578125
1 0.44609375 0.88046875 0.1171875 0.07265625
1 0.46015625 0.6703125 0.1203125 0.07578125
1 0.5796875 0.6015625 0.11171875 0.06953125
1 0.1984375 0.98828125 0.121875 0.0234375
1 0.80625 0.89375 0.12109375 0.0765625
1 0.4734375 0.53125 0.1140625 0.0734375
1 0.4515625 0.740625 0.11875 0.0765625
1 0.20390625 0.93984375 0.11796875 0.078125
1 0.56796875 0.8109375 0.11875 0.07734375
1 0.990625 0.9 0.01875 0.07421875
1 0.9921875 0.96875 0.015625 0.0625
1 0.21875 0.79921875 0.1171875 0.0765625
1 0.93828125 0.5484375 0.115625 0.07265625
1 0.7921875 0.99609375 0.121875 0.0078125
1 0.99375 0.7578125 0.0125 0.0703125
1 0.6984375 0.60390625 0.1171875 0.07109375
1 0.125 0.525 0.11796875 0.07109375
1 0.690625 0.7484375 0.11328125 0.0765625
1 0.99375 0.834375 0.0125 0.07421875
1 0.3234375 0.9453125 0.12109375 0.07578125
1 0.08125 0.984375 0.11875 0.03125
1 0.23515625 0.5890625 0.1109375 0.071875
1 0.56328125 0.88515625 0.11953125 0.07578125
1 0.92265625 0.83125 0.1171875 0.0734375
1 0.09140625 0.93515625 0.11953125 0.0796875
1 0.8203125 0.60703125 0.1171875 0.0765625
1 0.34296875 0.6640625 0.11796875 0.07578125
1 0.35 0.53046875 0.12265625 0.07109375
1 0.6703125 0.99609375 0.121875 0.0078125
1 0.328125 0.87734375 0.115625 0.0734375
1 0.3453125 0.59453125 0.121875 0.075
1 0.70546875 0.540625 0.11640625 0.0703125
1 0.24296875 0.528125 0.11015625 0.06796875
1 0.35546875 0.459375 0.12109375 0.06953125
1 0.584375 0.46640625 0.10703125 0.07109375
1 0.79375 0.96484375 0.11875 0.0703125
1 0.0953125 0.8703125 0.12265625 0.075
1 0.93359375 0.68515625 0.11640625 0.07421875
1 0.55625 0.99375 0.125 0.01171875
1 0.46484375 0.59765625 0.1203125 0.06875
1 0.1328125 0.4546875 0.11640625 0.06796875
1 0.99375 0.615625 0.0125 0.07421875
1 0.6859375 0.815625 0.12109375 0.078125
1 0.115625 0.6578125 0.11484375 0.07421875
1 0.1078125 0.73046875 0.11484375 0.07109375
1 0.4484375 0.8078125 0.12109375 0.07578125
1 0.675 0.9609375 0.11875 0.078125
1 0.996875 0.6859375 0.00625 0.07421875
1 0.696875 0.47109375 0.1390625 0.07421875
1 0.3328125 0.8046875 0.115625 0.07265625
1 0.22421875 0.7328125 0.115625 0.07109375
1 0.3421875 0.72734375 0.115625 0.0640625
1 0.57421875 0.7453125 0.11953125 0.0765625
1 0.93046875 0.7578125 0.1171875 0.07265625
1 0.99375 0.5484375 0.0125 0.06640625
1 0.23046875 0.659375 0.1140625 0.07734375
1 0.034375 0.51953125 0.06875 0.078125
1 0.94296875 0.47578125 0.1109375 0.06796875
1 0.24921875 0.45546875 0.1140625 0.0703125
1 0.02578125 0.728125 0.0515625 0.0734375
1 0.5828125 0.53515625 0.1125 0.07421875
1 0.828125 0.47421875 0.11796875 0.071875
1 0.8234375 0.54453125 0.11875 0.07265625
1 0.47421875 0.4625 0.11875 0.06875
1 0.12265625 0.584375 0.1171875 0.0765625
1 0.0375 0.4515625 0.075 0.06640625
1 0.996875 0.478125 0.00625 0.07421875
1 0.0296875 0.6546875 0.059375 0.07421875
1 0.0234375 0.79453125 0.046875 0.07734375
1 0.034375 0.5796875 0.06875 0.08515625
1 0.01953125 0.86484375 0.03828125 0.078125
1 0.015625 0.93046875 0.03125 0.0734375
1 0.0125 0.98203125 0.025 0.0359375
0 0.6390625 0.4890625 0.02421875 0.02265625
0 0.7421875 0.63359375 0.03046875 0.025
0 0.0515625 0.60625 0.025 0.02265625
0 0.73359375 0.76875 0.02109375 0.0265625
0 0.284375 0.55234375 0.0234375 0.02421875
0 0.3171875 0.8625 0.0296875 0.02734375