1 0.9451495451477336 0.39249404536328286 0.06674642619541978 0.1289818458553869
1 0.8853118135635851 0.38947647471676694 0.09174642619541977 0.13000051779449712
1 0.8641321614692117 0.9538427222453091 0.08225105787839056 0.020498183802108372
1 0.809621568825257 0.3910018240321949 0.09018392619541978 0.12993685079830275
1 0.9160179690652533 0.6384113818271296 0.08549642619541978 0.12974584980971962
1 0.7425705767177648 0.39139575486855377 0.08871243145709169 0.13143568380210838
1 0.5253342429545382 0.8694437949061724 0.09183743145709151 0.13156301779449714
1 0.8797186350902653 0.8869589697738511 0.09027493145709187 0.13149935079830258
1 0.7200104351467351 0.9527006693932902 0.07838260523343692 0.03436968281352506
1 0.7910131798850633 0.9513663210664454 0.07976309471009327 0.03130834980971962
1 0.6323710111586281 0.6374987751345088 0.0883484104104042 0.12518568380210837
1 0.9092171483150322 0.9559026293556716 0.013046031570031147 0.009884335969555024
1 0.9201161219360857 0.889209877872797 0.02125191567207594 0.12401050296574923
1 0.8676931321064936 0.5180153101920305 0.09174642619541977 0.13000051779449712
1 0.6530049456700787 0.952313350229649 0.07249662628012424 0.04036501482874755
1 0.7198471663073607 0.5139074248304978 0.08853042093374804 0.12831068380210836
1 0.845932982219433 0.6373701466558772 0.0883484104104042 0.12518568380210837
1 0.9329541110598061 0.5215912963518661 0.07612142619541977 0.12936384783255317
1 0.7965993821064936 0.5209121585188753 0.09054794724210709 0.13618685079830276
1 0.6685338372411085 0.39129493718778735 0.0852234104104042 0.1250583498097196
1 0.7345349377069839 0.8772868339180266 0.09036593671876361 0.13306185079830257
1 0.615897600748224 0.7597557771116753 0.08871243145709151 0.13143568380210838
1 0.7734132401119409 0.6379869119789164 0.09312691567207594 0.1269391847906917
1 0.5782324588242584 0.9514631160469798 0.08232665258848364 0.04855951680591417
1 0.5375373823182551 0.753595960419492 0.0902749314570915 0.13149935079830258
1 0.5751262005082276 0.5096722054765761 0.08540542093374803 0.12818334980971963
1 0.6876815954865522 0.7583895952867332 0.09018392619541978 0.12993685079830292
1 0.8122049113986247 0.8819159841083071 0.09183743145709151 0.13156301779449714
1 0.9016152928698336 0.7652603833100043 0.08549642619541978 0.12974584980971962
1 0.46309955346376447 0.8540535582520452 0.08613346302712266 0.1406833498097196
1 0.9349815297156541 0.7677977928918249 0.01638240514873246 0.12069450197716627
1 0.5953282245386868 0.8720475300774246 0.09129139988706055 0.12218801779449713
1 0.44527574565596134 0.9459691442216004 0.08203822625188942 0.07037084980971961
1 0.4742029244116299 0.743706307263462 0.08146137357870131 0.11399351581733086
1 0.8295960797015367 0.7572833986330435 0.08871243145709151 0.13143568380210838
1 0.7525253454865521 0.7557474149446659 0.08862142619541977 0.12987318380210838
1 0.5954148556569601 0.38881853600892374 0.08816639988706054 0.12206068380210837
1 0.6691374508611634 0.8760545977581911 0.08871243145709151 0.13143568380210838
1 0.6475094347232121 0.511399190153537 0.08853042093374786 0.12831068380210836
1 0.7057630085277923 0.6352876763133725 0.09138240514873246 0.12375051779449713
1 0.5064484640859303 0.9528292978719218 0.0825086631118273 0.05168451680591417
1 0.4925650585136749 0.6291663047920041 0.089076452503779 0.13768568380210838
1 0.5596160506211671 0.6287723739556453 0.08549642619541978 0.12974584980971962
1 0.5323156161803038 0.3882720493547966 0.08798438936371689 0.11893568380210837
1 0.5118449505082276 0.512250718822449 0.08853042093374804 0.12831068380210836
0 0.7205388690934883 0.6759935893552342 0.027093121018452494 0.036956171939110403
0 0.6037861956700787 0.9543188606097723 0.03030912628012423 0.03864600593149916
0 0.7526409246233914 0.954488662473208 0.03426858418674961 0.02633700692008247
0 0.6648341716396196 0.5886328522068155 0.031234589448421345 0.02777217292769336
0 0.5451649556993123 0.4352916293928527 0.024802578925077867 0.02439250494291585
0 0.681216576788352 0.467938350229649 0.03748458944842135 0.028026840912470874
0 0.8449367135212329 0.34669606711211276 0.031052578925077866 0.024647172927693452