1 0.12530675298377178 0.3651835119808996 0.24955892619541978 0.13501987386128267
1 0.13972483973077013 0.2648834116180798 0.24597889988706054 0.12709824645662096
1 0.8636999370011121 0.13668639039705158 0.2525019156720759 0.1320040012659444
1 0.8751827395472433 0.05314727033360204 0.2470863735787013 0.10629454066720408
1 0.15805688175355775 0.17770087014826758 0.24450740514873237 0.12860618275429006
1 0.35023115827367846 0.3853967751429255 0.2540644156720761 0.13205856496827514
1 0.8485916055157856 0.2354512726110367 0.24625191567207594 0.13178574645662094
1 0.39648161589795505 0.0999850647986392 0.25231990514873226 0.12887900126594437
1 0.36216898712816903 0.28752227033360206 0.24606990514873245 0.12866074645662096
1 0.5989031476797476 0.30576380572814654 0.2524109104104042 0.1304415012659444
1 0.1852626658132504 0.023881444102217455 0.24822466837349916 0.04776288820443491
1 0.6196699449642071 0.21693691870483794 0.25250191567207614 0.1320040012659444
1 0.3797652817817926 0.1995857607149552 0.2538824051487324 0.12893356496827524
1 0.17307420797721237 0.08049848793428244 0.24763240514873236 0.1287153101589518
1 0.3296995794191879 0.4835713803150686 0.24910389988706055 0.12720737386128267
1 0.4102248684582038 0.033960793832064975 0.24517526308359247 0.06792158766412995
1 0.11707556598265963 0.4616319260460501 0.23415113196531925 0.12876987386128266
1 0.5844395583019134 0.4068451560909662 0.24955892619541978 0.13501987386128267
1 0.5662517294474227 0.5049379157096131 0.25535389988706036 0.12742562867060608
1 0.8095914767459996 0.42315216925299215 0.2430359104104042 0.13011411905195924
1 0.645388823733993 0.042772782082833506 0.2513188472703419 0.08554556416566701
1 0.9559652187829049 0.3463118723408843 0.05002936305535784 0.10934028366526398
1 0.6324345264495336 0.1182538820443491 0.2540644156720761 0.13205856496827523
1 0.8212562898154747 0.3299651644436687 0.24625191567207594 0.13178574645662094
1 0.9773151159685423 0.15376970827573372 0.029534852532013645 0.10550595553496285
1 0.7936563926298372 0.5227255833181428 0.2525019156720759 0.1320040012659444
1 0.9662495423757236 0.2500544312338917 0.04038134727034191 0.10432540145127882
0 0.7793928264354161 0.0983084258764141 0.04575211575678075 0.03590278366526396
0 0.4773481241433986 0.46516114229596817 0.042627115756780756 0.03579365626060227
0 0.2864101239316371 0.24962545545014483 0.04749662628012441 0.03908234736759484
0 0.6975975238892849 0.19082579729062604 0.039502115756780753 0.035684528855940555
0 0.7610684896884179 0.19874493549506095 0.040973610495108836 0.034176592558271365
0 0.9336744478773916 0.5014631638106966 0.03307010523343692 0.03234127404661713
0 0.1782882688393745 0.4327231868458233 0.05879814732681177 0.045714293283910835
0 0.09690800817485645 0.2905480997298475 0.051167657850155465 0.04856647477225655
1 0.9389310952747906 0.5316863771502077 0.06262036831702958 0.11133929328391083
1 0.9449374425451328 0.4285613771502077 0.062256347270341905 0.10508929328391084