1 0.7766994073440449 0.09696275902114648 0.155705654678545 0.09110039152687514
1 0.7824414246896808 0.18769686179468814 0.15261701734563574 0.094152656344514
1 0.9285618993475449 0.2793966653656605 0.14287620130491022 0.10025718597979179
1 0.6254465373567717 0.18716691888104217 0.14480451734563574 0.09397081838861121
1 0.4809607406906352 0.18770916669684068 0.14792951734563572 0.09404355357097235
1 0.7721295386696363 0.03984059004319509 0.1536340773392725 0.047314023935694574
1 0.3388368753580443 0.18986846589941 0.15109088001272664 0.09724128875333352
1 0.4890465080362711 0.2784978208571532 0.140080654678545 0.09073671561506957
1 0.358033412714816 0.36292475940239616 0.14324201734563582 0.09393445079743072
1 0.3276533800127267 0.1013508265567364 0.1495465613462721 0.0987674211621529
1 0.4683141953373635 0.04057959355857678 0.149128390674727 0.0628299211621529
1 0.053552261338317954 0.037955248100138936 0.10708634134309045 0.07434799620027786
1 0.9313829093531126 0.3567949667524314 0.1372341812937748 0.09077308320625015
1 0.9978289726686818 0.09665820696878555 0.004342054662636485 0.08760910277354168
1 0.6382288953691801 0.27884592581489637 0.147893154678545 0.09091855357097237
1 0.625981792011454 0.09892203647222275 0.14329656134627217 0.09862195079743068
1 0.06579991203849823 0.2850484536472223 0.12607269867918125 0.09509690729444457
1 0.9126727226686817 0.0360824232494452 0.14407726400381798 0.03147081838861123
1 0.7905271920353166 0.27848551595500065 0.14798406134627218 0.09873105357097227
1 0.19205278202577153 0.19426241232843763 0.14796588001272673 0.09716855357097236
1 0.20335500338158868 0.36010561787552103 0.15414315467854492 0.09106402393569457
1 0.19694991470399828 0.27950958130638903 0.15421588001272674 0.09731402393569458
1 0.646959552713225 0.3579340137707992 0.146330654678545 0.09088218597979178
1 0.07061522871577047 0.3632643726251737 0.13377611067790857 0.08590374525034736
1 0.2114044080601336 0.4477692720358335 0.15256247334499945 0.08946515634451409
1 0.49725100139240636 0.4466120412218754 0.135393154678545 0.09062761284152784
1 0.9280528220082722 0.1895529153656605 0.14389435598345557 0.09556968597979179
1 0.34613230203690737 0.27985768626413227 0.1509817920114541 0.08786628875333342
1 0.9988471273472268 0.27400195696878554 0.0023057453055464806 0.09229660277354164
1 0.6174965826702726 0.04092769851631996 0.1490556653405452 0.0565799211621529
1 0.3198766953373634 0.03712467239642388 0.14912839067472686 0.0628299211621529
1 0.6378032760582246 0.44363512442812547 0.17607269867918127 0.09626067021222232
1 0.17302896733768164 0.03604986882545154 0.14605793467536327 0.06744468597979178
1 0.05750451201463569 0.10912173328250004 0.11351815467854491 0.09011846656500008
1 0.19034428401495387 0.1145567285328474 0.1446772480108177 0.08303331838861122
1 0.4807147453453176 0.09944610049243095 0.151109061346272 0.09880378875333344
1 0.9250732726766359 0.09494893018329939 0.14792951734563572 0.09404355357097234
1 0.9993562046864991 0.35681445696878555 0.0012875906270018334 0.08292160277354163
1 0.06325562002704421 0.20063708605604172 0.12300224267981759 0.09971167211208343
1 0.9358255086927034 0.44672963573038277 0.12834898261459315 0.08590374525034736
1 0.07787429272754265 0.4501285929898959 0.1432056546785449 0.09080945079743064
1 0.49390727804740686 0.36061998983510457 0.14169769867918128 0.09546058320625006
1 0.801039072724361 0.4435292877064937 0.14791133601209044 0.0924810535709724
1 0.7945612587125888 0.35668325113736177 0.15105451734563574 0.09411628875333342
1 0.3590242953930427 0.4480810094023961 0.14943747334499946 0.08939242116215293
0 0.5648924873885883 0.4200690314382296 0.031577264003817974 0.028852351823611143
0 0.6917078840308621 0.24338185771062557 0.03786362667090888 0.03212282218833336
0 0.6795880500079543 0.07439546836795195 0.02538180800445424 0.033394381458888914
0 0.1210055800445434 0.3308525693385418 0.028470445337363426 0.030342116641249993