1 0.8595244069428334 0.08617795890870587 0.19972776232447204 0.12082839908902612
1 0.7727293345778818 0.29898054847175237 0.19980964947960161 0.12239089908902612
1 0.6801135459069856 0.0510701489617991 0.1980833751693421 0.1021402979235982
1 0.5982516350074232 0.25048602868630454 0.20301653663473154 0.12406252649368783
1 0.46207951888319265 0.12579110744957783 0.1999734237898611 0.1255158990890261
1 0.3189646839666264 0.03672369528334381 0.19957063206674713 0.07344739056668761
1 0.6373384684536513 0.17425834538386026 0.20005531094499088 0.12707839908902613
1 0.4878032151742909 0.05757809850631217 0.20161781094499087 0.11515619701262433
1 0.752184461217562 0.36364324919739177 0.20161781094499104 0.12713296279135697
1 0.6653240275896198 0.101537607997732 0.1984109237898611 0.12546133538669527
1 0.29631840004542853 0.07465273730131025 0.20482469810012063 0.1288045901960187
1 0.9505035317734913 0.1952950093641928 0.08081398801421251 0.11355655771188107
1 0.8304267271600786 0.150359509997165 0.20318031094499095 0.12718752649368784
1 0.9624546551338111 0.1309324090013731 0.06362648801421251 0.11295635698624165
1 0.9327561097926527 0.26609858268517056 0.10910276232447202 0.11766370435383652
1 0.2623285023748492 0.14290422949676196 0.19841092378986114 0.12546133538669527
1 0.4170868441888203 0.27006938630551836 0.20301653663473135 0.12406252649368783
1 0.5777477052246682 0.31436747941194393 0.1999734237898611 0.1255158990890261
1 0.8048668051792397 0.22143590182979697 0.1984109237898611 0.12546133538669527
1 0.24026539461836158 0.22165671207356677 0.20309842378986112 0.12562502649368784
1 0.904210628675845 0.40902269266663704 0.151290262324472 0.11913692431676956
1 0.9162845827688596 0.34231634230381736 0.13434842378986112 0.12322422359113014
1 0.5092997568974049 0.023965745738830747 0.19077548620519008 0.04793149147766149
1 0.1299597376755281 0.10931545789721556 0.11749511646291486 0.09924108656782163
1 0.15453369176854256 0.04593749337657804 0.12218261646291487 0.09187498675315608
1 0.43507992763504844 0.19457831298454065 0.1984109237898611 0.12546133538669527
1 0.1074838721171244 0.1810639723251858 0.11749511646291486 0.09924108656782167
1 0.17598928991409174 0.008891361162592907 0.1198964201718165 0.017782722325185813