1 0.6493960310217559 0.9263197737526763 0.3513185591390092 0.14736045249464738
1 0.6315685221304157 0.9902458814328083 0.334413541356329 0.01950823713438332
1 0.0719368885464072 0.9386426143440495 0.1438737770928144 0.07103522868809904
1 0.08418648552708859 0.8639153989837857 0.16837297105417717 0.1684557979675713
1 0.8555175984329326 0.9504656305748785 0.12918669396136268 0.09906873885024296
1 0.670515513858248 0.8213764903000745 0.35168243217453854 0.18031460345698988
1 0.3035719547192389 0.9659181681841155 0.33779540653397533 0.06816366363176911
1 0.31941958664610837 0.9019084586298394 0.3469221575674326 0.17861571113712174
1 0.34168419251812987 0.7766045817493775 0.34543243217453845 0.1801327470304992
1 0.8771636201445544 0.8524232164808911 0.12551803846084475 0.14876777210332373
1 0.09558205790066408 0.7422904515702103 0.19116411580132817 0.16583090314042065
1 0.9199141621200557 0.5728182845067221 0.11607026385373871 0.1469324874635877
1 0.12322552254019126 0.46477921700961655 0.2464510450803825 0.1733084340192331
1 0.40222154797586657 0.5014287370013693 0.34386993217453854 0.1800872829238763
1 0.7159180208875614 0.5520187365391509 0.34684938296032664 0.17705321113712175
1 0.9009736093911872 0.7107358216537406 0.12075776385373871 0.14706887978345567
1 0.6910913411942223 0.6819419172596787 0.3484846575674325 0.17866117524374445
1 0.11299218982753353 0.5997308785298145 0.22598437965506707 0.168211757059629
1 0.36702029446121 0.6357439010288497 0.3452868829603267 0.177007747030499
0 0.045958739456030004 0.8703783476510021 0.09191747891206001 0.11679034639736088