1 0.9549455580008533 0.7555378267067071 0.09010888399829327 0.15839428298109565
1 0.899867490899263 0.4784895133767947 0.11916103060296165 0.1772079154946528
1 0.8799724836605526 0.7560241609174666 0.11538105913900906 0.16312723477649377
1 0.9508895085794993 0.8978298658361226 0.09822098284100136 0.153670421544777
1 0.9549594435470781 0.6171838538340702 0.09008111290584395 0.14909200585373233
1 0.9427230024766903 0.9791571338882994 0.08270549214211727 0.03172269867214013
1 0.7819481683162903 0.9668076456939602 0.10113016046291676 0.058385192622015934
1 0.8044544451997078 0.6111116367169698 0.1117466368892682 0.15217155405833438
1 0.8861410928423428 0.6200139380448297 0.11123721463952733 0.1412340540583344
1 0.81483751943531 0.464917892767094 0.1194521290313852 0.18345791549465282
1 0.7958329241072587 0.7447917451282262 0.1101841368892682 0.15216246369925485
1 0.9577162624059969 0.4788571520386721 0.08456747518800611 0.1724749636992547
1 0.785867226836127 0.8831684438985622 0.1154538337461151 0.16468973477649343
1 0.8713873498716562 0.8904855193287229 0.11316358767505648 0.1490556444174139
1 0.8641613548340551 0.9702366518422803 0.10232878742738763 0.05058178298109546
1 0.8201157167064418 0.3265684650739969 0.10462334160399785 0.13338519262201592
1 0.9633262535146567 0.33583840506373414 0.07334749297068655 0.14268746974937904
1 0.9030373786171004 0.32843042604277717 0.11748721463952734 0.14127041549465283
0 0.9041848872990439 0.9403082573266704 0.05047518899896417 0.044031801131468026