1 0.9326785799443996 0.1463118494519784 0.1346428401112007 0.08604921561506958
1 0.9344394873861284 0.06889536426961727 0.13112102522774335 0.08746624525034734
1 0.7769866298517323 0.1508025937523952 0.20149306733052796 0.09211868407993071
1 0.576438503628197 0.07259059403673562 0.19825893992586607 0.0889209488975696
1 0.7762351509031247 0.21884407893475627 0.20294643992586625 0.08903005167111129
1 0.5765178599814667 0.01553860044716994 0.19834821996293323 0.03107720089433988
1 0.17573660998146656 0.020184560220486078 0.19522321996293313 0.040369120440972156
1 0.7680332373861283 0.01487358548736083 0.19834821996293303 0.02974717097472166
1 0.777410726586355 0.07338610857003407 0.19836806733052798 0.0920459488975696
1 0.05592514010335146 0.3028515898557639 0.08888393992586621 0.08637521751493064
1 0.18510420861500573 0.3076637635833679 0.20154763103285883 0.0936811840799308
1 0.38075895979613206 0.22335757950343718 0.19513393992586625 0.0888482137152085
1 0.1792088395630465 0.07167171219659707 0.1982589399258662 0.0889209488975696
1 0.5783060823914704 0.21563207921909675 0.20461806733052795 0.09219141926229187
1 0.18417413647515438 0.21385921219659706 0.2013839399258662 0.08899368407993072
1 0.5782217476377473 0.1460462778323259 0.20149306733052796 0.09211868407993071
1 0.3821156178708328 0.30698769709461776 0.20138393992586626 0.08899368407993072
1 0.0483457638798161 0.2201481926293055 0.07622024881887365 0.08139677678548621
1 0.9344841274046617 0.01567105965180519 0.13103174519067656 0.03134211930361038
1 0.37662698738612826 0.021018401976110997 0.20325397477225654 0.04203680395222199
1 0.0481473233209777 0.013971581022048606 0.0806696466419554 0.027943162044097213
1 0.7708060956383143 0.30966910068624937 0.19814981252120453 0.08579594889756965
1 0.5792088726801563 0.3086553806058676 0.19820437622353532 0.08735844889756965
1 0.37856399881887365 0.07094109432107606 0.20305556733052788 0.0921550516711113
1 0.9292460450980095 0.21907720222552002 0.14150790980398115 0.08782992116215291
1 0.1809648017214313 0.14434614599218737 0.19993056733052791 0.09208231648875015
1 0.9339261106144388 0.30884821704315896 0.1321477787711224 0.08924695079743064
1 0.04615080290255766 0.06773170744694441 0.07611112141421193 0.07827177678548618
1 0.05089535580511532 0.13642715606017358 0.08403274881887365 0.08157861474138897
1 0.38737849282842385 0.14423312395635385 0.19825893992586624 0.0889209488975696
0 0.7005580830244426 0.3355425760849647 0.03535714664195542 0.028925087005972294