0 0.33203125 0.7171875 0.0171875 0.03046875
0 0.246875 0.32734375 0.034375 0.1703125
1 0.0296875 0.1578125 0.059375 0.16796875
1 0.103125 0.9546875 0.0625 0.08984375
1 0.096875 0.6640625 0.0671875 0.171875
1 0.3125 0.953125 0.06875 0.09375
1 0.3828125 0.953125 0.065625 0.09375
1 0.09375 0.16015625 0.07890625 0.1671875
1 0.1734375 0.9546875 0.071875 0.08984375
1 0.35625 0.04375 0.06171875 0.0875
1 0.003125 0.95859375 0.00625 0.0828125
1 0.17109375 0.66640625 0.0671875 0.16875
1 0.225 0.16796875 0.0734375 0.1703125
1 0.034375 0.9546875 0.06875 0.08984375
1 0.30546875 0.6625 0.065625 0.16015625
1 0.30703125 0.821875 0.0625 0.16953125
1 0.10078125 0.82578125 0.071875 0.171875
1 0.3578125 0.16796875 0.0640625 0.16328125
1 0.2265625 0.3390625 0.0625 0.17734375
1 0.37578125 0.821875 0.07265625 0.171875
1 0.2421875 0.953125 0.071875 0.09375
1 0.2390625 0.8234375 0.07109375 0.16796875
1 0.0265625 0.33203125 0.053125 0.1640625
1 0.028125 0.4984375 0.05625 0.17578125
1 0.0296875 0.6640625 0.059375 0.1640625
1 0.096875 0.334375 0.06953125 0.16796875
1 0.15546875 0.16875 0.0703125 0.1671875
1 0.36171875 0.33359375 0.07109375 0.17734375
1 0.2953125 0.1671875 0.06484375 0.16875
1 0.23515625 0.665625 0.065625 0.16953125
1 0.09765625 0.49375 0.0703125 0.16796875
1 0.0015625 0.8359375 0.003125 0.171875
1 0.1734375 0.83515625 0.06953125 0.16875
1 0.29765625 0.3375 0.06640625 0.17734375
1 0.23359375 0.50390625 0.065625 0.15625
1 0.03125 0.82421875 0.0625 0.171875
1 0.29375 0.0453125 0.0625 0.08984375
1 0.028125 0.0390625 0.05625 0.078125
1 0.08984375 0.0421875 0.0734375 0.084375
1 0.15703125 0.04296875 0.07578125 0.0859375
1 0.22265625 0.04375 0.0734375 0.08671875
1 0.1625 0.328125 0.07734375 0.18046875
1 0.1640625 0.49609375 0.0734375 0.17734375
1 0.3 0.50234375 0.07578125 0.1703125
1 0.3671875 0.5 0.07421875 0.1765625
1 0.371875 0.66171875 0.0703125 0.17109375