1 0.00625 0.39453125 0.0125 0.171875
1 0.04453125 0.40078125 0.06796875 0.16953125
1 0.40078125 0.89921875 0.0703125 0.1703125
1 0.24921875 0.56640625 0.0703125 0.16640625
1 0.3265625 0.98984375 0.071875 0.0203125
1 0.053125 0.9921875 0.075 0.015625
1 0.00625 0.5625 0.0125 0.1640625
1 0.1203125 0.90546875 0.0703125 0.1609375
1 0.321875 0.403125 0.06953125 0.1640625
1 0.3234375 0.5640625 0.06875 0.16796875
1 0.32578125 0.90390625 0.0703125 0.171875
1 0.2546875 0.7359375 0.0703125 0.16953125
1 0.04765625 0.90234375 0.07421875 0.16953125
1 0.04453125 0.5625 0.071875 0.165625
1 0.11953125 0.5734375 0.07265625 0.1671875
1 0.1203125 0.99375 0.071875 0.01171875
1 0.32421875 0.73671875 0.0703125 0.17109375
1 0.24609375 0.23515625 0.06640625 0.16796875
1 0.2515625 0.403125 0.0703125 0.16796875
1 0.0046875 0.99375 0.009375 0.01171875
1 0.0078125 0.7328125 0.015625 0.17578125
1 0.1859375 0.56328125 0.0703125 0.1625
1 0.11484375 0.7375 0.0703125 0.171875
1 0.39375 0.9921875 0.075 0.015625
1 0.0078125 0.8984375 0.015625 0.171875
1 0.38671875 0.57421875 0.07109375 0.16875
1 0.384375 0.40625 0.0703125 0.16484375
1 0.0453125 0.7359375 0.071875 0.1734375
1 0.25625 0.98984375 0.06875 0.0203125
1 0.3796875 0.2390625 0.07109375 0.165625
1 0.003125 0.07421875 0.00625 0.1484375
1 0.459375 0.73359375 0.06796875 0.16953125
1 0.253125 0.903125 0.0703125 0.17109375
1 0.1828125 0.99375 0.071875 0.01171875
1 0.00625 0.23046875 0.0125 0.1640625
1 0.45625 0.56640625 0.06953125 0.16015625
1 0.465625 0.98984375 0.06875 0.0203125
1 0.17734375 0.40625 0.0703125 0.17109375
1 0.1765625 0.07734375 0.06953125 0.15234375
1 0.3984375 0.73671875 0.06875 0.16875
1 0.31875 0.23828125 0.06796875 0.165625
1 0.45546875 0.40859375 0.06953125 0.16875
1 0.18515625 0.90078125 0.0703125 0.17109375
1 0.24375 0.0734375 0.06953125 0.146875
1 0.04140625 0.2328125 0.071875 0.1625
1 0.18359375 0.23359375 0.06953125 0.16796875
1 0.11484375 0.40546875 0.07109375 0.17109375
1 0.453125 0.240625 0.0703125 0.1671875
1 0.3171875 0.08046875 0.0703125 0.15546875
1 0.1140625 0.23359375 0.06875 0.16328125
1 0.1109375 0.078125 0.06875 0.1515625
1 0.03984375 0.07734375 0.07109375 0.15078125
1 0.46484375 0.9 0.0703125 0.17109375
1 0.4484375 0.0828125 0.06953125 0.1625
1 0.1890625 0.728125 0.06953125 0.16796875
1 0.384375 0.0828125 0.06796875 0.1625
0 0.1359375 0.5078125 0.0265625 0.03359375
0 0.2015625 0.0875 0.02421875 0.0265625
0 0.00625 0.16796875 0.0125 0.0234375