1 0.8625 0.9462103646929343 0.1609375 0.10757927061413142
1 0.91953125 0.6206210774097577 0.153125 0.11137652393569457
1 0.87890625 0.8603005200390633 0.15625 0.11301175911805572
1 0.903125 0.7069579677023619 0.1546875 0.10828789152687505
1 0.340625 0.6094906348773614 0.2078125 0.11733688962701408
1 0.88984375 0.7746175931773271 0.1625 0.11315722948277802
1 0.35546875 0.5403048769935767 0.2109375 0.11897212480937522
1 0.51484375 0.7979206212939934 0.2046875 0.11570165444465293
1 0.303125 0.848461562689028 0.2078125 0.11889938962701407
1 0.5296875 0.6427973634102088 0.203125 0.11566528685347244
1 0.48125 0.9966061623284377 0.203125 0.006787675343124633
1 0.50234375 0.8827859305645489 0.2078125 0.12046188962701407
1 0.31875 0.7777314886008335 0.209375 0.11893575721819474
1 0.1734375 0.42513055262104177 0.196875 0.11083231648875018
1 0.92734375 0.5434591653656605 0.1453125 0.10650718597979178
1 0.48046875 0.9489135447372572 0.2078125 0.1021729105254856
1 0.1390625 0.6633929656150696 0.2046875 0.11570165444465293
1 0.096875 0.8905360406531944 0.19375 0.11544708130638881
1 0.73125 0.6732700326725005 0.2171875 0.11911759517409734
1 0.02109375 0.6442409624809375 0.0421875 0.08848192496187508
1 0.371875 0.4555304867009725 0.2109375 0.11584712480937523
1 0.7453125 0.5907848409931257 0.2171875 0.12068009517409735
1 0.15703125 0.5067799429136459 0.2015625 0.11719141926229178
1 0.04375 0.4080495425530556 0.08125 0.08939111474138901
1 0.01015625 0.7252363893426736 0.0203125 0.08797277868534721
1 0.55 0.568270142095556 0.2109375 0.11584712480937523
1 0.0359375 0.48208645459715277 0.071875 0.08917290919430557
1 0.69609375 0.9177642618709381 0.2109375 0.1189721248093754
1 0.28984375 0.9247149381639932 0.20625 0.11730052203583341
1 0.3265625 0.6951008265567363 0.2078125 0.11577438962701407
1 0.51796875 0.7253371064763546 0.2015625 0.11406641926229177
1 0.70859375 0.8321177026003825 0.2109375 0.11897212480937505
1 0.1453125 0.5768196859797918 0.1984375 0.1139936840799308
1 0.68359375 0.9700092543684029 0.2109375 0.05998149126319419
1 0.028125 0.56081086664125 0.05625 0.0934967332825
1 0.85546875 0.984073713999549 0.1515625 0.03185257200090206
1 0.10234375 0.8148820772223264 0.2046875 0.11413915444465283
1 0.115625 0.7448787017473613 0.209375 0.12206075721819457
1 0.5546875 0.48556674486909773 0.2078125 0.11889938962701407
1 0.7578125 0.51685703172257 0.21875 0.120716462765278
1 0.71953125 0.7589347757386464 0.2171875 0.12068009517409735
0 0.11953125 0.7887196207253127 0.0375 0.027435322188333444
0 0.8859375 0.5073391741993757 0.0390625 0.03372168977951393