1 0.9760971200353467 0.8554696490136099 0.04780575992930665 0.15184430113146813
1 0.953872016749223 0.135865676140973 0.0922559665015541 0.15211701190385668
1 0.057956010958254756 0.25441933440715125 0.054623341603997885 0.1330943011314682
1 0.9893236732831984 0.2786480737798408 0.02135265343360331 0.1439318071815924
1 0.9683758198878669 0.9594713477839459 0.04389985731976367 0.07054884933607006
1 0.8753447181541839 0.270763371788051 0.11003858767505648 0.14903746369925477
1 0.9208393862655864 0.8448730374790957 0.11828773531769166 0.15845791549465282
1 0.8837115281217625 0.13161451337679467 0.11374578453190339 0.161555644417414
1 0.9100902849416789 0.9496514410698917 0.11672092721213971 0.09127950585373235
1 0.9492615994618807 0.2749963538340702 0.1014768010762385 0.15528746369925478
1 0.9325131327509297 0.7096122483496801 0.11843328453190338 0.1615829154946528
1 0.045745071130721224 0.5123727349728854 0.05000861621110373 0.13462953005422928
1 0.9833733879227256 0.5623145466524777 0.03325322415454899 0.14876475292686636
1 0.8433479329985989 0.8085951698944571 0.1119649607105857 0.1568590540583344
1 0.9583048056243525 0.06786965506373414 0.08339038875129497 0.03799996974937896
1 0.978054495242489 0.708499200243274 0.043891009515022006 0.1597204336450254
1 0.8660147216688404 0.4060105253788472 0.11145553846084474 0.14592155405833437
1 0.8536603866798711 0.6944417663036608 0.11436221463952725 0.1412522347764938
1 0.937536618897191 0.5657940706565828 0.1198502353176913 0.15846700585373236
1 0.04744246587787225 0.6327079608705845 0.04190501778268031 0.12833407825883114
1 0.9874936536384912 0.4278986400366195 0.025012692723017694 0.12993293969514957
1 0.8326373730310201 0.9477576638443329 0.1091267510334574 0.09592155405833439
1 0.06583266935425688 0.1215250211754347 0.0486644400324213 0.13930793969514968
1 0.8598289958616615 0.558431543431024 0.12086907981717365 0.18034200585373253
1 0.04595477874093506 0.38264887353656685 0.05462334160399788 0.1330943011314681
1 0.075747016749223 0.03264887353656688 0.03899403349844601 0.06529774707313377
1 0.044852620964105486 0.7616642078455224 0.02580913688926816 0.15167158430895533
1 0.9452783246476326 0.4211673718862469 0.10944335070473485 0.15218064441741394
1 0.04956585380059771 0.879637503025062 0.022281722497410027 0.10947499394987581
0 0.8655911141396799 0.8834860855855016 0.06490156203449331 0.0519261143631848
0 0.9861215905705405 0.08724182377984084 0.027756818858918918 0.036119307181592356