1 0.9263770466524779 0.9770384987269063 0.08938975292686635 0.04592300254618742
1 0.05063424161218474 0.9084306653405452 0.10126848322436947 0.10436133068109044
1 0.8115696580887961 0.9699248853834976 0.15664997579950324 0.060150229233004636
1 0.17432418814302553 0.9239658533577263 0.17403746369925477 0.10514312802354411
1 0.14356454665247778 0.97361131735359 0.23456589754067197 0.03553970003181668
1 0.663967950243274 0.9596408187062255 0.17394656010845858 0.08071836258754886
1 0.3515724893726896 0.9424356847151341 0.19902837334017515 0.10387152936027136
1 0.21078296389564652 0.029016980028635047 0.13780907220870697 0.05472495735199915
1 0.7901386657892404 0.09279350477399506 0.1520988311856975 0.09395108935390817
1 0.9938812893258074 0.12329116880167561 0.011419289031219648 0.08293976933481813
1 0.6464886597391162 0.07393332208781414 0.15362496974937906 0.0877192706874536
1 0.9251949218393648 0.11155369012567604 0.13958974082661796 0.0922431386855446
1 0.49969547297083283 0.05816177673454233 0.15831246974937904 0.08777381468808994
1 0.34979092174116877 0.04001011871417963 0.14729315651766245 0.07358404535327182
1 0.09100925673749526 0.9635908800127269 0.1820185134749905 0.042806760025453625
1 0.9294920572797881 0.04441164345953964 0.14081589754067209 0.03444882001909003
1 0.08425682533196496 0.021294292011454018 0.12211134933607007 0.0420431440165447
1 0.7842204638956465 0.03568952943981328 0.1455033975406721 0.034503364019726354
1 0.5179105616795925 0.952590840030226 0.15683178298109546 0.094818319939548
1 0.6444312560501242 0.02468730008749597 0.15797612646343318 0.029961314688089925
1 0.0998257205349459 0.9191596273472268 0.1996514410698918 0.10706925469445353
0 0.24365090506373416 0.9599311727004984 0.04552157825883123 0.036464758672817864
0 0.4536889803956991 0.9826890620623608 0.03612839754067192 0.03323067067154497