0 0.7359375 0.93828125 0.0203125 0.03125
0 0.65859375 0.5890625 0.0203125 0.025
0 0.9296875 0.11796875 0.0203125 0.02890625
0 0.6609375 0.76796875 0.0203125 0.0265625
0 0.65703125 0.4203125 0.01796875 0.0234375
0 0.87734375 0.934375 0.0125 0.021875
0 0.65625 0.07734375 0.0203125 0.0265625
0 0.659375 0.646875 0.01875 0.02421875
0 0.734375 0.5875 0.01640625 0.02421875
0 0.7265625 0.4140625 0.01171875 0.025
0 0.940625 0.94140625 0.0203125 0.03203125
0 0.79296875 0.1203125 0.01796875 0.02734375
0 0.8703125 0.41484375 0.01484375 0.021875
0 0.73515625 0.765625 0.01640625 0.02109375
0 0.80234375 0.7671875 0.01796875 0.025
1 0.7734375 0.70703125 0.0734375 0.16875
1 0.9734375 0.5234375 0.053125 0.171875
1 0.9125 0.70078125 0.07265625 0.17734375
1 0.91171875 0.353125 0.0734375 0.1703125
1 0.8453125 0.53203125 0.071875 0.16953125
1 0.771875 0.5375 0.07265625 0.16953125
1 0.971875 0.35 0.05625 0.16796875
1 0.9140625 0.87890625 0.07109375 0.16875
1 0.846875 0.7015625 0.07109375 0.17578125
1 0.84921875 0.8796875 0.07265625 0.1734375
1 0.975 0.696875 0.05 0.17578125
1 0.69921875 0.5375 0.07421875 0.16953125
1 0.84296875 0.3578125 0.07265625 0.16953125
1 0.7765625 0.8796875 0.0734375 0.1703125
1 0.91015625 0.528125 0.071875 0.17421875
1 0.9046875 0.0484375 0.071875 0.096875
1 0.834375 0.0484375 0.075 0.096875
1 0.69375 0.053125 0.075 0.10546875
1 0.77109375 0.18203125 0.071875 0.171875
1 0.90859375 0.18046875 0.07109375 0.16796875
1 0.76953125 0.365625 0.0734375 0.171875
1 0.765625 0.0484375 0.06875 0.096875
1 0.96875 0.046875 0.0625 0.09375
1 0.696875 0.36171875 0.07421875 0.17109375
1 0.83671875 0.1890625 0.0734375 0.17421875
1 0.70078125 0.70703125 0.07421875 0.1734375
1 0.9703125 0.178125 0.059375 0.17578125
1 0.69609375 0.1921875 0.075 0.17109375
1 0.6203125 0.05078125 0.071875 0.1015625
1 0.62421875 0.196875 0.07265625 0.16875
1 0.975 0.8765625 0.05 0.17578125
1 0.63125 0.3625 0.07265625 0.1671875
1 0.63359375 0.7125 0.07265625 0.16796875
1 0.6328125 0.540625 0.07265625 0.1671875
1 0.9765625 0.978125 0.046875 0.03515625
1 0.70625 0.978125 0.075 0.04296875
1 0.778125 0.97890625 0.0765625 0.03984375
1 0.70625 0.88359375 0.06875 0.165625
1 0.9140625 0.97890625 0.07578125 0.03984375
1 0.85 0.9796875 0.071875 0.0390625
1 0.6390625 0.884375 0.07734375 0.16875
1 0.6375 0.98046875 0.07578125 0.0359375