1 0.3222320585614594 0.7923600768875074 0.17313060669954386 0.2511131999091429
1 0.05809212130013789 0.6156935990500603 0.11618424260027578 0.25326219810012063
1 0.48856448854236934 0.9265569352098219 0.16602608402290803 0.14688612958035635
1 0.22248079061904766 0.362654887493814 0.16829765603118038 0.23836753844375363
1 0.2730967665897762 0.5810640507682256 0.1746203813653622 0.24494508706427282
1 0.20086558855827769 0.8094513223649515 0.17313060669954394 0.2511131999091429
1 0.14780586525304912 0.5995130783578454 0.18097946936663484 0.25464763568479165
1 0.07230171399586383 0.18037025271353346 0.14460342799172765 0.23886550542706692
1 0.3007619739815463 0.15178266451760697 0.16520901869827131 0.2413287641334942
1 0.9644933785805495 0.6853088104907057 0.05879538669636233 0.22169793758467105
1 0.8534120699395483 0.4903094917437986 0.15890447469763497 0.23631371551297525
1 0.9105176873010923 0.28536304217334 0.13232379336408967 0.2333591338757694
1 0.009674444661045712 0.19271976650834338 0.019348889322091424 0.2198145330166868
1 0.3983785772597307 0.5633962731786057 0.16991470003181677 0.2431369255988834
1 0.4459968225652774 0.7707041621427578 0.1793624253659985 0.24987824852966192
1 0.72884459054746 0.9087458550987251 0.15690562269254435 0.18250828980254993
1 0.3414580572883657 0.3493470612836752 0.17149538136536221 0.2447813127540132
1 0.4619978239576838 0.3361211222286661 0.1588317493634531 0.23006371551297516
1 0.7367240092695939 0.5084276486866321 0.16202947469763487 0.2364774898232346
1 0.9332599178867325 0.8837938981208051 0.1163897106938169 0.20597776232447193
1 0.5237818506524552 0.13220158412359662 0.16181129869508962 0.2177274898232347
1 0.6890239479630926 0.3081510097224801 0.16199311203054415 0.2333524898232347
1 0.626304129933185 0.5253108542499847 0.16359197469763487 0.23655937697836435
1 0.6786371472390498 0.730520654679526 0.16359197469763487 0.23655937697836435
1 0.5166018659293669 0.5477037533909019 0.1745840186982713 0.24182008706427283
1 0.8439519698838691 0.8988031676833961 0.16166584802672607 0.20239366463320785
1 0.5595417019016864 0.7539847308896648 0.16833401869827114 0.24149253844375362
1 0.2506917712046878 0.9523647614199607 0.1652806493475448 0.09527047716007857
1 0.5715909999602291 0.3231032230877487 0.16206583736472596 0.2396024898232348
1 0.10029670794877507 0.3828301893936934 0.16998742536599848 0.24938692559888337
1 0.8678409333227277 0.12365425825214205 0.15181813335454458 0.16411116689245614
1 0.94108479260823 0.4800514224310648 0.11033970536281679 0.22283771370395294
1 0.13494859253664235 0.9596140174128547 0.15566929201145402 0.08077196517429072
1 0.03433754264800086 0.3948521545679843 0.06867508529600172 0.2397043091359686
1 0.7536875266550005 0.12548899592767015 0.15824994668999892 0.18006371551297518
1 0.41661424065086433 0.13831106399720863 0.16989651869827133 0.24157442559888348
1 0.610612211211051 0.9167984938935347 0.17096812269254436 0.16640301221293044
1 0.8025051926320925 0.2969003284693871 0.15890447469763486 0.23631371551297517
1 0.36734346920755123 0.9342598925821968 0.17045904535327178 0.13148021483560654
1 0.17864152597868282 0.16648921641748632 0.1793078813653622 0.24519074852966197
1 0.8947166805776859 0.7027585820874316 0.16206583736472596 0.2396024898232348
1 0.7897837325748224 0.7183658926937383 0.1557976560311804 0.23771244120271576
1 0.6402880979869552 0.12970842718076314 0.16942380402608972 0.20094942559888346
1 0.10062014055541421 0.8253042944366475 0.16382833203372577 0.25687187697836433
0 0.6983284119987273 0.04597855834299909 0.05021817600254543 0.021370388964152064
0 0.7136024932368226 0.7487693656699455 0.04264203333863605 0.04127345318850324