1 0.73359375 0.40999148066658153 0.103125 0.21946705223856355
1 0.88359375 0.1849428137741253 0.1203125 0.22036781094499086
1 0.521875 0.8460871901866629 0.1015625 0.22094766508343397
1 0.71796875 0.20065410221787902 0.1046875 0.2148614393936934
1 0.39921875 0.44157783186434846 0.1046875 0.22736143939369344
1 0.94609375 0.17697982756893524 0.08125 0.21207063206674706
1 0.54921875 0.2227791649718922 0.1015625 0.2178226650834339
1 0.4171875 0.6578236295803562 0.10625 0.22431832654882305
1 0.828125 0.6058185577812315 0.1015625 0.21782266508343398
1 0.50234375 0.6471107796257847 0.103125 0.22415455223856356
1 0.48671875 0.4323046511770823 0.1046875 0.22423643939369345
1 0.56484375 0.42586654342059466 0.1015625 0.22094766508343394
1 0.5328125 0.060004684532453334 0.1 0.12000936906490667
1 0.34375 0.8757348258714547 0.10625 0.21806832654882333
1 0.59375 0.8360703810506942 0.1046875 0.2211114393936935
1 0.45 0.06299688772095664 0.103125 0.12599377544191329
1 0.77578125 0.04736748643233269 0.0984375 0.09473497286466538
1 0.7953125 0.1958194380389563 0.103125 0.2179045522385636
1 0.74921875 0.6115163591152839 0.103125 0.21790455223856356
1 0.8125 0.4011686793325291 0.10625 0.2243183265488231
1 0.4328125 0.8671610080290588 0.1078125 0.2244002137039529
1 0.7 0.05011402815544673 0.096875 0.10022805631089346
1 0.96640625 0.5860715445522484 0.0671875 0.20820864767057934
1 0.46796875 0.22938104703863932 0.1046875 0.2211114393936934
1 0.68203125 0.8337875067858633 0.103125 0.22102955223856355
1 0.97578125 0.79339272162147 0.0484375 0.21660100180902225
1 0.5796875 0.644619865446862 0.10625 0.22431832654882305
1 0.84140625 0.8043412669626285 0.1046875 0.21954893939369322
1 0.3109375 0.4540169561291794 0.1078125 0.22752521370395282
1 0.7703125 0.8291608825210324 0.096875 0.22070200361804454
1 0.959375 0.39269003675033237 0.08125 0.21207063206674714
1 0.38125 0.23939453414834055 0.1046875 0.2242364393936933
1 0.653125 0.20795866915576372 0.121875 0.22513719810012062
1 0.88828125 0.39563465230873607 0.103125 0.22102955223856355
1 0.85859375 0.04449811397652402 0.1046875 0.08899622795304804
1 0.30390625 0.24969794832726327 0.1046875 0.2211114393936934
1 0.925 0.8023040541631868 0.0984375 0.22078389077317445
1 0.628125 0.05598556987856078 0.103125 0.11197113975712156
1 0.328125 0.6663974474227521 0.1046875 0.2211114393936935
1 0.91171875 0.5944063449817898 0.0984375 0.21453389077317447
1 0.93125 0.04064277363289097 0.075 0.08128554726578194
1 0.665625 0.6221473219147257 0.103125 0.21790455223856356
1 0.6640625 0.41910420906985546 0.115625 0.2248096494796016
1 0.36328125 0.07421268769824238 0.1 0.14842537539648476
1 0.27734375 0.07572427804187543 0.103125 0.15144855608375085
0 0.634375 0.9159725650173207 0.0296875 0.02811835594746519