1 0.0684820390490354 0.1826732371484187 0.13225272037968583 0.2596535257031626
1 0.37591110334412275 0.8713086783277199 0.13904654844057554 0.23497186068413461
1 0.0992213389724857 0.41853248269979443 0.14169138737588022 0.2615980276803288
1 0.46409685284983115 0.8653677430427367 0.13455004942915866 0.2394683596955513
1 0.16347620406806343 0.17097705038056085 0.13824805239490826 0.25365819368794007
1 0.2737265208346088 0.8793851165784525 0.14029071345960364 0.22722302768032882
1 0.29268483748961094 0.4036065251716899 0.14006522037968586 0.2599718606841346
1 0.25631762007567466 0.16406386410699456 0.13668555239490826 0.2535945266917457
1 0.13424889087310238 0.6636075607606842 0.14325388737588024 0.2616616946765234
1 0.20153325547438855 0.4135810444490618 0.1400015533834914 0.25840936068413445
1 0.10444993881938633 0.8925429856655439 0.08196887749004846 0.2123673488211363
1 0.3398622209111585 0.6395785172630245 0.1401925543720745 0.26309686068413446
1 0.4277614689339921 0.6266063319780414 0.13700388737588015 0.2614070266917457
1 0.39311591901054177 0.39090625391715167 0.136812886387297 0.2567195266917457
1 0.04600083847819412 0.41835341057040376 0.06806288638729703 0.25391817885919254
1 0.06930964037881077 0.6639059911027514 0.09150038638729703 0.2548731838021084
1 0.22696297288832482 0.6535693744871178 0.14025622136826899 0.26465936068413465
1 0.021447871558549412 0.18067699703425047 0.038184385398713855 0.24802100593149906
1 0.16766752182319195 0.8884019723196712 0.14303371148243724 0.21797536167271758
1 0.35759361859279987 0.1528942593543591 0.13518671939110263 0.2550933596955513