1 0.4852337177946843 0.6637936113939972 0.17097889988706055 0.12065904002227175
1 0.4565208287133162 0.2512390673933609 0.18347889988706054 0.12080449069063529
1 0.46436269176867384 0.35906974872690633 0.17722889988706053 0.12073176535645347
1 0.4913842782333234 0.7559902020607698 0.16941639988706053 0.1206408586887262
1 0.8034545548240315 0.47075487277208605 0.1805359104104042 0.12389312802354446
1 0.9515735364081799 0.9607633494589033 0.09685292718364025 0.07674540802036275
1 0.8002014812312126 0.3746883947724042 0.17888240514873247 0.12231244668999892
1 0.47156751799232843 0.45596293006045174 0.17575740514873245 0.12227608402290802
1 0.5068481964656483 0.9513732380251352 0.16841534200867017 0.09725352394972972
1 0.7931408681758552 0.2668668041056315 0.18825740514873246 0.12242153469127164
1 0.5102685990541319 0.9966857380251352 0.16469953683170288 0.006628523949729725
1 0.6336957916698518 0.4648759480824053 0.17566639988706054 0.12071358402290819
1 0.4784006178935064 0.5598782707272244 0.17245039462538866 0.1191147213558171
1 0.9533943706655167 0.8819116434595398 0.09321125866896658 0.11569882001909022
1 0.7870890182746771 0.1629605541056315 0.18825740514873246 0.12242153469127155
1 0.9408279392790122 0.4803400527927669 0.11834412144197551 0.12196700135263541
1 0.8079894073560453 0.5754241914385406 0.17566639988706037 0.12071358402290802
1 0.9388562801134388 0.38580880279276697 0.12228743977312248 0.1219306386855445
1 0.649478228318028 0.668827651416269 0.17530237884037306 0.11446358402290802
1 0.8133965151497311 0.6816651007717679 0.17419490514873245 0.12225790268936265
1 0.6550134097045325 0.8710986760820871 0.17034186305535748 0.10972154002227157
1 0.6295704628153611 0.3672378794159507 0.1817343893637169 0.11766130935708982
1 0.8199110966350573 0.7801116914385406 0.17254139988706063 0.12067722135581711
1 0.6550295492800109 0.7641401514162689 0.17383088410204497 0.11600790268936265
1 0.5012513728728296 0.8583794053946334 0.16932539462538862 0.1190783586887263
1 0.8313399622506639 0.961072051380475 0.16714126834526438 0.07785589723904991
1 0.6220016155450192 0.2640946980824053 0.18035389988706055 0.12076812802354438
1 0.8254624175970402 0.8754241914385407 0.17254139988706063 0.12067722135581746
1 0.44665373407381015 0.14884986405949724 0.19579688936371684 0.11782494135899882
1 0.9367481130553574 0.2834468714592215 0.12650377388928505 0.11560791335136286
1 0.9356070591585148 0.1803309621259942 0.12878588168297042 0.12178518801718101
1 0.9492382207078689 0.7928309621259941 0.10152355858426212 0.11573518268618095
1 0.6420458889401938 0.5680282200827235 0.17254139988706055 0.12067722135581711
1 0.6142962603821693 0.15860776674885985 0.1817343893637169 0.11766130935708982
1 0.6657149622506638 0.9573604297024074 0.17246580517696727 0.08527914059518515
1 0.9415328655450192 0.5850002807924488 0.1169342689099615 0.12202154535327167
1 0.9469707944418619 0.688152552792767 0.10605841111627612 0.1157170013526354
1 0.4520326228728296 0.8578066933879519 0.07181335779368574 0.10701361600890849
0 0.6871253575819243 0.33667877009067765 0.04519067363517095 0.05205339600572696