1 0.72421875 0.3953125 0.06953125 0.16953125
1 0.91875 0.89375 0.06875 0.1703125
1 0.6515625 0.7203125 0.07109375 0.171875
1 0.7109375 0.98828125 0.071875 0.0234375
1 0.775 0.98828125 0.06875 0.0234375
1 0.52109375 0.3921875 0.06796875 0.1703125
1 0.921875 0.98984375 0.06875 0.0203125
1 0.65234375 0.56015625 0.0703125 0.171875
1 0.44296875 0.71953125 0.07109375 0.17421875
1 0.65390625 0.39453125 0.0703125 0.16328125
1 0.975 0.98984375 0.05 0.0203125
1 0.72578125 0.23203125 0.06796875 0.16015625
1 0.6484375 0.89609375 0.07109375 0.17109375
1 0.853125 0.98828125 0.06875 0.0234375
1 0.5734375 0.98828125 0.071875 0.0234375
1 0.646875 0.98828125 0.06875 0.0234375
1 0.7234375 0.5609375 0.06875 0.165625
1 0.92265625 0.72890625 0.0671875 0.17421875
1 0.92265625 0.2375 0.06953125 0.1625
1 0.7171875 0.728125 0.06875 0.1703125
1 0.92109375 0.40625 0.06640625 0.17265625
1 0.9734375 0.89453125 0.053125 0.171875
1 0.7203125 0.8953125 0.0703125 0.16875
1 0.57578125 0.88984375 0.07109375 0.17109375
1 0.85859375 0.890625 0.0703125 0.165625
1 0.78984375 0.234375 0.06875 0.15859375
1 0.978125 0.4046875 0.04375 0.16796875
1 0.9203125 0.56640625 0.0671875 0.1578125
1 0.784375 0.8890625 0.06796875 0.16640625
1 0.509375 0.98828125 0.06875 0.0234375
1 0.5125 0.8875 0.06953125 0.16875
1 0.8578125 0.72890625 0.06953125 0.16328125
1 0.525 0.22890625 0.0671875 0.16484375
1 0.440625 0.88984375 0.071875 0.17265625
1 0.5796875 0.72421875 0.06953125 0.1640625
1 0.659375 0.23125 0.06953125 0.16328125
1 0.975 0.2359375 0.05 0.16015625
1 0.86015625 0.23359375 0.06796875 0.16171875
1 0.5171875 0.72578125 0.0734375 0.1671875
1 0.51328125 0.553125 0.06953125 0.16953125
1 0.85859375 0.3921875 0.06875 0.1515625
1 0.4375 0.98828125 0.06875 0.0234375
1 0.978125 0.56640625 0.04375 0.15625
1 0.5890625 0.5546875 0.0703125 0.16953125
1 0.978125 0.7328125 0.04375 0.14453125
1 0.78203125 0.39921875 0.0703125 0.1671875
1 0.59140625 0.39609375 0.07109375 0.16953125
1 0.8578125 0.56015625 0.0703125 0.16796875
1 0.78046875 0.55546875 0.071875 0.16796875
1 0.78046875 0.7203125 0.07109375 0.17109375
1 0.45078125 0.22734375 0.06953125 0.1671875
1 0.59453125 0.22578125 0.071875 0.159375
1 0.44453125 0.5578125 0.0703125 0.1828125
1 0.4484375 0.39140625 0.071875 0.17421875
0 0.5125 0.2890625 0.03984375 0.0359375
0 0.5 0.290625 0.03515625 0.03515625
0 0.428125 0.61875 0.021875 0.0375