1 0.2700482325017817 0.9709488251355733 0.21908319994353026 0.0581023497288534
1 0.8633655929968906 0.9428405859592754 0.16861276308359258 0.07907948770335978
1 0.6876830535343517 0.9535412157423583 0.22053928413027996 0.0856294695529872
1 0.47909700881014095 0.9637499243734474 0.2153057525602488 0.07250015125310512
1 0.08713264782092196 0.9758721535907963 0.17426529564184393 0.04825569281840743
1 0.6804228323323726 0.7964145169720223 0.22172235253201383 0.10594196955298721
1 0.864980571879616 0.874858200420656 0.174847352532014 0.1056692587805987
1 0.261787682445312 0.9127692073545429 0.2204328683170295 0.11062037919390733
1 0.6846560350479131 0.8847503091265001 0.22181335779368574 0.10750446955298756
1 0.46862078234648996 0.8100310684962737 0.22015985253201395 0.10593287919390768
1 0.47285398506203047 0.8983668606507514 0.22502936305535753 0.1090851502711466
1 0.25235801649088724 0.7392180778660478 0.2200688472703421 0.10437037919390768
1 0.08492504120147984 0.91946359318775 0.16985008240295968 0.10582379488495235
1 0.08464780826661977 0.8366192769309713 0.16929561653323955 0.10894879488495235
1 0.08382069112383396 0.7537704154946528 0.16764138224766792 0.10113629488495235
1 0.6735728638318165 0.712752589278925 0.21988683674699844 0.10124537919390768
1 0.2591624823606074 0.8236612555591449 0.22502936305535756 0.10908515027114651
1 0.46416006647676983 0.7256015263417961 0.22154034200867018 0.1028169695529872
1 0.8669518665332395 0.7873400197024967 0.181097352532014 0.10570562021691714
1 0.8648349006635193 0.7029241130866385 0.1947958314853266 0.0995374334486339
0 0.8102684980044487 0.6736906101597723 0.05310958944842135 0.026862481849627428