1 0.178125 0.71875 0.0703125 0.17109375
1 0.31953125 0.2109375 0.0671875 0.16875
1 0.04453125 0.2125 0.06953125 0.16640625
1 0.0453125 0.0640625 0.071875 0.128125
1 0.246875 0.06640625 0.06875 0.1328125
1 0.2359375 0.72578125 0.0734375 0.171875
1 0.003125 0.06640625 0.00625 0.1328125
1 0.115625 0.06640625 0.06875 0.1328125
1 0.375 0.89140625 0.0703125 0.17109375
1 0.00625 0.2109375 0.0125 0.171875
1 0.3203125 0.06640625 0.065625 0.1328125
1 0.1765625 0.06875 0.071875 0.13671875
1 0.0046875 0.5453125 0.009375 0.16796875
1 0.003125 0.884375 0.00625 0.16796875
1 0.17421875 0.88828125 0.06875 0.16484375
1 0.1828125 0.21484375 0.06875 0.165625
1 0.246875 0.38828125 0.06953125 0.16953125
1 0.23828125 0.5515625 0.071875 0.16875
1 0.2328125 0.8828125 0.071875 0.1703125
1 0.11484375 0.2125 0.06953125 0.165625
1 0.3765625 0.721875 0.06796875 0.1703125
1 0.03984375 0.54765625 0.06953125 0.1671875
1 0.18125 0.55546875 0.07109375 0.1703125
1 0.38046875 0.2109375 0.06875 0.16875
1 0.31796875 0.553125 0.07265625 0.17109375
1 0.31015625 0.8875 0.0671875 0.16484375
1 0.38515625 0.38828125 0.06875 0.16953125
1 0.00625 0.384375 0.0125 0.16796875
1 0.0375 0.72265625 0.071875 0.16875
1 0.1078125 0.7171875 0.06953125 0.1671875
1 0.04296875 0.378125 0.06796875 0.16796875
1 0.24453125 0.215625 0.0671875 0.16484375
1 0.18125 0.3875 0.0671875 0.16953125
1 0.1046875 0.8890625 0.06953125 0.16484375
1 0.378125 0.559375 0.06640625 0.1703125
1 0.31328125 0.7203125 0.0671875 0.1671875
1 0.109375 0.54921875 0.06953125 0.16875
1 0.3796875 0.0703125 0.065625 0.140625
1 0.1125 0.3859375 0.06953125 0.16953125
1 0.0421875 0.8828125 0.0703125 0.17265625
1 0.31796875 0.38359375 0.06875 0.16953125
1 0.38046875 0.9859375 0.07578125 0.0265625
0 0.1734375 0.73515625 0.0296875 0.03671875