0 0.017884470958001934 0.6380838289250776 0.03576894191600387 0.03821263154179633
0 0.3398564579090042 0.6905611707219864 0.02845226400381797 0.029763094710093262
0 0.3835337325748224 0.6993593180487981 0.028397720003181703 0.02507559471009326
0 0.22565650322250513 0.8301025418816133 0.034647720003181705 0.025439615756780755
0 0.5298343785407785 0.9588315705384598 0.0408977200031817 0.025803636803468068
0 0.5739223752387316 0.7307744599727638 0.045767033338636055 0.04170165258848364
0 0.7627666992361863 0.7605360966350576 0.034647720003181705 0.025439615756780755
0 0.6308627185710044 0.7419086520237863 0.04091590133672725 0.027366136803468066
0 0.6009468572167781 0.8941768073136931 0.0393352200031817 0.025712631541796326
0 0.7147088178708241 0.988881061507002 0.042532945337363515 0.022237876985996153
0 0.5534820585614594 0.8077618942018656 0.033139764003817976 0.030036110495108747
1 0.8065483328124999 0.6985073875000001 0.8193348328125 0.6163799890625 0.61864933125 0.587497071875 0.6041683421874999 0.6669682859375 0.8065483328124999 0.6985073875000001
1 0.793822675 0.7832528875 0.8104347515624999 0.6900937765624999 0.6039706171875 0.6584594593750001 0.5896873484375 0.746439496875 0.793822675 0.7832528875
1 0.7767847328124999 0.8580852968749999 0.7926712359375 0.76883429375 0.5886271703125 0.7359480515625 0.5734966546875 0.8226000015625001 0.7767847328124999 0.8580852968749999
1 0.764647753125 0.9330319640625 0.778235875 0.8502690812499999 0.574130965625 0.81476474375 0.55897003125 0.9001076375 0.764647753125 0.9330319640625
1 0.750085046875 1 0.76445003125 0.9245231359374999 0.5595891390625 0.8916178515625001 0.545229821875 0.9763252703124999 0.6779460187499999 1 0.750085046875 1
1 0.7354654390625 1 0.5434136515625 0.9684328796875 0.537966990625 1 0.7354654390625 1
1 0.6213521375 0.66867723125 0.6333522281249999 0.5878398421875 0.43420912500000003 0.5550678578125 0.41818573593749997 0.6384281390625001 0.6213521375 0.66867723125
1 0.60445108125 0.7494003703125001 0.61871914375 0.660765803125 0.418003221875 0.630573834375 0.4020102484375 0.715243165625 0.60445108125 0.7494003703125001
1 0.5899396703125 0.8275625328125 0.6066734203124999 0.73963961875 0.402644565625 0.707407903125 0.38666680000000003 0.792731759375 0.5899396703125 0.8275625328125
1 0.590513146875 0.8171091734375 0.3880723140625 0.7829519656249999 0.3729113796875 0.8682948640625 0.57615383125 0.9018165874999999 0.590513146875 0.8171091734375
1 0.56005439375 0.981904240625 0.578391378125 0.8927103640625 0.372668028125 0.8578224609375 0.3592015875 0.9458215453125 0.56005439375 0.981904240625
1 0.5580035953125 1 0.56539195 0.9656744093749999 0.3622255453125 0.9354253124999999 0.35199469687499996 1 0.5580035953125 1
1 0.4464311203125 0.5540444531250001 0.24657883906250003 0.52732060625 0.23300474843750002 0.6092525078125 0.433766296875 0.64140805 0.4464311203125 0.5540444531250001
1 0.4311028828125 0.6321875703125001 0.232852653125 0.6027072578125 0.22006615625 0.6848346546874999 0.41754518437500004 0.7162595031250001 0.4311028828125 0.6321875703125001
1 0.41737788125 0.709059725 0.219051603125 0.6763067875 0.20469228906249998 0.7610142015625 0.402216946875 0.794402625 0.41737788125 0.709059725
1 0.40280562968750006 0.7846037890625001 0.20284570156249998 0.7518127640625 0.1885015921875 0.8371747015625 0.38765990625 0.870601209375 0.40280562968750006 0.7846037890625001
1 0.3874773921875 0.862746909375 0.18996794374999998 0.8300130109375001 0.1731581453125 0.9146633 0.374782146875 0.948801459375 0.3874773921875 0.862746909375
1 0.3649712390625 1 0.3745540046875 0.9389835828124999 0.1737468265625 0.9048644625 0.1618684125 0.9909380562500001 0.21482746874999997 1 0.3649712390625 1
1 0.2769939859375 1 0.16165548125 0.981774703125 0.159184359375 1 0.2769939859375 1
1 0.2572420421875 0.5280462328125 0.06555685312500001 0.5000273109375 0.0655720640625 0.5006818359375 0.053511135937499996 0.5789011281249999 0.24120344375 0.6107519859375 0.2572420421875 0.5280462328125
1 0.24516590468750002 0.605611 0.051740593749999994 0.5729723171875001 0.037320440625 0.655061628125 0.2331658171875 0.6864483921875 0.24516590468750002 0.605611
1 0.218654403125 0.7646105546874999 0.2329985109375 0.6792486140625 0.036366728125 0.6491518609375 0.0227481921875 0.7306056937500001 0.0244274765625 0.7326073546874999 0.218654403125 0.7646105546874999
1 0.204142990625 0.8427727171875 0.216838234375 0.7567181671875 0.022596096875 0.7240604390625001 0.009053609375 0.8087868968749999 0.204142990625 0.8427727171875
1 0.0019034718749999999 0.8453845843750001 0.00284075 0.8857193593750001 0.1896011640625 0.91962583125 0.203899640625 0.832300315625 0.0096575015625 0.7996425875 0.0019034718749999999 0.8453845843750001
1 0.0046572 0.9638884796875 0.1733648375 0.9938227562499999 0.188525771875 0.908479859375 0.002620659375 0.8762479703125001 0.0046572 0.9638884796875
1 0.17050500625 1 0.1731519046875 0.9846594046874999 0.004495629687500001 0.956935428125 0.005496340625 1 0.17050500625 1
1 0 0.5724836734375 0.0576256921875 0.58030539375 0.071274646875 0.5001606109375001 0 0.489742284375 0 0.5724836734375
1 0 0.6496966265624999 0.045503928124999996 0.655906584375 0.058320846875 0.5750882328125 0 0.5666410468749999 0 0.6496966265624999
1 0 0.7288040546875 0.0293588578125 0.7340306609375 0.044535001562499996 0.6493422890625 0 0.643222321875 0 0.7288040546875
1 0 0.7634706437500001 0.00102146875 0.8074285171875 0.0180539203125 0.8096508953124999 0.0292067625 0.7274854078125 0 0.72204895625 0 0.7634706437500001