1 0.1067709437236993 0.8171291501902804 0.11088791469812276 0.1371418557412188
1 0.12147333918452836 0.9244959812169196 0.11105160580511533 0.1418293557412184
1 0.5489881816579818 0.6207317222824902 0.32409724282842395 0.16611306722365599
1 0.08104920270937396 0.7078642381370018 0.09041172359113019 0.13162668479069167
1 0.2653597153232457 0.6761009490879666 0.2943006154237621 0.16177839429596244
1 0.8474615929171666 0.5693814920169725 0.3050768141656669 0.16703889726171184
1 0.5677878000769688 0.7334081358186434 0.3211904976377472 0.17223573323126704
1 0.5926464455377978 0.8403611313700189 0.32097224282842374 0.16598573323126695
1 0.28483145633757107 0.7856205291260225 0.3101984339354164 0.1702275642579064
1 0.8740352777596321 0.8962649855911818 0.2519294444807357 0.10527372631118474
1 0.8637401293035782 0.7872083205721538 0.2725197413928434 0.1715353962731287
1 0.8537364021266601 0.6815631570360006 0.29252719574667985 0.16541273026551764
1 0.30934536141704694 0.9051053581754955 0.30992561542376224 0.1624150642579064
1 0.6124083632311456 0.935786377909978 0.30752481252120456 0.09366506425790604
1 0.32400062765911575 0.9663147722059403 0.299965283665264 0.05591039627312853
0 0.1610467267559911 0.7358990548291852 0.06402778366526399 0.046296679847775656
0 0.41016381695200976 0.9244681704190544 0.06887897477225646 0.05117518083635879