1 0.5606788281600346 0.7950138268410768 0.21417812406898662 0.10799825721819474
1 0.9254581881703945 0.7617909380670842 0.14908362365921093 0.10421864057694456
1 0.9281679652586998 0.8461841218626744 0.14366406948260035 0.10730727298576417
1 0.5539878724118475 0.7183785916587156 0.20941784946188075 0.1063266544446531
1 0.7642619005336101 0.8598433123077782 0.2094906240689866 0.10788915444465275
1 0.1957559571914199 0.9662068814588889 0.2047645827126577 0.0675862370822223
1 0.9214042349034068 0.6906426366803133 0.15719153019318632 0.10901524335048621
1 0.5927230024766901 0.9895755655388196 0.20145549214211728 0.020848868922360708
1 0.3571685303935649 0.7317468413743752 0.20629284946188076 0.10625391926229177
1 0.37397934883819894 0.8078372158994099 0.20941784946188075 0.1063266544446531
1 0.39156076281577235 0.9958236059076736 0.20065497146395278 0.008352788184652838
1 0.9395078796505579 0.9307773274097577 0.1209842406988841 0.10687086189159736
1 0.751624851733683 0.7058097757386464 0.21261562406898663 0.10796188962701407
1 0.570749495033092 0.8771905472057991 0.21105312406898663 0.10792552203583342
1 0.3785812657112565 0.8898866496950003 0.21254284946188076 0.10639938962701408
1 0.17254528142702222 0.8226588628415279 0.20785534946188075 0.10629028685347244
1 0.38590792224523185 0.9582145031341319 0.21508565260503384 0.08357099373173611
1 0.7609506559102936 0.7887495623077785 0.2062928494618806 0.10625391926229177
1 0.7838531166208792 0.9448917129074481 0.21588617328319834 0.11021657418510386
1 0.7911412317985257 0.9809292237831947 0.20657963978475227 0.03814155243361057
1 0.1865221983000797 0.9049265021842015 0.20614730024766903 0.10312891926229177
1 0.5808565492097025 0.952693161378507 0.2126883986760925 0.09461367724298597
1 0.17128668837528227 0.7453696642282986 0.21283394789030416 0.11264938962701407
1 0.3447905008240603 0.6502968196228822 0.2124700748547749 0.10483688962701407
1 0.9418901710068865 0.9675142612053481 0.11621965798622683 0.042771994300417046
1 0.545516092842343 0.637019488885174 0.20785534946188058 0.10629028685347244
1 0.7337780721641786 0.6242324674180214 0.20941784946188075 0.1063266544446531
1 0.1566012961093306 0.6646463410900348 0.20941784946188075 0.10632665444465292
1 0.9133712570293134 0.6108096663155911 0.17325748594137308 0.10305618407993081
1 0.05424042948394211 0.678652330072118 0.026095927212139734 0.09113414627652787
0 0.7204113548340549 0.9892505434545316 0.04327911910658777 0.021498913090936968
0 0.9164130595487847 0.9765431158787508 0.03361302067816432 0.01795121941479181
0 0.6813209679447869 0.8384027637707991 0.032487168320799495 0.027289851823611145