1 0.1546875 0.9436969673767553 0.1046875 0.07457818874502423
1 0.27109375 0.5537975261602731 0.121875 0.2596535257031626
1 0.1828125 0.5511447114452561 0.1203125 0.256464858706968
1 0.3515625 0.799737425856262 0.1203125 0.250214858706968
1 0.05625 0.9422392381370018 0.1046875 0.07457818874502423
1 0.0140625 0.7869269970342504 0.028125 0.24177100593149917
1 0.37265625 0.5559091714076376 0.11875 0.2501511917107738
1 0.2546875 0.7982160296203142 0.1140625 0.24683519072219048
1 0.08125 0.5552830661978916 0.1234375 0.25659219269935696
1 0.30234375 0.10284647429683746 0.1171875 0.20569294859367493
1 0.021875 0.5498899120532785 0.04375 0.24709517589344293
1 0.2453125 0.9446917815974805 0.1046875 0.07457818874502423
1 0.06640625 0.7980754026617384 0.1203125 0.24865235870696817
1 0.29296875 0.31618743821355155 0.1171875 0.25790002471457935
1 0.16640625 0.7971257149052973 0.11875 0.2532761917107738
1 0.1921875 0.31091895946808984 0.1171875 0.25477502471457936
1 0.3921875 0.3199570839552077 0.1203125 0.2502148587069682
1 0.2078125 0.1047883176807664 0.11875 0.2095766353615328
1 0.09921875 0.30845714574165617 0.1171875 0.2516500247145793
1 0.11640625 0.10513582756659814 0.1234375 0.2102716551331963
1 0.40703125 0.10858979692051973 0.1234375 0.21717959384103946
1 0.034375 0.30797432608372344 0.0625 0.25410917984777565
1 0.04375 0.09499416501902805 0.05625 0.1899883300380561
1 0.34296875 0.9477438443353311 0.10625 0.06995435574121878
0 0.246875 0.47978436460128615 0.0390625 0.05002917490485981
0 0.33515625 0.482437179316303 0.03125 0.04971083992388792
0 0.0359375 0.712598159087529 0.046875 0.0565975098858317
0 0.06484375 0.23407656965793278 0.0390625 0.0625291749048598
0 0.3765625 0.017773795931936565 0.04375 0.03554759186387313