0 0.118358064165667 0.52578125 0.0450049651536097 0.0359375
0 0.6804736290491242 0.60390625 0.0660813569862416 0.0578125
0 0.8725420779606651 0.6296875 0.051364092558271325 0.0390625
0 0.6185886987419049 0.67578125 0.04338790145127884 0.034375
0 0.4690500010114903 0.7296875 0.04673115626060209 0.040625
0 0.033102577327692916 0.75234375 0.03880952885594054 0.0375
1 0.7085787485644196 0.8953125 0.2067807680561673 0.1046875
1 0.7023535412153583 0.96171875 0.21204862141421188 0.0765625
1 0.8371278452990423 0.97265625 0.10972222958158007 0.0546875
1 0.5461854198859644 0.71328125 0.21012402286549073 0.1109375
1 0.8557712070946074 0.90859375 0.11114088584218251 0.0953125
1 0.3067955045548694 0.96875 0.1987847295815799 0.0546875
1 0.5219244859505479 0.87109375 0.21335815027015242 0.1140625
1 0.8694096103599847 0.83125 0.11571925843752062 0.0921875
1 0.7214086199786316 0.81875 0.21648315027015244 0.1140625
1 0.7341293639881817 0.7453125 0.21815477767481434 0.1171875
1 0.507477550834005 0.94921875 0.20354664065150557 0.1015625
1 0.50072655382923 0.9859375 0.1931696466419554 0.028125
1 0.33389869629483415 0.84140625 0.206889895460829 0.1078125
1 0.043119995105858566 0.71953125 0.08623999021171713 0.1140625
1 0.5338094162577672 0.79921875 0.20985120435383636 0.103125
1 0.026302028138150347 0.87109375 0.052604056276300694 0.1015625
1 0.3509919709744234 0.6875 0.2230059687818068 0.121875
1 0.8964954439325815 0.68203125 0.12525794954451328 0.096875
1 0.05717754982251476 0.48828125 0.11435509964502952 0.0984375
1 0.05050839837123593 0.5640625 0.10101679674247185 0.1125
1 0.044484087664129965 0.6421875 0.08896817532825993 0.115625
1 0.032299056994090886 0.796875 0.06459811398818177 0.103125
1 0.20252473304014101 0.509375 0.205327395460829 0.1078125
1 0.18414426607243278 0.58828125 0.2009672776748142 0.1171875
1 0.1698064583605517 0.66328125 0.19789684137714506 0.11875
1 0.16080099139284348 0.7421875 0.1947172776748142 0.1171875
1 0.14718986997863154 0.81875 0.20113096878180672 0.121875
1 0.13363331226675046 0.89375 0.20554565027015248 0.1140625
1 0.3743352456540127 0.53359375 0.21502977767481415 0.1171875
1 0.36543890609096624 0.609375 0.21648315027015244 0.1140625
1 0.33891606770904603 0.76484375 0.21357640507947587 0.1203125
1 0.320151165624795 0.921875 0.21486608656782166 0.1125
1 0.5733803808632227 0.5609375 0.21174108656782167 0.1125
1 0.5589607275978453 0.63828125 0.21346727767481433 0.1171875
1 0.7678471434770945 0.58515625 0.2148115228654909 0.1109375
1 0.744052490211717 0.6625 0.22133434137714508 0.11875
1 0.9134225383049515 0.6 0.12525794954451328 0.096875
1 0.8797593225183695 0.75859375 0.12542164065150557 0.1015625
0 0.3654116242398008 0.61015625 0.18979167549789597 0.065625
0 0.6351313248806222 0.91796875 0.054161710344286185 0.0296875
0 0.626867479411944 0.5953125 0.035302582939624474 0.0265625