1 0.8049594727740075 0.964083418045816 0.1527147472985771 0.07183316390836794
1 0.9304766627941851 0.8213099507876762 0.13904667441162993 0.09393290802036276
1 0.5017904281909711 0.8006123587284971 0.14930132096198284 0.09698518268618095
1 0.3690751806806328 0.9481856980426343 0.15665879465362353 0.08926358935390795
1 0.0992569623918382 0.8060778246737724 0.09843604195220046 0.1619738360120902
1 0.35758540188261195 0.7911271760423163 0.1584943104386391 0.09396927068745367
1 0.7907542176535101 0.8156855647676317 0.1565677893919517 0.08770108935390804
1 0.6498562018684945 0.8093617447485416 0.1550052893919517 0.08768290802036276
1 0.7978834491670714 0.8844719274347227 0.15260833148532668 0.10014654535327168
1 0.10737184123221133 0.9185960060073178 0.08754477360693613 0.08221361067790837
1 0.2123029939618693 0.8167618806890445 0.15468604195220043 0.1626283640197264
1 0.648255175489548 0.8757043600811325 0.15536931043863902 0.09393290802036276
1 0.9330969167051453 0.8947656321212218 0.13380616658970937 0.08770108935390794
1 0.11680702539072604 0.9727380660009544 0.0953726841585147 0.05452386799809119
1 0.6618542148814998 0.9581689517027258 0.15518729991529553 0.08366209659454853
1 0.22225338858725796 0.9339857433561353 0.1475568104386391 0.0938420013526354
1 0.5059311675970404 0.8717061087284972 0.14581229991529537 0.09069882001909021
1 0.36218887287282964 0.8567612667090889 0.1560973525320139 0.10643290802036276
1 0.5129616885731405 0.9522021307288153 0.1483912683452644 0.08136018268618095
1 0.20975484663505753 0.7730118806890445 0.1475568104386391 0.0938420013526354
1 0.9359674350857032 0.9680402140555202 0.12806512982859353 0.06391957188895958
1 0.3754385727457727 0.9881368940165448 0.14998458944842136 0.023726211966910427
1 0.2311880438065775 0.9787340746737723 0.1416106473268118 0.04253185065245546
1 0.6616567938065775 0.9816109970361119 0.14776964206513998 0.03677800592777629
1 0.10562035445697812 0.848310778007636 0.0979208314853265 0.09951019867918127