0 0.47791591466422734 0.04581636007158581 0.03312158267027243 0.028473610495108825
0 0.0860000399825008 0.13400254465362355 0.036319308004454334 0.034905621018452494
0 0.062461995305546726 0.20846421835938173 0.037827264003818015 0.030309126280124388
0 0.09546649399268216 0.05950307359281872 0.03784544533736345 0.03187162628012437
1 0.6938867656250001 0.101239840625 0.7052346828125 0.0410752421875 0.49737557812500005 0.028968828125000002 0.4913546796875 0.0631554859375 0.6938867656250001 0.101239840625
1 0.680856915625 0.1728948390625 0.694353778125 0.0862048046875 0.4895233015625 0.054608573437499995 0.47685847812500004 0.1419721734375 0.680856915625 0.1728948390625
1 0.6687351484375 0.248496028125 0.6838656640624999 0.16184408125 0.48145525468750006 0.128995928125 0.46552311875 0.2162833578125 0.6687351484375 0.248496028125
1 0.6567046421875 0.32802436875 0.671759109375 0.2380997984375 0.4668373734375 0.20257641249999997 0.44933242656249994 0.292443859375 0.6567046421875 0.32802436875
1 0.6388802890624999 0.40414678593750003 0.6531027218750001 0.313548646875 0.452265125 0.2781204765625 0.4355161625 0.3653888609375 0.6388802890624999 0.40414678593750003
1 0.62411031875 0.47118202187499997 0.6385152609375 0.38843818125 0.4393417421875 0.35435715156250003 0.4241351796875 0.4377364703125 0.62411031875 0.47118202187499997
1 0.30854812656249997 0.030764360937500002 0.5053167953125 0.0667518390625 0.5126223390625 0.029856851562499998 0.49127248593750006 0.0286133640625 0.3097730515625 0.02438204375 0.30854812656249997 0.030764360937500002
1 0.3199163546875 0.024618515625 0.309776009375 0.024382114062499998 0.2972127703125 0.1050755421875 0.492302153125 0.1390613609375 0.5083407546875 0.056355604687500005 0.3199163546875 0.024618515625
1 0.493722875 0.12993609374999998 0.296213428125 0.0972021984375 0.281022075 0.18123604375 0.4785771515625 0.21593351562500002 0.493722875 0.12993609374999998
1 0.48158589999999996 0.2048827609375 0.27999231562500004 0.17205364843749998 0.267266653125 0.25679914843749996 0.4665010140625 0.29349828125 0.48158589999999996 0.2048827609375
1 0.46952496874999994 0.2831020546875 0.2654200640625 0.2475977109375 0.2535416515625 0.333671303125 0.4560129 0.3691375578125 0.46952496874999994 0.2831020546875
1 0.45490709375 0.3566825375 0.2548711171875 0.3206188875 0.24294707031249999 0.4047289046875 0.4388684921875 0.439388290625 0.45490709375 0.3566825375
1 0.1227329125 0.020021554687500002 0.1128333984375 0.0752644296875 0.30873961250000004 0.10926929218749999 0.3212232625 0.024648984375 0.1227329125 0.020021554687500002
1 0.3069538625 0.1026859546875 0.115948615625 0.0687953515625 0.0998643875 0.149537528125 0.292488078125 0.18281169375 0.3069538625 0.1026859546875
1 0.29395443125 0.1756500015625 0.1004834921875 0.14104774375 0.09181155156250001 0.22457940937499998 0.2787326578125 0.2583747984375 0.29395443125 0.1756500015625
1 0.281847875 0.25190571875 0.089193759375 0.2173225015625 0.075590434375 0.29943085625 0.26742771875 0.3339950328125 0.281847875 0.25190571875
1 0.26558112968750003 0.32479359375 0.0754231296875 0.2922310828125 0.06416381875 0.3698148921875 0.25273379218750003 0.4043028921875 0.26558112968750003 0.32479359375
1 0 0.053539478125 0.1201848453125 0.0754358140625 0.1301711 0.0201949609375 0 0.017160265625 0 0.053539478125
1 0 0.131192028125 0.108078290625 0.1516915296875 0.12405605625 0.0663676765625 0 0.0459751546875 0 0.131192028125
1 0 0.20784345625 0.0958956859375 0.22467462343750003 0.10709416249999999 0.1444727125 0 0.1252914421875 0 0.20784345625
1 0 0.2852709453125 0.0813234375 0.300218684375 0.0957740125 0.21943841874999997 0 0.202628609375 0 0.2852709453125
1 0 0.3569655796875 0.07150005781249999 0.369331753125 0.0852402703125 0.293114121875 0 0.2778271953125 0 0.3569655796875