1 0.0328125 0.01953125 0.065625 0.0390625
1 0.0296875 0.3109375 0.059375 0.17578125
1 0.21953125 0.6734375 0.07109375 0.17578125
1 0.30078125 0.4953125 0.07734375 0.1796875
1 0.221875 0.315625 0.06796875 0.17421875
1 0.2234375 0.021875 0.071875 0.04296875
1 0.08984375 0.3125 0.07265625 0.17578125
1 0.22265625 0.13828125 0.06796875 0.17578125
1 0.0953125 0.01953125 0.071875 0.0390625
1 0.0859375 0.6703125 0.07109375 0.175
1 0.30234375 0.1390625 0.07890625 0.178125
1 0.0828125 0.9640625 0.07265625 0.07109375
1 0.30234375 0.31484375 0.0765625 0.175
1 0.303125 0.025 0.06875 0.05
1 0.2203125 0.49453125 0.06875 0.17734375
1 0.30078125 0.67265625 0.075 0.17578125
1 0.2984375 0.83828125 0.0765625 0.18046875
1 0.1484375 0.83515625 0.071875 0.17578125
1 0.14921875 0.66328125 0.07109375 0.17265625
1 0.2171875 0.8375 0.0703125 0.17890625
1 0.084375 0.8421875 0.071875 0.17890625
1 0.0296875 0.6703125 0.059375 0.17578125
1 0.1625 0.021875 0.08125 0.04296875
1 0.03125 0.13125 0.0625 0.17578125
1 0.15390625 0.484375 0.0703125 0.1765625
1 0.0890625 0.13359375 0.0734375 0.17578125
1 0.0234375 0.4859375 0.046875 0.17578125
1 0.2203125 0.96484375 0.071875 0.0703125
1 0.15390625 0.3125 0.0703125 0.1703125
1 0.0203125 0.8375 0.040625 0.17578125
1 0.0859375 0.48984375 0.0703125 0.17265625
1 0.021875 0.9609375 0.04375 0.0703125
1 0.1546875 0.13359375 0.06953125 0.17109375
1 0.14453125 0.965625 0.07421875 0.06875
1 0.2953125 0.965625 0.07109375 0.06875
1 0.1828125 0.96484375 0.1546875 0.06953125
1 0.0125 0.9625 0.025 0.07421875