1 0.61953125 0.140625 0.1828125 0.115625
1 0.6109375 0.2453125 0.18046875 0.11796875
1 0.27890625 0.21953125 0.18359375 0.1171875
1 0.26328125 0.3234375 0.1828125 0.11875
1 0.5953125 0.4546875 0.1875 0.11953125
1 0.9359375 0.1734375 0.128125 0.11328125
1 0.79140625 0.15625 0.18203125 0.11875
1 0.2921875 0.11796875 0.1796875 0.115625
1 0.7765625 0.37109375 0.17890625 0.12265625
1 0.925 0.49375 0.15 0.12109375
1 0.125 0.10625 0.18203125 0.11484375
1 0.7703125 0.46796875 0.18515625 0.1171875
1 0.42734375 0.44765625 0.1828125 0.121875
1 0.4453125 0.23359375 0.1875 0.11953125
1 0.9265625 0.37890625 0.146875 0.1171875
1 0.08984375 0.41484375 0.1640625 0.1234375
1 0.63125 0.053125 0.175 0.10546875
1 0.940625 0.0703125 0.11875 0.1171875
1 0.09765625 0.31484375 0.17109375 0.1171875
1 0.1078125 0.20390625 0.17734375 0.1125
1 0.640625 0.0015625 0.18125 0.003125
1 0.434375 0.33515625 0.18359375 0.1203125
1 0.3015625 0.0375 0.178125 0.07421875
1 0.803125 0.0078125 0.175 0.015625
1 0.61171875 0.35390625 0.17734375 0.11875
1 0.78359375 0.2625 0.1828125 0.11796875
1 0.7984375 0.0609375 0.17734375 0.115625
1 0.2515625 0.425 0.18125 0.11640625
1 0.9328125 0.275 0.134375 0.11328125
1 0.4625 0.0453125 0.18125 0.08984375
1 0.134375 0.0296875 0.175 0.05859375
1 0.940625 0.01171875 0.11875 0.0234375
1 0.4515625 0.1296875 0.1796875 0.12109375
1 0.0296875 0.025 0.059375 0.05
1 0.02265625 0.0984375 0.04453125 0.1078125
1 0.01484375 0.20078125 0.0296875 0.10859375