1 0.08012428206366227 0.6417679662806597 0.16024856412732455 0.13833906743868063
1 0.23040178247399465 0.938003920593472 0.26079322402541766 0.08728702013597242
1 0.7585404192434698 0.9249304247744436 0.2707409683433749 0.1203177256830557
1 0.08954987500164764 0.5470366945291666 0.17909975000329528 0.14030161094166688
1 0.5002097220034133 0.9606185773192356 0.26032957386326194 0.060724520135972425
1 0.2749502179429283 0.6675452970183678 0.2696693920444809 0.14840635809187522
1 0.05645318263285515 0.904758928761597 0.1129063652657103 0.0717321424768059
1 0.2906491302799487 0.5734679886977428 0.26975121266133195 0.1530938580918752
1 0.7731717094215117 0.8472775502494091 0.27131371266133186 0.1531302256830557
1 0.9063563563372565 0.8676056212034714 0.05347164772652384 0.11057513050895836
1 0.4941194090972001 0.9068759814795481 0.27284893912238156 0.15160409327423635
1 0.23855124757095858 0.8737777664331595 0.27293075973923264 0.15629159327423636
1 0.9301677776027308 0.7561589749269437 0.048675053570722326 0.10421602773541672
1 0.5090370714342205 0.8128168569545136 0.27293075973923264 0.15629159327423636
1 0.07213845820040038 0.7513066204409722 0.14427691640080076 0.13801175911805572
1 0.8063911327155807 0.6442428160169784 0.2696966655834313 0.1499688580918752
1 0.5273797426996947 0.7014974972471176 0.2697239391223816 0.1515313580918752
1 0.7914598336090851 0.7390831905420132 0.26975121266133184 0.1530938580918754
1 0.5453951314977648 0.6089281375397217 0.26972393912238174 0.1515313580918752
1 0.06741400203189017 0.8467100394189234 0.13482800406378034 0.14095492116215302
1 0.26683198052483004 0.77472201738309 0.2697239391223816 0.1515313580918754
1 0.9444269208650276 0.6550867841974991 0.05810460064862326 0.10755923328249999