1 0.225 0.25078125 0.103125 0.1875
1 0.13515625 0.61875 0.1078125 0.19296875
1 0.346875 0.57890625 0.10234375 0.18671875
1 0.371875 0.75625 0.1015625 0.1875
1 0.1296875 0.10078125 0.10390625 0.18515625
1 0.30703125 0.76953125 0.1046875 0.1890625
1 0.2640625 0.078125 0.10234375 0.15546875
1 0.159375 0.796875 0.10546875 0.18828125
1 0.0859375 0.284375 0.10625 0.18515625
1 0.1828125 0.4375 0.10546875 0.1890625
1 0.021875 0.65625 0.04375 0.1875
1 0.23125 0.7828125 0.10703125 0.19296875
1 0.0328125 0.296875 0.065625 0.1875
1 0.24921875 0.425 0.10390625 0.1875
1 0.321875 0.4109375 0.10078125 0.18828125
1 0.15 0.26328125 0.1046875 0.18359375
1 0.2734375 0.5921875 0.10625 0.1875
1 0.20078125 0.090625 0.10234375 0.17578125
1 0.20703125 0.6046875 0.1078125 0.1921875
1 0.11171875 0.4515625 0.10625 0.18828125
1 0.034375 0.834375 0.06875 0.19140625
1 0.0203125 0.125 0.040625 0.1796875
1 0.29609375 0.2390625 0.1046875 0.1828125
1 0.04375 0.46484375 0.0875 0.1875
1 0.09296875 0.8140625 0.10703125 0.18828125
1 0.059375 0.11171875 0.10390625 0.1828125
1 0.06796875 0.634375 0.10625 0.18125
1 0.0109375 0.478125 0.021875 0.19140625
1 0.003125 0.021875 0.00625 0.04296875
1 0.04453125 0.01796875 0.0859375 0.0359375
1 0.11796875 0.01171875 0.08671875 0.0234375
0 0.02734375 0.71015625 0.02578125 0.03671875
0 0.04609375 0.0609375 0.03828125 0.03203125