1 0.2984198106063066 0.11353026873811148 0.2216846494796016 0.12189904671393
1 0.0019133028043905082 0.24082958847980204 0.0038266056087810163 0.09103417695960411
1 0.10750156151081777 0.2213785579967011 0.21500312302163554 0.1202456185006846
1 0.01915835651329217 0.3976933539192083 0.03831671302658434 0.11101170783841656
1 0.2859065225012372 0.053700627671884674 0.2067280348257091 0.07466033386094854
1 0.013024543193452084 0.3248097833860949 0.026049086386904168 0.09336956677218974
1 0.3333625401412344 0.4470845663099713 0.2215208751693421 0.11877404671392999
1 0.0935076605608781 0.0800943284506722 0.1870153211217562 0.0820636569013444
1 0.10037845827688596 0.1357903989837856 0.20075691655377192 0.1215807979675712
1 0.32766914009580583 0.36163279961692385 0.22620837516934209 0.1189104390337981
1 0.3050172913844298 0.19666101748447024 0.2246458751693421 0.11886497492717538
1 0.12703729703863934 0.47237876834240006 0.2213571008590826 0.11564904671392995
1 0.11661545341564591 0.3875718593294846 0.2216846494796016 0.12189904671392995
1 0.019540136816445484 0.49075303213245364 0.03908027363289097 0.08775606426490726
1 0.11030731795596715 0.30986439647650316 0.2206146359119343 0.12355247492717539
1 0.32238849785229345 0.2832350149771877 0.23286781094499087 0.1269047954602888
0 0.1658286386254678 0.18009197994174028 0.05040279172311406 0.03890938730530311
0 0.18589107587145456 0.3496830659142599 0.05196529172311406 0.038954851411925784
0 0.0022917610812764637 0.2862102846397361 0.004583522162552927 0.031795569279472156
0 0.012570302182792797 0.4655484436526516 0.025140604365585593 0.04203438730530316
0 0.4015094318189199 0.3262241485215672 0.05541784034363299 0.04529577962517113