1 0.6546875 0.13046875 0.071875 0.175
1 0.9234375 0.14296875 0.07265625 0.16796875
1 0.9796875 0.1390625 0.040625 0.16796875
1 0.721875 0.0234375 0.075 0.046875
1 0.7 0.821875 0.07421875 0.16953125
1 0.7734375 0.64921875 0.0734375 0.17265625
1 0.9234375 0.3140625 0.06875 0.17265625
1 0.8453125 0.653125 0.0703125 0.17265625
1 0.7859375 0.0234375 0.071875 0.046875
1 0.975 0.3125 0.05 0.171875
1 0.7890625 0.13359375 0.07109375 0.1671875
1 0.98125 0.03125 0.0375 0.0625
1 0.71484375 0.3078125 0.0765625 0.1734375
1 0.7703125 0.81875 0.06953125 0.171875
1 0.62734375 0.815625 0.07109375 0.17265625
1 0.6484375 0.30546875 0.0703125 0.171875
1 0.7828125 0.3078125 0.06953125 0.1703125
1 0.8578125 0.31015625 0.071875 0.17265625
1 0.703125 0.65234375 0.07265625 0.1734375
1 0.71796875 0.13125 0.07109375 0.1703125
1 0.85859375 0.13671875 0.0703125 0.165625
1 0.9734375 0.65234375 0.053125 0.171875
1 0.9703125 0.828125 0.059375 0.171875
1 0.91328125 0.47890625 0.0703125 0.16953125
1 0.85 0.47734375 0.071875 0.16953125
1 0.90546875 0.828125 0.07109375 0.171875
1 0.64140625 0.4734375 0.07265625 0.1734375
1 0.6234375 0.95546875 0.071875 0.0890625
1 0.9671875 0.953125 0.065625 0.0859375
1 0.6546875 0.01953125 0.071875 0.0390625
1 0.9265625 0.02734375 0.071875 0.0546875
1 0.9734375 0.4859375 0.053125 0.16796875
1 0.8640625 0.02734375 0.071875 0.0546875
1 0.91171875 0.6625 0.075 0.17265625
1 0.70703125 0.47421875 0.0703125 0.17578125
1 0.778125 0.475 0.07109375 0.1734375
1 0.903125 0.9546875 0.06875 0.08984375
1 0.84296875 0.8265625 0.07265625 0.17109375
1 0.63671875 0.6484375 0.06796875 0.171875
1 0.6921875 0.95078125 0.071875 0.0984375
1 0.8375 0.95390625 0.07421875 0.09140625
1 0.76875 0.95234375 0.07109375 0.0953125
1 0.9703125 0.953125 0.059375 0.0859375
0 0.6609375 0.57734375 0.025 0.0296875
0 0.94453125 0.42421875 0.02734375 0.0296875
0 0.8046875 0.41640625 0.0375 0.03671875