1 0.10445755014564928 0.4402275693385418 0.08675115690134443 0.1909536147413889
1 0.1755513001456493 0.4418822947372571 0.08670569279472176 0.189391114741389
1 0.27727790234899785 0.08932229882131967 0.08294419530200425 0.16744337955902786
1 0.3105842150310595 0.6373428779435072 0.08527958511458981 0.1940422471502085
1 0.07720811071613984 0.8125019596311459 0.08371708511458978 0.19400587955902787
1 0.08339958940423889 0.6265826434267362 0.08675115690134441 0.19095361474138883
1 0.19455633056224325 0.08426981648875018 0.08276233887551347 0.16119337955902785
1 0.020193861903274067 0.8069591680280208 0.040387723806548134 0.2014183360560417
1 0.05333193698873399 0.07472854948690977 0.08396112602253203 0.1487297471502084
1 0.16297342913768217 0.6323436405769446 0.08514319279472175 0.18935474715020853
1 0.29736148634296045 0.8230985399876044 0.08666022868809904 0.18782861474138893
1 0.1179483664556206 0.08405030452090288 0.08285326708875883 0.16431837955902784
1 0.2536990321989606 0.4429194242962849 0.08206365690134447 0.19084451196784724
1 0.24040810735092757 0.6310188363403821 0.08358069279472173 0.18931837955902786
1 0.026092172407257613 0.6125006532103819 0.05218434481451523 0.19375130642076394
1 0.012619391132733814 0.9490375652544791 0.02523878226546763 0.08870013050895835
1 0.1177712070469937 0.2513469072944446 0.08666022868809904 0.18782861474138898
1 0.35232336645562057 0.08950544319798641 0.07660326708875882 0.1641729091943056
1 0.13014759112009852 0.9544543767092362 0.07910848997087014 0.0892820119678472
1 0.043441285695521616 0.2519450129177778 0.08688257139104323 0.1925524823325695
1 0.22479616455620582 0.8182824469977085 0.08353522868809904 0.18775587955902787
1 0.3407313339274555 0.2729537228332642 0.08362615690134448 0.19088087955902786
1 0.18861490446056894 0.2615953826931599 0.08666022868809904 0.18782861474138893
1 0.3298523552393565 0.45876393626413225 0.08371708511458972 0.19400587955902787
1 0.2665353159807669 0.2704450122521877 0.08362615690134438 0.19088087955902786
1 0.2839174488002305 0.9598136973305035 0.08058006175762475 0.080372605338993
1 0.03416374251140611 0.43059668977951393 0.06832748502281222 0.18775587955902787
1 0.21447712701347585 0.9566425846311459 0.0837959899708701 0.08671483073770822
1 0.1498416286628285 0.8149743026210418 0.08353522868809904 0.18775587955902787
1 0.06142032317340988 0.9520729526972918 0.07910848997087014 0.08928201196784755