1 0.07734375 0.7140625 0.07109375 0.175
1 0.07578125 0.36015625 0.07734375 0.17421875
1 0.015625 0.1875 0.03125 0.171875
1 0.14140625 0.7140625 0.07265625 0.175
1 0.0171875 0.88671875 0.034375 0.1796875
1 0.278125 0.053125 0.06875 0.10546875
1 0.0140625 0.3609375 0.028125 0.17578125
1 0.01875 0.7125 0.0375 0.16796875
1 0.41953125 0.709375 0.06953125 0.1734375
1 0.3453125 0.18515625 0.07109375 0.1703125
1 0.0140625 0.5375 0.028125 0.17578125
1 0.35078125 0.53203125 0.07421875 0.17734375
1 0.06875 0.0546875 0.075 0.109375
1 0.203125 0.0484375 0.06875 0.096875
1 0.0765625 0.8828125 0.07421875 0.1765625
1 0.27421875 0.1859375 0.07265625 0.17421875
1 0.28046875 0.35625 0.07109375 0.17578125
1 0.3421875 0.053125 0.071875 0.10546875
1 0.41328125 0.3546875 0.06875 0.175
1 0.13671875 0.359375 0.071875 0.1734375
1 0.28203125 0.53203125 0.06953125 0.175
1 0.49921875 0.86953125 0.07265625 0.17734375
1 0.3546875 0.878125 0.07109375 0.1765625
1 0.015625 0.05078125 0.03125 0.1015625
1 0.0734375 0.53828125 0.07109375 0.1765625
1 0.1390625 0.8828125 0.07265625 0.1734375
1 0.35234375 0.70078125 0.0734375 0.175
1 0.21328125 0.7109375 0.071875 0.1703125
1 0.06796875 0.18984375 0.07265625 0.17734375
1 0.346875 0.36015625 0.06953125 0.171875
1 0.1296875 0.046875 0.071875 0.09375
1 0.41953125 0.87109375 0.07109375 0.1765625
1 0.284375 0.7140625 0.06875 0.17734375
1 0.1359375 0.534375 0.07421875 0.1796875
1 0.209375 0.1875 0.06953125 0.175
1 0.21015625 0.3578125 0.07109375 0.1734375
1 0.21015625 0.5328125 0.06953125 0.17421875
1 0.4140625 0.53359375 0.06875 0.17890625
1 0.478125 0.046875 0.06875 0.09375
1 0.48125 0.35390625 0.0703125 0.17734375
1 0.4140625 0.046875 0.071875 0.09375
1 0.21328125 0.88125 0.07421875 0.1765625
1 0.2875 0.8796875 0.0703125 0.1765625
1 0.13515625 0.18828125 0.0734375 0.1734375
1 0.4890625 0.7 0.06953125 0.171875
1 0.49375 0.53203125 0.071875 0.178125
1 0.4109375 0.18203125 0.075 0.17265625
1 0.4796875 0.1859375 0.06875 0.175
1 0.42421875 0.9828125 0.07734375 0.0328125
1 0.3515625 0.9828125 0.078125 0.03203125
1 0.49296875 0.98125 0.075 0.03515625
1 0.28828125 0.98359375 0.078125 0.03046875
1 0.2109375 0.984375 0.08203125 0.02890625
0 0.4015625 0.64609375 0.0296875 0.0359375
0 0.20859375 0.03203125 0.0296875 0.02890625