0 0.3706069968362406 0.9631151359270003 0.04029080732694625 0.024801592558271322
1 0.8010414473112105 0.9923289207733905 0.16939845318850325 0.015342158453218957
1 0.8114743362753625 0.9565278300292178 0.1716912935321364 0.0869443399415644
1 0.47402524593172946 0.9803497320286507 0.17161605042954128 0.039300535942698646
1 0.4815787963612708 0.9364658450901601 0.17637879353213637 0.0919395072563944
1 0.4923768554972394 0.8648363817506489 0.17966756784239593 0.09517363466105593
1 0.05555728120766447 0.03011657513507624 0.04513543758467107 0.0577232199629331
1 0.03590104195025666 0.8214955432839108 0.07180208390051332 0.08986608656782166
1 0.6543445889888959 0.880667256793058 0.17185506784239593 0.09490081614940138
1 0.642147804163187 0.9491171564302384 0.17317190637700666 0.09026787985173215
1 0.14061960368821708 0.9010788942797028 0.18262879353213632 0.09215776206571746
1 0.03389480664957774 0.9011830432839109 0.06778961329915548 0.09611608656782167
1 0.31039983717987363 0.917182587833766 0.17637879353213642 0.0919395072563944
1 0.1606165954320157 0.04161212504240901 0.1818918091359686 0.07809526206571757
1 0.3009971817073782 0.9714620715492881 0.17202548620519006 0.057075856901423805
1 0.3214878233850637 0.8549554063454202 0.18114818068726618 0.0936656983633867
1 0.15322914631584225 0.8396875264936877 0.17950379353213633 0.09204863466105592
1 0.13676758537085137 0.9596453624285373 0.17326043758467108 0.06219744355406327
1 0.8204642339459418 0.8919470410912942 0.17333568068726599 0.0933928798517325
1 0.6419530523541646 0.9840501401033513 0.1730966632744117 0.03189971979329727
1 0.029995200702112458 0.9417261977304145 0.059990401404224916 0.05845239546082901
1 0.9051015055426678 0.9617498153271704 0.029258132066747322 0.07650036934565918