1 0.2328125 0.040625 0.084375 0.08125
1 0.015625 0.7484375 0.03125 0.19921875
1 0.0296875 0.91015625 0.059375 0.1796875
1 0.221875 0.8796875 0.1015625 0.1890625
1 0.0375 0.55625 0.075 0.19140625
1 0.28359375 0.32890625 0.103125 0.1828125
1 0.08125 0.90390625 0.10625 0.1921875
1 0.0359375 0.0609375 0.071875 0.12109375
1 0.05 0.7328125 0.1 0.19140625
1 0.2140625 0.34375 0.10546875 0.184375
1 0.0953125 0.05625 0.096875 0.1125
1 0.18203125 0.17109375 0.10703125 0.1828125
1 0.07578125 0.36953125 0.1015625 0.18828125
1 0.165625 0.5328125 0.10390625 0.18671875
1 0.025 0.37890625 0.05 0.1875
1 0.25625 0.1578125 0.103125 0.18359375
1 0.196875 0.70234375 0.10703125 0.1890625
1 0.003125 0.56875 0.00625 0.19140625
1 0.0515625 0.196875 0.103125 0.19140625
1 0.0140625 0.21484375 0.028125 0.1796875
1 0.16328125 0.05078125 0.0953125 0.1015625
1 0.14140625 0.35625 0.10625 0.1890625
1 0.33515625 0.67265625 0.1078125 0.1875
1 0.3125 0.496875 0.10390625 0.1875
1 0.23828125 0.51953125 0.10703125 0.18671875
1 0.14765625 0.89296875 0.103125 0.1890625
1 0.121875 0.71484375 0.1046875 0.1890625
1 0.1 0.54453125 0.10234375 0.19375
1 0.28984375 0.8640625 0.10390625 0.178125
1 0.2625 0.68671875 0.10703125 0.18984375
1 0.11796875 0.1921875 0.10625 0.18828125
1 0.3609375 0.85078125 0.1046875 0.1859375
0 0.0140625 0.80625 0.028125 0.05078125
0 0.11015625 0.42734375 0.034375 0.0453125
0 0.1796875 0.41171875 0.0296875 0.0515625
0 0.0390625 0.15703125 0.040625 0.0484375