1 0.6494431885891885 0.7539815772768725 0.2538228209258335 0.11707036709365912
1 0.03993777564281776 0.8043016806199634 0.07987555128563552 0.10679542154477702
1 0.4102522560003653 0.7721265475172309 0.24608309553293925 0.11858741529826115
1 0.17943674959022443 0.7950090147325272 0.24459337014004517 0.12014082493918146
1 0.4188395438420375 0.8729850655694076 0.24310364474715093 0.12169423458010194
1 0.8613631457851175 0.7341150257526209 0.2146875463187275 0.11528060811666876
1 0.42532067618319164 0.9502277798578376 0.25004284946188077 0.09954444028432477
1 0.6538095492187208 0.9454650953290493 0.24244867328319836 0.10763173458010193
1 0.04353790674337228 0.9743278343089553 0.08707581348674456 0.05134433138208934
1 0.042251542599183144 0.8941908824153615 0.08450308519836629 0.11617951190385653
1 0.19103556741568598 0.9644033884654857 0.24084763192686945 0.07119322306902873
1 0.8617140945039912 0.9279195679070987 0.19535534946188057 0.10267152380771308
1 0.1943831993425554 0.8935601442210224 0.24132282092583343 0.11699764422102206
1 0.861283909019684 0.8364860468298598 0.2056764193542569 0.12303856596219091
1 0.6533793637344136 0.8540315742518103 0.25255141935425696 0.1233112767345795
0 0.5755668868937773 0.7965321707592101 0.03924659057054072 0.03771816861791066
0 0.5053206993425554 0.8953691256778662 0.05396406203449331 0.051862481849627426
0 0.2792290802359676 0.9174976139704011 0.04527826674922295 0.033067030054229465