1 0.16830789488715 0.11187093425441294 0.1101307508107789 0.13469437418757346
1 0.08438686241974594 0.13208006858825613 0.1149000714276299 0.13946369480442447
1 0.02819713798729116 0.1487141895294187 0.05639427597458232 0.13694662094116258
1 0.3258136940002362 0.9768259582004003 0.09903751785690744 0.036093232953871277
1 0.146776804795129 0.8979448019491645 0.1315887394466932 0.20067393019392776
1 0.198311220375265 0.2722356899364558 0.12572056899199793 0.2224398360381265
1 0.2710303311734531 0.6700634894499885 0.12393988068039521 0.20991256249917623
1 0.30266829464885925 0.8710123348236058 0.13048988960884902 0.22720915665497757
1 0.22036430925935585 0.8880691956184986 0.12563874837514694 0.21775233603812652
1 0.1531412220001181 0.48858343871863974 0.1288182954530476 0.22093188311602713
1 0.10949281331654566 0.7072476639618734 0.13191602191409726 0.21942393019392803
1 0.08252339002247663 0.9100005170461285 0.09058190990138841 0.17808981818121908
1 0.046720077927042254 0.723963605519887 0.09126374837514692 0.21715231818121908
1 0.11130609821628643 0.29015562134819967 0.13197056899199794 0.22254893019392785
1 0.05139313027665341 0.30766644967568846 0.10278626055330682 0.22216710064862308
1 0.1839979354755242 0.6895459208617323 0.12709215421934558 0.2115296095770768
1 0.006711875812426542 0.32094374553577315 0.013423751624853084 0.21123750892845372
1 0.027636256089079953 0.5189857792209931 0.055272512178159906 0.21202844155801373
1 0.24442732630548444 0.9860566822258182 0.0987647824674041 0.02046823295387128
1 0.23545884415909663 0.47074532792374696 0.12572056899199796 0.2224398360381265
1 0.07239973661061468 0.5056130259745824 0.1319432954530476 0.22098643019392786