0 0.154570963359317 0.18874707995234186 0.023710220003181702 0.02384660308425506
0 0.1783100973901792 0.41572263717651226 0.022184082670272564 0.02694432954530477
0 0.12190719808240531 0.6050266448871501 0.026889764003817974 0.028588650162155817
0 0.21302418877304055 0.7800345531669806 0.022293170671545237 0.03631932954530477
0 0.16051844879849395 0.9684891270302426 0.022147720003181704 0.023819329545304767
0 0.012448192711634293 0.33109999553577313 0.019405622692544262 0.1909250089284537
1 0.15938047342454126 0.669229466721817 0.09903857869190795 0.18762845941492118
1 0.22960206675681402 0.6601896574690518 0.09903857869190791 0.18762845941492118
1 0.10539404945094914 0.8647425641240293 0.09907494135899882 0.19075345941492117
1 0.0868242207590412 0.6790914362830078 0.10060107869190793 0.18765573295387128
1 0.018689102044861572 0.3302096513799718 0.031705628023544374 0.17395569724005638
1 0.14169189206713328 0.4921584521113204 0.10058289735836246 0.18609323295387145
1 0.20878848539940606 0.48317318993645575 0.09907494135899882 0.1907534594149211
1 0.07071632073517867 0.5035556481335609 0.09587721602481705 0.1844489123370204
1 0.02549472740290589 0.5121590807631208 0.04117153469127159 0.1819318384737585
1 0.18041530068427192 0.12656467979018607 0.10052835335772618 0.1814057329538714
1 0.10948518268618093 0.14186812581242653 0.09426017202418069 0.17973413879807004
1 0.12318569804263442 0.311976074270299 0.09903857869190792 0.18762845941492098
1 0.1740440521164492 0.8549487784102142 0.09751244135899881 0.1907261858759707
1 0.05145614871099796 0.3257306570620146 0.0942965346912716 0.18285913879807003
1 0.24813553278163109 0.8427157853100731 0.10214539735836245 0.18612050649282175
1 0.03923160542645026 0.6853920292209932 0.04740335335772615 0.18047843262955982
1 0.11756788013203938 0.9708016493513769 0.09126134667409058 0.05626936525911965
1 0.04082608935390815 0.15088066152624152 0.08019767202418071 0.17948867694751697
1 0.19260786004136174 0.30138740178700885 0.09907494135899882 0.19075345941492108
1 0.26433379213076674 0.9588629366900449 0.09460452267663584 0.07507391233702024
1 0.18938833613140305 0.9648595665596613 0.09137043467536321 0.06564436525911965
1 0.0616713214512673 0.8678499732146389 0.04431471602481705 0.18354888555165907
1 0.03114145934118146 0.05728066599046837 0.06111931333545445 0.016688668019063258
1 0.10057271200668152 0.04747324350717824 0.07207499466899989 0.018442082791715643