1 0.26130824212281256 0.9150321486760925 0.08477608402290801 0.16993570264781505
1 0.05027074478831258 0.8979495024811992 0.08159654002227171 0.1677740049623985
1 0.016966254097677325 0.7199315103390822 0.019278353357726152 0.1804880206781645
1 0.031124372692544266 0.19197133023145835 0.03650221602481705 0.18441354135632887
1 0.07778283871736132 0.37685790653397533 0.0864840346912716 0.18517982878371625
1 0.06148841343090461 0.7212243366415991 0.0833590346912716 0.18503427956950452
1 0.4085997707669954 0.7576927994190996 0.08334085335772623 0.18347177956950453
1 0.01960835407381479 0.5443685841603998 0.028598809357089815 0.1762371683207995
1 0.33984068010022267 0.7537094667064418 0.08644767202418073 0.18205482878371626
1 0.3576066987189521 0.40160331120592374 0.08335903469127164 0.18503427956950452
1 0.4265112400540884 0.41808664391858147 0.08332267202418073 0.18190927956950453
1 0.12562363876508637 0.7304580955329394 0.0833590346912716 0.18503427956950452
1 0.11671335745540348 0.9041674232831983 0.0847215400222717 0.16791955417661059
1 0.35033164274345097 0.5816354135632886 0.0849033533577261 0.18354455417661059
1 0.1426174980505886 0.37909680272886837 0.08332267202418073 0.18190927956950453
1 0.3308849454566761 0.9185681213806449 0.08790108402290801 0.16286375723871024
1 0.2656492021005408 0.7525964228689135 0.08334085335772609 0.18347177956950453
1 0.15375225600731784 0.06103816149637402 0.08250451201463571 0.11159677956950458
1 0.39654630812376707 0.9216952754334209 0.08477608402290801 0.1566094491331583
1 0.4337772053628168 0.23727329156121665 0.08335903469127164 0.18503427956950455
1 0.5078403193427723 0.09314661000585073 0.09068063868554468 0.14321065260503388
1 0.0811425540260897 0.1958626176588458 0.08650221602481703 0.1867423287837163
1 0.15151868869349877 0.20460622497860942 0.08804653469127159 0.18525260339082214
1 0.02151465738381586 0.37267552067816445 0.033286309357089816 0.17645549214211717
1 0.22328350600731786 0.06427663151258468 0.07781701201463571 0.11137845574818701
1 0.09121589334022695 0.05500217721213972 0.0793067866804539 0.10520123035529287
1 0.13456119207508746 0.5590925177826802 0.0848851720241807 0.18198205417661056
1 0.5056885680299077 0.2437459234880861 0.08023403469127163 0.18488873035529282
1 0.20993226738540666 0.39316361083442025 0.08648403469127161 0.18517982878371636
1 0.18865199212281253 0.9129838052100677 0.0815419960216354 0.1630865049623985
1 0.19756227343249544 0.7392744774598088 0.08332267202418069 0.18190927956950453
1 0.28806635805217945 0.3975835911897131 0.08648403469127164 0.18517982878371625
1 0.4766503367679499 0.7678897448282043 0.08176017202418073 0.18183650496239867
1 0.3642005020289532 0.23012857154500602 0.08334085335772609 0.18347177956950456
1 0.0634038074076784 0.5503125231593637 0.08332267202418071 0.18190927956950453
1 0.4661684647914942 0.9296008977450789 0.0815419960216353 0.14079820450984215
1 0.2752770987428147 0.5734547324222075 0.08490335335772618 0.18354455417661059
1 0.21873346069381694 0.21007928308416127 0.08652039735836245 0.18830482878371627
1 0.30536020934118147 0.07200354838564219 0.08259541868236298 0.1194092795695046
1 0.5046907840547247 0.42641287427387436 0.08334085335772627 0.18347177956950453
1 0.4137219807447236 0.5939577851510759 0.0817965346912715 0.18496150496239885
1 0.3710033906747269 0.0766225818840882 0.08263178134945379 0.1225342795695046
1 0.2992749360279987 0.2200771753501129 0.08652039735836245 0.18830482878371627
1 0.036501121339908786 0.050111315963434724 0.03237724267981758 0.09833049214211716
1 0.4413613440085905 0.08380368920385178 0.07647268801718106 0.13005568114108115
1 0.48714129941117823 0.5958156916850511 0.0802158533577261 0.1833262303552928
1 0.20881630474217835 0.5656743116202085 0.08488517202418071 0.18198205417661056
0 0.49105718742040505 0.6639299908992629 0.045839758672817865 0.04742296360606986
0 0.49635266740926925 0.5821898393276863 0.023782945337363515 0.03077911910658777
0 0.4729295173456358 0.11260293134596892 0.026962489337999784 0.03561216832079959
0 0.43573860001590836 0.13741884077542837 0.034684082670272606 0.02816354135632886