1 0.11365287265277338 0.10434835511284998 0.11956925469445326 0.20673301542127548
1 0.2880030565722771 0.7004808356310894 0.1928442173774525 0.3283000982129913
1 0.5505983419796372 0.15964119601894516 0.18630331604072553 0.3031910040571898
1 0.4808649079408209 0.44441957061355575 0.19442489871099794 0.32988987175194145
1 0.3600802406110935 0.4157433713449044 0.19286239871099795 0.32986259821299113
1 0.4288869739815463 0.14345135998081865 0.18597605203690737 0.2750660040571898
1 0.3149790153166826 0.12817914163744387 0.18566696936663485 0.24850350405718977
1 0.5387746685630501 0.7728406254020942 0.1975680800445435 0.3315069188298422
1 0.18671327657545875 0.6752705555993174 0.1959692173774525 0.32835464529089187
1 0.49677643053791504 0.9522285219140972 0.14807496801399936 0.09554295617180557
1 0.24966562054427835 0.9061035442352317 0.14531359468490826 0.13688416558343092
1 0.05515911998727331 0.34160684740221225 0.11031823997454662 0.3082136948044245
1 0.41174000123332277 0.7440553319776415 0.1991669427116344 0.33465919236879244
1 0.04541830394654791 0.8524352532464109 0.09083660789309582 0.12987050649282175
1 0.37429290320659675 0.9370955355102965 0.14838405068427188 0.12580892897940715
1 0.077587008633047 0.6584358372559425 0.155174017266094 0.326246674511885
1 0.24928819127945703 0.4013069500794303 0.1975680800445434 0.3315069188298422
1 0.6768608499761375 0.1876316026739227 0.19109990404199806 0.3126478246740408
1 0.015087008633047 0.6510948956979289 0.030174017266094 0.31156479139585774
1 0.14210765921391458 0.8823466700476581 0.14367836935072648 0.1306068920444808
1 0.6079268472708665 0.4708611140380084 0.19598739871099796 0.32991714529089183
1 0.12946658728518404 0.35701938758025403 0.1928078547103616 0.3251750982129911
1 0.1775699219844098 0.11796657020981391 0.20423515603118042 0.23320578652459387
0 0.1112218332272776 0.7833500624991763 0.04736589600572701 0.04300570616851011