1 0.9392588774267685 0.6720262207855974 0.1119749306969986 0.22534664772652385
1 0.9119738360120901 0.07316202679195179 0.09823860001590816 0.11887845941492108
1 0.6467377594684484 0.9842258064166867 0.08917158800127253 0.010929591720169185
1 0.8579088800922685 0.6648506948110151 0.11199311203054414 0.22690914772652385
1 0.8204221353437268 0.06225752882054668 0.09969201201463562 0.10953073295387143
1 0.9691207421228125 0.8879551838539665 0.031905622692544 0.1911431972400565
1 0.9198110854550853 0.8810018003309021 0.1117749360279987 0.20815914772652383
1 0.7391085006763177 0.05820700284596436 0.09818405601527189 0.11419095941492108
1 0.774978201424223 0.6561399423753831 0.1182249306969986 0.22545574188232517
1 0.8384974507876762 0.8769512743563197 0.11502720536281678 0.21915119480442452
1 0.6740878634229505 0.6485240856376799 0.10883174936345305 0.22372960064862307
1 0.7214226560311804 0.21714167208284357 0.10730561203054415 0.2268273271096728
1 0.8796186060629971 0.4488029549572848 0.11357379336408968 0.22849892126547414
1 0.6925907733927245 0.42549964286185044 0.10894083736472596 0.2331046006486231
1 0.9625369100095451 0.23868188677606575 0.07492617998090978 0.23102390340856668
1 0.9728744260025455 0.07677222200341337 0.054251147994909134 0.1134545738632619
1 0.9520908533577263 0.45763643831819334 0.09581829328454745 0.23143300649282175
1 0.6578650687857672 0.866038868105084 0.11046697469763486 0.23000687418757346
1 0.8981578786998622 0.2289035121814552 0.11515447469763487 0.2300886948044245
1 0.78421519939527 0.44265414083325555 0.11513629336408933 0.22852619480442446
1 0.7486355194541308 0.8769570028459643 0.1103760680299077 0.22219437418757337
1 0.8035266313653622 0.22195981128795078 0.11201129336408959 0.22847164772652384