1 0.8786489746180932 0.39378435284983115 0.23612040802036277 0.15955004942915868
1 0.8900415552991834 0.2879481883250947 0.21577154535327167 0.1555973784786316
1 0.41425121463241066 0.2693428379839025 0.25957608935390813 0.1620675543720746
1 0.4333744793125464 0.17085625844013802 0.27049540802036276 0.16095072334543534
1 0.17028358597231946 0.21094145307948028 0.2532715453532718 0.15712538638729703
1 0.19647446331954607 0.10961637501859052 0.2579772266868173 0.15887888737588024
1 0.6788500639720013 0.2340088103407547 0.2642272266868172 0.15913355536065782
1 0.655838730625411 0.3307737223940332 0.26426358935390815 0.16225855536065775
1 0.21431649132718208 0.05406671197672883 0.25886701734563583 0.1011300543720746
1 0.4560045519971365 0.03968451288876231 0.25986589600572696 0.052756221368268984
1 0.7103647879933185 0.07818723326844812 0.24938292934436318 0.09137305239490826
1 0.45075343065722767 0.08793101190017913 0.27036813868554466 0.15001322334543535
1 0.899762547979001 0.1914233568041639 0.19862040802036277 0.15802204152049332
1 0.7002988973185916 0.13718023129128176 0.2690238146880898 0.16869955634924097
1 0.9074483259866369 0.13545985828703866 0.1837579293443632 0.08869903855474379
0 0.5833017539783646 0.18321829007479962 0.05052725867281786 0.04734984387822054
0 0.5682029179662743 0.2717077871090501 0.03782726400381797 0.02965300790866543
0 0.37095738999840916 0.02683966159616798 0.0393352200031817 0.025029174904859786