1 0.5514046269957569 0.19123247294861828 0.22042919961943924 0.16247858260730733
1 0.18716305486636617 0.25501880595163706 0.217113198630856 0.157700154394062
1 0.7386433473382616 0.04621680430228439 0.20362901878308026 0.09243360860456878
1 0.3515359140676259 0.3730377170761236 0.21542336463846717 0.15452969028743926
1 0.9766911284786317 0.462459985947249 0.04661774304273649 0.12686402837152996
1 0.5423890657407812 0.2963064178549111 0.22042919961943924 0.16247858260730724
1 0.7062671764249157 0.421379311032709 0.21386086463846715 0.15448422618081653
1 0.19298994912514758 0.1484732892585896 0.21580536661563351 0.16390469028743926
1 0.17474526239447075 0.4493598393377319 0.2090460306460784 0.15122283386094856
1 0.9911754397336076 0.25332066666777686 0.017649120532784935 0.12733538981258558
1 0.7427525271860372 0.10744719167409451 0.22042919961943905 0.16247858260730733
1 0.8961554056460784 0.34071902975818513 0.2076891887078432 0.15751829796757127
1 0.5579371753991513 0.034813954539711235 0.20962435079830274 0.06962790907942247
1 0.06387940517037735 0.3391701485880742 0.07977502471457935 0.11936977711788863
1 0.343891851824067 0.4733786978757936 0.22479836463846717 0.1548024749271754
1 0.7282682159310616 0.21268026095356668 0.225244033611828 0.16573997492717538
1 0.07949513490442227 0.2425080972552907 0.07365235870696815 0.12231292069139794
1 0.36096531079786526 0.2781200221698308 0.2171768656270503 0.15926265439406195
1 0.37689542243340185 0.023388372723826743 0.2100408448668037 0.046776745447653485
1 0.8900373747714447 0.44416227850454393 0.21992525045711062 0.15939904671393
1 0.9054143532697607 0.239392210478713 0.18917129346047865 0.1588534774344578
1 0.9799315336118279 0.35448836157406965 0.040136932776344024 0.1296707796251712
1 0.8779896206071474 0.5470061336773935 0.22642453163466164 0.1564104390337981
1 0.3758395998097196 0.07423781888376077 0.21730419961943914 0.14847563776752154
1 0.6931861976794538 0.5226606662055584 0.21073586463846716 0.15439329796757129
1 0.5604520217488298 0.08693977804232553 0.222119033611828 0.16564904671393002
1 0.3685457060452298 0.17621654137016068 0.2109268656270503 0.15908079796757119
1 0.5315563365010277 0.3951758268678266 0.21067219764227296 0.1528307979675712
1 0.9070285914067625 0.13068480021215628 0.18594281718647493 0.16643865690134438
1 0.06129025745155485 0.4291957550145649 0.09214769072219058 0.11660848997087019
1 0.18238932463802965 0.34901885853806175 0.21561436562705039 0.15921719028743925
1 0.2068230029657495 0.012539452428140183 0.204271005931499 0.025078904856280365
1 0.7168134041817942 0.3154786520197935 0.22342686562705047 0.15944451082055267
1 0.20342343034206722 0.06347982680131956 0.21934686068413445 0.1269596536026391
1 0.9129920899238879 0.07503419378566556 0.17401582015222417 0.08326244404836296
1 0.5256021082498575 0.498596343560874 0.20585736364988386 0.14956940564770313
1 0.9693216388587549 0.560389020586985 0.06135672228249014 0.12584709765100222
0 0.5931649985543063 0.37148226260291933 0.04534167490485963 0.040335494985435094
0 0.7732172544858054 0.39440162239462234 0.051782675893442945 0.04520485141192578
0 0.4284738043720746 0.24565085147843285 0.05028384288963732 0.046721887305303154