1 0.45 0.34453125 0.1265625 0.078125
1 0.45234375 0.19609375 0.12578125 0.078125
1 0.45078125 0.26640625 0.12890625 0.07890625
1 0.58203125 0.20078125 0.125 0.07734375
1 0.453125 0.11953125 0.12421875 0.078125
1 0.453125 0.00625 0.125 0.01171875
1 0.0125 0.31640625 0.025 0.078125
1 0.4546875 0.04296875 0.1234375 0.07734375
1 0.58125 0.046875 0.12265625 0.07734375
1 0.2140625 0.1828125 0.13046875 0.075
1 0.09140625 0.175 0.12265625 0.0796875
1 0.5796875 0.00625 0.121875 0.01171875
1 0.0140625 0.1640625 0.028125 0.078125
1 0.58203125 0.125 0.12421875 0.0765625
1 0.09453125 0.0984375 0.12265625 0.07578125
1 0.3328125 0.00390625 0.121875 0.0078125
1 0.328125 0.26171875 0.12734375 0.08046875
1 0.33203125 0.190625 0.1265625 0.08046875
1 0.33359375 0.1140625 0.12421875 0.08046875
1 0.015625 0.09375 0.03125 0.078125
1 0.08203125 0.32734375 0.13046875 0.0796875
1 0.57734375 0.2734375 0.12421875 0.08125
1 0.2109375 0.2515625 0.1296875 0.07734375
1 0.58046875 0.3484375 0.12421875 0.078125
1 0.33125 0.0375 0.125 0.07421875
1 0.015625 0.0296875 0.03125 0.05859375
1 0.3265625 0.33828125 0.1265625 0.078125
1 0.20390625 0.33203125 0.12890625 0.0796875
1 0.6984375 0.00625 0.121875 0.01171875
1 0.2171875 0.0328125 0.128125 0.065625
1 0.69765625 0.20390625 0.11953125 0.0765625
1 0.2171875 0.10703125 0.1296875 0.0765625
1 0.0953125 0.0296875 0.121875 0.05859375
1 0.696875 0.12578125 0.11875 0.0765625
1 0.696875 0.05625 0.11953125 0.075
1 0.0140625 0.23828125 0.028125 0.078125
1 0.0890625 0.24765625 0.1265625 0.0796875
1 0.70234375 0.28125 0.12890625 0.07734375
1 0.69921875 0.3515625 0.1234375 0.07734375
0 0.2515625 0.284375 0.02734375 0.034375
0 0.29296875 0.13828125 0.02109375 0.03671875
0 0.53515625 0.2203125 0.02421875 0.028125