1 0.22387833995136805 0.20859375 0.08663962903138529 0.1828125
1 0.3127504030193186 0.06171875 0.08074919396136275 0.1234375
1 0.1637135895370833 0.0578125 0.08507282092583343 0.115625
1 0.2386768548430734 0.9140625 0.08427660835322089 0.165625
1 0.1182960041383384 0.56328125 0.08798380521006774 0.178125
1 0.052671004138338404 0.56328125 0.08791103060296188 0.1765625
1 0.35360857361642983 0.3921875 0.08649407981717357 0.1796875
1 0.3393533668347855 0.5640625 0.08663962903138529 0.1828125
1 0.01252130893412139 0.56015625 0.02504261786824278 0.1828125
1 0.13187912283064152 0.3890625 0.08812935442427944 0.18125
1 0.23299012841221275 0.06328125 0.08401974317557448 0.1265625
1 0.03346729776872425 0.91015625 0.0669345955374485 0.165625
1 0.02773970223353035 0.05859375 0.0538955955329393 0.1171875
1 0.25765594892827065 0.74140625 0.08834767824559701 0.1859375
1 0.038787325373758126 0.73828125 0.07757465074751625 0.178125
1 0.15274820264781513 0.209375 0.08827490363849115 0.184375
1 0.30579158023596753 0.915625 0.08427660835322089 0.165625
1 0.06476439743774737 0.3875 0.0866396290313853 0.1828125
1 0.3250253854460353 0.7375 0.08693072745980875 0.1890625
1 0.15046837945017927 0.9125 0.08896410835322088 0.165625
1 0.268004905709915 0.56953125 0.08634853060296184 0.1765625
1 0.088113928664391 0.909375 0.08449493217453845 0.1703125
1 0.38596957919800107 0.06640625 0.08431084160399785 0.1328125
1 0.02539595223353035 0.21015625 0.0507919044670607 0.1859375
1 0.10780149814248237 0.73828125 0.08649407981717361 0.1796875
1 0.36737362882649754 0.2140625 0.08522267824559701 0.1859375
1 0.08785956492997742 0.059375 0.08053087014004516 0.11875
1 0.1673220473566941 0.73515625 0.08820212903138529 0.1828125
1 0.002013994418428732 0.74140625 0.004027988836857464 0.1796875
1 0.07803930107623855 0.203125 0.08834767824559704 0.1859375
1 0.30096737882649754 0.2140625 0.08998295285270289 0.1875
1 0.20918648552708857 0.38984375 0.0864213052100677 0.178125
1 0.1855926660489972 0.5609375 0.08961907981717361 0.1796875
1 0.2841137109199828 0.39140625 0.0864213052100677 0.178125
1 0.013362525021390617 0.38671875 0.026725050042781234 0.1765625
0 0.123982962162837 0.84375 0.029726041356328857 0.034375