1 0.7857601031814252 0.6159918358686104 0.15509422249741006 0.11286628875333342
1 0.5432623498716562 0.8836385032310414 0.15182367328319835 0.10966855357097245
1 0.23923185959156595 0.6529574265773956 0.15680227171162178 0.11602765634451409
1 0.7913615938758003 0.7026742182774299 0.15665672249741008 0.11290265634451409
1 0.2713702332462678 0.9063908978920484 0.15182367328319835 0.10966855357097245
1 0.38220060959156593 0.6496297919843748 0.15807367328319835 0.10981402393569457
1 0.1562910427995617 0.9208008496394097 0.1313656240689866 0.10607077488562525
1 0.3936518399468588 0.7275729540284719 0.15509422249741006 0.11286628875333342
1 0.24870321298238812 0.7387676400082637 0.1568022717116217 0.11602765634451409
1 0.6406787355225794 0.5403768528704509 0.1614897717116218 0.11613675911805572
1 0.5105374712545558 0.5504447967340275 0.15978172249741007 0.11297539152687505
1 0.648805912734719 0.6309109338924995 0.15821922249741008 0.11293902393569458
1 0.12570236062502327 0.7510156797115277 0.1346361732831983 0.10926851006798621
1 0.7779240243977089 0.5317077548465619 0.15851032092583353 0.11918902393569457
1 0.9853019150110306 0.6062856082856936 0.029396169977938768 0.10599673328249999
1 0.5193731238595897 0.6393981939604856 0.1568022717116218 0.11602765634451409
1 0.5501887460665493 0.9483913342530897 0.15214900496239886 0.08314242116215312
1 0.9881208540099948 0.6945486744901033 0.023758291980010428 0.1075228656913195
1 0.9231133611440064 0.6925517230270826 0.15377327771198707 0.11599128875333342
1 0.1180482183590716 0.6706378486894791 0.15055227171162172 0.11588218597979179
1 0.9343676924089221 0.9111744364579506 0.1312646151821557 0.05636171561506949
1 0.931194515713511 0.8525625026623604 0.137610968572978 0.11119468597979179
1 0.5353898837843871 0.7985731722089927 0.15338617328319834 0.10970492116215276
1 0.992320356491194 0.7710566231033325 0.015359287017611934 0.10116376291777787
1 0.8066334911041506 0.8626486303215272 0.15338617328319834 0.10970492116215276
1 0.5260276923042237 0.7151067087781245 0.15040672249741008 0.11275718597979179
1 0.16572385483405502 0.972199695479097 0.12420378742738744 0.05283667211208325
1 0.6623697607488579 0.7877967135277772 0.1599272717116218 0.11610039152687505
1 0.5010661178637336 0.4646345833031593 0.1599272717116218 0.11610039152687505
1 0.2771515064056316 0.9633494127096874 0.15134848428423436 0.06595492116215311
1 0.13744468940873955 0.8352088417556249 0.12660534946188076 0.10439917211208324
1 0.9964834716688404 0.8491270717165615 0.007033056662319126 0.10105466014423632
1 0.22921038854189799 0.4881682279641665 0.1552397717116218 0.11599128875333342
1 0.7711239067388631 0.45287424002892296 0.16348891935425697 0.1255481267092362
1 0.810252950781279 0.9235679465259368 0.14858735731976358 0.07369468597979179
1 0.09616244809519195 0.5029964070101041 0.15084337014004517 0.12213218597979178
1 0.9211484467521484 0.6065596716403118 0.15770310649570335 0.11297539152687505
1 0.3734741188971909 0.5630201447579164 0.1599272717116218 0.11610039152687505
1 0.7965264369275402 0.7799816006862493 0.15353172249741007 0.11282992116215293
1 0.9968131114535929 0.8991634393077422 0.006373777092814237 0.03862739532659738
1 0.41205304528076103 0.9547348660725692 0.15342040653397535 0.07692878875333378
1 0.6608200692686944 0.7041484121410064 0.15665672249741008 0.11290265634451409
1 0.10548825227180239 0.5856816204409722 0.15033394789030416 0.11119468597979179
1 0.240317016539826 0.575504573803854 0.15851032092583345 0.11918902393569457
1 0.3975816687305751 0.8119479540284719 0.15658394789030422 0.11134015634451408
1 0.6734763887467858 0.8751330593674649 0.15033394789030402 0.11119468597979179
1 0.6313529313459689 0.45769163943958285 0.1583647717116218 0.11606402393569457
1 0.9841546379227255 0.5187674244901033 0.03169072415454899 0.09658536569131951
1 0.4085063602107385 0.8953780498681594 0.15956339867609248 0.10828789152687505
1 0.672553897638126 0.9392864783454161 0.14611732878371625 0.08768445079743081
1 0.3601692901134746 0.4788633503049997 0.15851032092583345 0.11918902393569457
1 0.9096277886657326 0.5216034433918048 0.15836477171162144 0.11606402393569457
1 0.9029368329175455 0.44511367857416595 0.16319782092583351 0.1192981267092362
1 0.982371660048632 0.44532992449010333 0.03525667990273611 0.1028353656913195
1 0.9242788318840882 0.7762182082094438 0.15144233623182365 0.11591855357097244
1 0.25899220367676323 0.8253409196435415 0.15353172249740998 0.11282992116215276
0 0.04465776012968523 0.5558135889058333 0.03761131596343472 0.03677395459715278
0 0.6882666348178443 0.8904307510468398 0.04237159057054054 0.03844555737069442