1 0.6859375 0.053125 0.09375 0.10625
1 0.5859375 0.91015625 0.103125 0.1796875
1 0.7578125 0.04609375 0.0859375 0.0921875
1 0.6578125 0.90234375 0.109375 0.1953125
1 0.6046875 0.5546875 0.1015625 0.19765625
1 0.61328125 0.0609375 0.0921875 0.121875
1 0.63515625 0.73359375 0.10234375 0.19296875
1 0.7046875 0.7140625 0.10390625 0.19375
1 0.87578125 0.8609375 0.10390625 0.19296875
1 0.9203125 0.66953125 0.10390625 0.1921875
1 0.56328125 0.74765625 0.10546875 0.190625
1 0.6828125 0.54375 0.103125 0.18984375
1 0.85234375 0.6828125 0.103125 0.1921875
1 0.7 0.1828125 0.1046875 0.18671875
1 0.49140625 0.22421875 0.10234375 0.184375
1 0.82578125 0.03671875 0.0859375 0.0734375
1 0.9703125 0.65625 0.059375 0.1875
1 0.98125 0.296875 0.0375 0.1875
1 0.82265625 0.5125 0.10234375 0.1921875
1 0.6359375 0.2 0.10546875 0.1859375
1 0.66015625 0.36640625 0.10546875 0.19140625
1 0.7984375 0.33828125 0.10234375 0.1875
1 0.540625 0.56875 0.10703125 0.19453125
1 0.51328125 0.3921875 0.103125 0.18125
1 0.7265625 0.35234375 0.10234375 0.18828125
1 0.75546875 0.52890625 0.10546875 0.19296875
1 0.5640625 0.21328125 0.103125 0.1859375
1 0.84921875 0.15234375 0.10390625 0.184375
1 0.77890625 0.69765625 0.10703125 0.19609375
1 0.5859375 0.37890625 0.103125 0.1890625
1 0.98125 0.834375 0.0375 0.19140625
1 0.9703125 0.125 0.059375 0.1796875
1 0.87265625 0.32578125 0.103125 0.1875
1 0.89921875 0.03125 0.0796875 0.0625
1 0.73359375 0.89375 0.11328125 0.2
1 0.990625 0.46484375 0.01875 0.1875
1 0.94453125 0.84765625 0.10234375 0.1953125
1 0.8015625 0.87578125 0.10625 0.19296875
1 0.54921875 0.065625 0.09140625 0.13125
1 0.93984375 0.3109375 0.10390625 0.18671875
1 0.896875 0.4984375 0.1 0.19453125
1 0.9578125 0.478125 0.084375 0.19140625
1 0.77421875 0.16171875 0.10625 0.184375
1 0.4734375 0.0703125 0.1109375 0.13984375
1 0.91640625 0.13984375 0.10390625 0.18203125
1 0.9640625 0.021875 0.071875 0.04296875
0 0.64296875 0.6078125 0.03125 0.04375
0 0.68828125 0.96640625 0.03125 0.040625
0 0.88671875 0.7390625 0.0265625 0.04375
0 0.95859375 0.7203125 0.02734375 0.04296875
0 0.665625 0.7875 0.03046875 0.04609375
0 0.59375 0.2625 0.028125 0.04453125
0 0.9109375 0.92265625 0.0390625 0.03828125