1 0.41328125 0.09159742384693252 0.1421875 0.18319484769386504
1 0.2984375 0.0909673632671191 0.1375 0.1819347265342382
1 0.55625 0.8535396268448217 0.14375 0.23649748407381005
1 0.09375 0.0832829368599378 0.1125 0.1665658737198756
1 0.53515625 0.09586071864173042 0.1421875 0.19172143728346083
1 0.39140625 0.3100156819512018 0.15 0.3040490051204975
1 0.06796875 0.3077600211172746 0.1296875 0.29817843671876354
1 0.1609375 0.31172020804779954 0.15 0.3071740051204975
1 0.1125 0.842666371159627 0.1375 0.23300846302712266
1 0.51015625 0.3304430320641413 0.1484375 0.30239549985882574
1 0.034375 0.8331541342432193 0.06875 0.22744173151356142
1 0.05 0.5845878316265007 0.1 0.30269933674699845
1 0.45234375 0.8533414767459998 0.1390625 0.24872446828879466
1 0.47734375 0.6042291425592501 0.1453125 0.30065098933548207
1 0.58515625 0.6081060295038926 0.15 0.30873650512049766
1 0.1796875 0.0913915684723212 0.14375 0.1827831369446424
1 0.27578125 0.31596882131491866 0.1484375 0.2992704998588257
1 0.14296875 0.5901105185570258 0.146875 0.31167949459715383
1 0.2265625 0.8469604870575818 0.14375 0.23962248407381007
1 0.615625 0.3328939269012915 0.146875 0.30386699459715383
1 0.3609375 0.5985090345538028 0.1453125 0.30065098933548207
1 0.33125 0.850238134525568 0.1390625 0.24559946828879475
1 0.24765625 0.5933881660250119 0.1515625 0.3088275103821694
1 0.63359375 0.09878517395281328 0.1375 0.19757034790562655