1 0.5171223048439012 0.3868350209193575 0.1357021924256241 0.23516729534115868
1 0.4310711753554061 0.4108700644514938 0.13727378278470379 0.23681168249628842
1 0.2667814163784156 0.4585307157401178 0.13726469242562417 0.23524918249628843
1 0.3456133808632373 0.8698975836733707 0.13411242134838536 0.23039790818602873
1 0.09237631401728348 0.4996923835370851 0.13727378278470379 0.23681168249628842
1 0.35363197658507006 0.4313297286304166 0.13727378278470379 0.23681168249628842
1 0.43240939891541413 0.8520715965636695 0.1325862827847038 0.23656602103089916
1 0.17921323868531852 0.47483514642738395 0.13726469242562417 0.23524918249628843
1 0.17208043209290133 0.8953933078927733 0.13392152380771333 0.19758540818602902
1 0.5557252208295335 0.5980281484635488 0.13411242134838536 0.23039790818602893
1 0.25806792906783926 0.8822957643606368 0.13402151775758914 0.214772908186029
1 0.041782458140109884 0.5172793532339318 0.08356491628021977 0.2279412935321364
1 0.06764798302797775 0.7227956908640314 0.11222833098930571 0.2276889880142125
1 0.1325690010801545 0.7061161239261468 0.13569310206654456 0.2336047953411587
1 0.3930297781093217 0.640138162597043 0.1341487827847038 0.23664790818602893
1 0.21939683538910995 0.6828213868164454 0.13884537314378348 0.2384560696514182
1 0.06038298809614332 0.2999314009499397 0.12076597619228664 0.23138719810012062
1 0.5121923476857501 0.8314891016520521 0.1325862827847038 0.23656602103089916
1 0.30697864862082647 0.6641732061291794 0.13413969242562418 0.2350854081860289
1 0.14131430464750955 0.27688232530562773 0.13411242134838536 0.23039790818602893
1 0.47845575634471177 0.18657939337516619 0.13409424063022612 0.2272729081860289
1 0.31339383772680096 0.23271848824135502 0.13724651170746496 0.23212418249628844
1 0.22654782269968635 0.25913822535105624 0.1388453731437834 0.2384560696514182
1 0.39239099131759714 0.2129581869073025 0.13252265027114643 0.22562852103089917
1 0.4696740913410382 0.6220631919956852 0.13102378278470397 0.23648413387576941
1 0.6100207936274157 0.9310177108788779 0.10506020472226432 0.06954893939369314
1 0.11109293511796343 0.9071806569428336 0.11194652985783757 0.17925148801421215
1 0.023605150762125805 0.3206057490954889 0.04721030152425161 0.22441350180902225
1 0.12350970199178982 0.11536497116718473 0.1116465480082102 0.12768898801421238
1 0.370027052702602 0.9693686391912948 0.09856476502711456 0.027033890773174106
1 0.5341895466524778 0.9435829879026707 0.09876475292686634 0.06140889077317446
1 0.44731536153451434 0.04839879918634589 0.11786927693097127 0.09679759837269178
1 0.5951093868151657 0.8091803324301752 0.138854463502863 0.24001856965141818
1 0.28070912363476275 0.07822906207664466 0.11637949980360825 0.13574714947960165
1 0.04351365066392994 0.13989465965636697 0.08702730132785988 0.12646068068726607
1 0.36518866276417833 0.06185599021971944 0.11637949980360833 0.12371198043943887
1 0.4497645496775398 0.9565986442796774 0.09866475897699054 0.04422139077317411
1 0.19625231040304617 0.09671346845365127 0.10694995764913058 0.12588082654882313
0 0.4728683107958297 0.3415125548405554 0.03776362041330898 0.04727779172311397
0 0.4727440283057135 0.7656084741078608 0.04567611436318479 0.06487472749876275
0 0.5564195915374299 0.7471650113084192 0.04400453005422929 0.04604284034363317
0 0.3867065343558377 0.7872997676399971 0.037718168617910844 0.03946529172311397
0 0.2620388533430908 0.6024854336279422 0.037718168617910844 0.03946529172311415
0 0.02500194077530419 0.6695788376300996 0.01747839149054776 0.05090075870642732
0 0.10106655454931371 0.21416764133900124 0.04558521077238855 0.049249727498762774
0 0.052128563919087614 0.43697769957045873 0.042460210772388526 0.04908595318850324
0 0.33762674414626753 0.09477143091440872 0.03615566861791084 0.0393834045679843
0 0.3466790363989411 0.14974885798363022 0.03618293969514967 0.044070904567984306