1 0.9314753908612851 0.7964936874078812 0.13704921827742994 0.12391289152687524
1 0.9249883483082295 0.710683473977013 0.15002330338354106 0.127292464665139
1 0.32004050237163273 0.9547907238801038 0.2439695119678472 0.08219947663298655
1 0.12528843398302153 0.8154957537997222 0.1465139369297223 0.12209581838861112
1 0.11384048128572977 0.7266514593468054 0.15276393692972232 0.12224128875333343
1 0.5237252807726396 0.7726100842530899 0.24211737765916688 0.1368142414506252
1 0.9364544848011114 0.8799965184299298 0.12709103039777717 0.10654355357097245
1 0.75123203172257 0.7407379159407286 0.24048214247680555 0.13365287385944455
1 0.29392737157833393 0.7060447525654512 0.2421173776591667 0.1368142414506252
1 0.9168842543684029 0.6186596281373256 0.1662314912631942 0.12761977298576407
1 0.13846254084062576 0.9113349306614582 0.14179006933854174 0.12042421561506948
1 0.7617896316463202 0.8249128941892355 0.2452423776591667 0.13688697663298618
1 0.508970490119445 0.6760260249825343 0.24055487765916683 0.13677787385944457
1 0.30759374733763967 0.8902015470183677 0.24833101006798622 0.13539721181534717
1 0.9118506090418059 0.521875547115277 0.17629878191638823 0.12780161094166687
1 0.2791362133339589 0.6078981932948956 0.24527874525034737 0.13844947663298637
1 0.49735888326184075 0.5801504805296176 0.24055487765916683 0.13677787385944457
1 0.29521907427562566 0.7951254363610414 0.2421173776591668 0.1368142414506252
1 0.15083656069225776 0.9727991075231943 0.13550239532659725 0.05156511284152785
1 0.772401782956841 0.9114316224377426 0.24011846656499997 0.11802787385944455
1 0.7272093842117713 0.5482237608304855 0.23590374525034735 0.1382312710859029
1 0.7373312262517366 0.6472606728745827 0.23575827488562523 0.1319812710859029
1 0.08533035552642407 0.5428401570101041 0.14811280452090286 0.12369468597979179
1 0.2662166796146185 0.5229965164331596 0.2452423776591668 0.13688697663298618
1 0.5351186820831604 0.8591106287060064 0.23891964247680555 0.133616506268264
1 0.09752319063253526 0.6301037676674305 0.152873039703264 0.1269287887533334
1 0.5486739954377786 0.9377441217721524 0.23982752583555556 0.10552787385944455
1 0.4836399157469102 0.49448573746347185 0.24200827488562507 0.13212674145062522
1 0.9046368678755211 0.4392085174799992 0.19072626424895772 0.12809255167111128
1 0.7135631518792017 0.46568401776433965 0.23575827488562523 0.1319812710859029
0 0.6631494970532992 0.6841625672512495 0.03989895459715278 0.03684668977951393
0 0.18910997216767408 0.5685648959921874 0.036773954597152825 0.03677395459715278
0 0.14421700588701442 0.6548121737276041 0.04625805737069451 0.041679660144236054
0 0.5900009781515978 0.5975360426499648 0.044622822188333446 0.03851829255305574
0 0.16060703172257007 0.754484865406979 0.04455008700597225 0.035393292553055566
0 0.5833496282278476 0.5132701454235065 0.04625805737069442 0.041679660144236054
0 0.6388547458190282 0.5135415959365968 0.03982621941479163 0.03372168977951393