1 0.16754586740131505 0.4979584387186399 0.10883174936345315 0.22372960064862307
1 0.2151872201224944 0.8987709163975055 0.10804995202099903 0.15654210064862326
1 0.23029295743154093 0.7195646574690517 0.1150453866963623 0.22071369480442443
1 0.14738955076381371 0.7131976550334198 0.11506356802990769 0.22227619480442443
1 0.3318174527370877 0.5130634671288541 0.10725106802990769 0.22213982710967278
1 0.389526671347863 0.10414025487126397 0.11655334269572597 0.20828050974252793
1 0.0660122814289956 0.7036783790588375 0.1182249306969986 0.22545574188232517
1 0.2559180240690423 0.5042299837679456 0.11513629336408951 0.22852619480442443
1 0.1276533800127267 0.09310907183466702 0.10843176002545336 0.18621814366933404
1 0.08615950739972422 0.4876579127440575 0.1150999306969986 0.22540119480442442
1 0.4530004673774525 0.3171588575517773 0.11353743069699859 0.22537392126547412
1 0.43116347207190575 0.5222690974055075 0.1119749306969986 0.22534664772652385
1 0.18390502204008907 0.29216240625123574 0.1135737933640895 0.22849892126547414
1 0.026748144732633327 0.48556930722417047 0.04473288669636227 0.2194863855516591
1 0.13385540412153987 0.893157890422923 0.10492495202099902 0.15648755357072233
1 0.29185224001431753 0.10339596103977415 0.10870448002863506 0.2067919220795483
1 0.05248722545349447 0.884419864448341 0.08621131468808993 0.15928527110331814
1 0.33408267079085796 0.9091981274372796 0.17992495202099903 0.1577966834403391
1 0.36387433271004344 0.31324469927194665 0.1150999306969986 0.22540119480442442
1 0.3202457954328136 0.7273714289794071 0.10875902402927143 0.21747960064862326
1 0.055696564011772184 0.08648692491892211 0.05826812802354438 0.17297384983784422
1 0.1017737747055891 0.2850005170461286 0.11513629336408945 0.22852619480442452
1 0.015948646761586544 0.6990823823052483 0.018115842695725935 0.21433523538950344
1 0.4094355647676317 0.7367543372592378 0.10719652402927142 0.2174523271096728
1 0.21128349267981758 0.09553859659143335 0.11631698535963517 0.1910771931828667
1 0.2754203600413617 0.29994190422264083 0.11032152402927142 0.21750687418757347
1 0.03919195870463462 0.27906020860414216 0.05881356802990771 0.2212943474022122
1 0.47160337468172653 0.1073101193196048 0.11195674936345305 0.2146202386392096
1 0.3849184647914943 0.9129992374213936 0.1095397266868173 0.15031937418757338
0 0.35474915945253993 0.87211118466145 0.03177725867281787 0.045857970779006864
0 0.2804395027848127 0.8655941777615912 0.03964430267345422 0.05068183847375849
0 0.1881520054503128 0.8586095665596613 0.03655566534054513 0.05375229139585791
0 0.313866336728179 0.4477384760573079 0.03651930267345431 0.05062729139585791
0 0.08689256735358998 0.14773234212720648 0.04117044000636334 0.047584112012708825
0 0.44728408000477254 0.02735601786020277 0.033357940006363405 0.04744774431795714
0 0.04010321475172336 0.6259897556820428 0.04431362133990879 0.049201159090609535
0 0.11211457475331418 0.6364539228903272 0.03651930267345423 0.05062729139585791
0 0.12383332475331418 0.6362493713481997 0.04907384667409058 0.055532979707460586
0 0.25980335602322624 0.16659361607319392 0.03486589600572696 0.042787517856907445
0 0.028299912038498232 0.2831573733767946 0.035121529360271485 0.19901024431795716
0 0.27584236211008584 0.8062873616089672 0.028652258672817864 0.0458034237011062