1 0.45914415571342976 0.4961067901134745 0.2534119682887946 0.15048811331561965
1 0.1514710797015366 0.8021747377988909 0.25166745776545085 0.14729033870851388
1 0.8501045427286593 0.69684111413968 0.20250191567207593 0.13253432588823202
1 0.43337134001311883 0.5889107202210985 0.2547924577654509 0.14743588792272533
1 0.12716205346376452 0.8832963052100677 0.24679794724210719 0.1439470148871962
1 0.3271249851326177 0.9757534789075507 0.2363617052052021 0.048493042184898624
1 0.4113150585136749 0.671703949542934 0.25644596302712264 0.14907116252983138
1 0.7668777298709458 0.987941071545006 0.20336719468185843 0.024117856909987977
1 0.5845195271554052 0.912431765092084 0.245326452503779 0.14543674028009052
1 0.06923730545931592 0.48034677956950456 0.13847461091863184 0.13569355913900907
1 0.05552414497832453 0.5704623573197636 0.11104828995664906 0.12529971463952716
1 0.07718594883987381 0.3932470399085868 0.15437189767974763 0.13122438296032685
1 0.34171040087528093 0.9321490281217624 0.2517584630271227 0.13570194375647518
1 0.1755903901401757 0.7108605330841613 0.24688895250377904 0.14550951488719618
1 0.783025645613609 0.9456176576698765 0.21224093671876343 0.10876468466024711
1 0.6804962399707665 0.5557686962331652 0.240638952503779 0.14521841645877273
1 0.3653746850055607 0.8552227708830522 0.250013952503779 0.1456550641014079
1 0.8086164507905764 0.8711668719975627 0.20277493145709177 0.137221825888232
1 0.003561284624390035 0.9005650802314584 0.00712256924878007 0.06050516046291676
1 0.38788599281336394 0.7646170415612167 0.250013952503779 0.1456550641014079
1 0.014149445105381431 0.8360852032669875 0.028298890210762862 0.12217040653397512
1 0.7068682951477336 0.4661261534290942 0.2419284367187636 0.1406036910658786
1 0.042774245020676824 0.6606143223735754 0.08554849004135365 0.12747864474715093
1 0.6312866532943553 0.7281680810555187 0.23880343671876342 0.14045814185166688
1 0.1989739532096507 0.6187286910658786 0.24211044724210717 0.1437286910658786
1 0.02667183190884951 0.7537457382131757 0.05334366381769902 0.11999147642635144
1 0.2662348608480447 0.3515990031003719 0.24541745776545093 0.14699924028009032
1 0.6562859242704555 0.6486454009478948 0.243763952503779 0.14536396567298446
1 0.8726158505364625 0.6062353848178443 0.19670694198043534 0.14005572745980874
1 0.8303010059675436 0.7813060053721743 0.20250191567207604 0.1325343258882322
1 0.5627285561651876 0.9600450498333842 0.2450688472703419 0.07990990033323157
1 0.6079485928557162 0.8195186730738013 0.246888952503779 0.14550951488719618
1 0.11524223726934339 0.9414897948709855 0.23048447453868678 0.08086481803034928
1 0.24514954514773374 0.4446212570293134 0.246888952503779 0.14550951488719618
1 0.2269995136482898 0.5275964228689135 0.243763952503779 0.14536396567298446
1 0.4869877056287251 0.40809952191650944 0.25148544724210725 0.14416533870851378
1 0.0849162423898409 0.3039854867654337 0.16776289462538868 0.12468328453190339
0 0.4033106556428425 0.41908621773989907 0.037848610495108834 0.034486315963434676
1 0.8845158820359064 0.5229691205498208 0.18237142619541977 0.13471325599585598
0 0.6864229323747247 0.870959202643306 0.044462631541796326 0.04102741439185813
0 0.18811756612383396 0.36127791004863197 0.03793961575678066 0.03604881596343468
0 0.07870622681658687 0.53165672249741 0.047314615756780684 0.03648546360606986
0 0.13089660032470096 0.34842899958571527 0.03793961575678066 0.03604881596343468
0 0.7615132086124969 0.7922028099630696 0.047678636803468066 0.042735463606069855
0 0.3184281504517579 0.49111957547394736 0.044553636803468064 0.04258991439185813
0 0.27032603746698747 0.6714042349034068 0.05071263154179615 0.04131851282028158