1 0.4236056716429729 0.03383339139081554 0.09721134328594587 0.05893974267981759
1 0.27674080376374677 0.30241866470399825 0.11833288524403188 0.19823860001590835
1 0.11701738758172289 0.6435056466820448 0.1136272045258726 0.19505905601527207
1 0.23171062577606208 0.4846948153644076 0.12304765632127071 0.20298064401654475
1 0.04232087284919583 0.42624487400540884 0.08080561416679298 0.19311474801081766
1 0.15411390836437416 0.84314256735359 0.11985902380771334 0.1920067813494537
1 0.1905730622497579 0.6646726693586806 0.1183510659621911 0.20136360001590833
1 0.3906618823171656 0.14516124271958847 0.11519879488495217 0.19663973734881743
1 0.3107441408031767 0.5074879727084527 0.11993174668035031 0.20450678134945371
1 0.26647703209733276 0.6866482140356347 0.12931583703942984 0.20617836935072642
1 0.11454428903121974 0.08413973734881747 0.09471357806243948 0.1667158800127267
1 0.3163431383672898 0.12711012937617985 0.11520788524403187 0.19820223734881748
1 0.07411070745273883 0.25084543200986315 0.09643970452587258 0.19485906134627215
1 0.34854203912941556 0.022023187380634187 0.09395907825883114 0.03702838001272669
1 0.1581822221852659 0.4682152926877718 0.11364538524403182 0.19818405601527195
1 0.07901391441449836 0.8250823633434086 0.11203743344863375 0.1903533746817267
1 0.20242660499341084 0.2851488013605897 0.11834197560311141 0.19980110001590834
1 0.35654647843178183 0.323658412714816 0.11992265632127061 0.2029442813494538
1 0.019156604502431486 0.6072130633354544 0.03233175273047451 0.18630112667090887
1 0.27195226805217676 0.016444802036907392 0.09077953610435348 0.0276170173456358
1 0.05755602917046652 0.6279710060073178 0.10896697560311144 0.19969201201463563
1 0.23470083303240918 0.8643914060311804 0.12140334308955411 0.18889996268299925
1 0.13436240622307483 0.26795166335136283 0.12146697560311144 0.19983746268299923
1 0.24280564441741398 0.10906810669954395 0.11520788524403185 0.19820223734881742
1 0.036735510823702175 0.8089664673376816 0.06516243344863373 0.1898079346753633
1 0.17710792154477706 0.09580449069063526 0.11671584308955411 0.1888454186823629
1 0.08386802341492991 0.4509454293443631 0.1371283370394299 0.20626927601845377
1 0.3074707125209044 0.8847680880410437 0.11825107201231529 0.18417610001590826
1 0.4696681262670414 0.16326690006363345 0.11986811416679295 0.19356928134945378
1 0.49318237343837107 0.04245496073358783 0.09261474687674216 0.07451019867918124
1 0.42853056274073725 0.3432447540579064 0.11683401775758924 0.20915791868236297
1 0.38819242993259234 0.5263566987189522 0.11677947560311149 0.19978291868236298
1 0.34315770676536783 0.7078515993793615 0.11838742739850953 0.20761360001590834
0 0.08966805064048884 0.3736744046785449 0.04243293969514968 0.04267839600572696
0 0.07547075789683592 0.7531710006763177 0.042442030054229286 0.044240896005727136
0 0.2388186229473917 0.3636919720321349 0.039298849336070064 0.04107953333863605