1 0.81796875 0.91875 0.1171875 0.0765625
1 0.8171875 0.9765625 0.115625 0.046875
1 0.8125 0.778125 0.11953125 0.0703125
1 0.81640625 0.8515625 0.11796875 0.075
1 0.4515625 0.9703125 0.128125 0.05859375
1 0.2125 0.96484375 0.125 0.0703125
1 0.3328125 0.96640625 0.121875 0.0671875
1 0.0234375 0.6703125 0.046875 0.07421875
1 0.69140625 0.8484375 0.11640625 0.07734375
1 0.0234375 0.59375 0.046875 0.0703125
1 0.45390625 0.69296875 0.12421875 0.07421875
1 0.0953125 0.99375 0.121875 0.01171875
1 0.69296875 0.91484375 0.1203125 0.07578125
1 0.5796875 0.84375 0.12109375 0.07421875
1 0.690625 0.6984375 0.12265625 0.06875
1 0.09453125 0.75 0.1203125 0.07265625
1 0.334375 0.83203125 0.12578125 0.07421875
1 0.453125 0.61953125 0.1203125 0.07265625
1 0.57890625 0.7703125 0.1171875 0.0765625
1 0.10546875 0.6015625 0.1265625 0.0734375
1 0.33671875 0.68515625 0.109375 0.07265625
1 0.21640625 0.89140625 0.125 0.0765625
1 0.334375 0.9 0.125 0.0734375
1 0.4625 0.55234375 0.11484375 0.06875
1 0.1046875 0.6765625 0.11796875 0.07265625
1 0.69375 0.97265625 0.11875 0.0546875
1 0.5765625 0.9078125 0.121875 0.0765625
1 0.69296875 0.76796875 0.115625 0.075
1 0.0109375 0.87890625 0.021875 0.0703125
1 0.096875 0.96171875 0.12109375 0.0765625
1 0.2109375 0.99765625 0.121875 0.0046875
1 0.3390625 0.61484375 0.121875 0.0734375
1 0.015625 0.80625 0.03125 0.07421875
1 0.0921875 0.8890625 0.12734375 0.0765625
1 0.45859375 0.7640625 0.11796875 0.07421875
1 0.5765625 0.97265625 0.121875 0.0546875
1 0.021875 0.5296875 0.04375 0.06640625
1 0.34375 0.75625 0.11875 0.07265625
1 0.01875 0.9546875 0.0375 0.07421875
1 0.015625 0.9921875 0.03125 0.015625
1 0.68828125 0.63359375 0.1171875 0.07109375
1 0.68671875 0.5640625 0.1203125 0.07734375
1 0.4546875 0.83671875 0.1265625 0.07578125
1 0.22421875 0.678125 0.121875 0.0703125
1 0.57421875 0.690625 0.11484375 0.0734375
1 0.096875 0.8140625 0.12265625 0.07734375
1 0.57578125 0.55703125 0.11953125 0.0703125
1 0.21484375 0.81875 0.1203125 0.07578125
1 0.22578125 0.60546875 0.11875 0.07265625
1 0.0203125 0.73828125 0.040625 0.078125
1 0.3546875 0.5484375 0.12421875 0.071875
1 0.453125 0.9046875 0.12265625 0.07421875
1 0.809375 0.70546875 0.12109375 0.0734375
1 0.22109375 0.5453125 0.1359375 0.07265625
1 0.10234375 0.53515625 0.11484375 0.071875
1 0.80625 0.6421875 0.1203125 0.071875
1 0.5734375 0.63046875 0.12109375 0.07421875
1 0.21796875 0.75234375 0.12734375 0.07265625
1 0.80625 0.5703125 0.11640625 0.07265625
0 0.1484375 0.56328125 0.02578125 0.0234375
0 0.2640625 0.70625 0.025 0.01875
0 0.25703125 0.8421875 0.0296875 0.028125
0 0.4140625 0.92578125 0.02109375 0.025
0 0.5375 0.7875 0.01953125 0.025
0 0.61796875 0.72265625 0.02734375 0.02734375
0 0.7671875 0.5921875 0.01875 0.0234375
0 0.734375 0.7265625 0.021875 0.02421875
0 0.85859375 0.87578125 0.02109375 0.02265625