0 0.0265625 0.0640625 0.028125 0.128125
0 0.0625 0.0640625 0.03125 0.128125
1 0.15234375 0.87578125 0.071875 0.1640625
1 0.15625 0.70546875 0.0703125 0.17109375
1 0.1734375 0.0625 0.071875 0.125
1 0.0921875 0.7046875 0.06875 0.17109375
1 0.16015625 0.54375 0.071875 0.16328125
1 0.1109375 0.0609375 0.071875 0.12109375
1 0.0359375 0.209375 0.06875 0.16640625
1 0.084375 0.8703125 0.0671875 0.16875
1 0.09453125 0.54296875 0.06953125 0.16484375
1 0.0390625 0.0609375 0.071875 0.12109375
1 0.0984375 0.38203125 0.06953125 0.16328125
1 0.1640625 0.38125 0.06953125 0.15625
1 0.02890625 0.7015625 0.05703125 0.16484375
1 0.03203125 0.36953125 0.0640625 0.165625
1 0.10625 0.21015625 0.071875 0.16875
1 0.0296875 0.540625 0.059375 0.16875
1 0.16953125 0.215625 0.06953125 0.1734375
1 0.02734375 0.865625 0.0546875 0.171875
1 0.0828125 0.9765625 0.06484375 0.04609375
1 0.1515625 0.97890625 0.071875 0.0421875
1 0.0265625 0.97265625 0.05234375 0.05078125