1 0.5354426221589785 0.025747437090491442 0.24588524431795716 0.03709444561520338
1 0.29657103693163095 0.03251208563108943 0.25235343262955984 0.049703539771004744
1 0.08360343262955985 0.04675799756436802 0.1664432061685102 0.04976599512873604
1 0.7852926176947517 0.021517453322545836 0.25808523538950345 0.020125133926806094
1 0.8057238944801128 0.07342087255942509 0.25832278896022565 0.12322286038785575
1 0.5481432195611908 0.08220198863261899 0.264654609577077 0.1280194545436571
1 0.09176653449599897 0.11172447848964455 0.1816784683433748 0.1171989569792891
1 0.31496430113509044 0.1913785710205928 0.2646000624991762 0.12489445454365714
1 0.8166807597392326 0.16420951379312712 0.258350062499176 0.12478536038785579
1 0.3070642520285949 0.09673822686479147 0.25835006249917625 0.12478536038785577
1 0.5623205422066367 0.1785139269442217 0.25835006249917625 0.12478536038785579
1 0.09341658360249454 0.20625572848964455 0.18176028896022584 0.1218864569792891
0 0.3773261590906095 0.050322922887031926 0.06329093262955983 0.0464034415580136
0 0.13310855478853845 0.06402336404130374 0.06008411201270887 0.04166139448011292
0 0.7013733595770768 0.13564240868027713 0.044459112012708954 0.041388659090609535