1 0.7991486315315987 0.6269684989370548 0.13337610226293642 0.10228669467652338
1 0.3892206822702834 0.9515572524342769 0.133194295081344 0.07103669467652338
1 0.37175138113881523 0.9038200893924152 0.13809996369925476 0.10872769566510669
1 0.5330797665792388 0.9644498887843931 0.12672612646343318 0.03328202669174587
1 0.7345190258508169 0.8007362627772192 0.13965337334017497 0.1072288626613009
1 0.6844594176359522 0.6582105231573425 0.1349386022629364 0.10235036167271758
1 0.6964447705862595 0.300606270191593 0.13181360226293642 0.10222302768032891
1 0.35101163426207316 0.8312102603429423 0.13493860226293625 0.10235036167271758
1 0.8261292880492611 0.69776116000175 0.13339428298109546 0.10541169467652338
1 0.04345210167376111 0.4842821580989458 0.0817590601084586 0.09081068380210837
1 0.8476321042078439 0.7672141555531258 0.13495678298109545 0.10547536167271758
1 0.4981366191367627 0.8681943127006695 0.13653746369925485 0.10866402866891214
1 0.8486072342855142 0.397555571560737 0.13181360226293615 0.10222302768032891
1 0.712234959692234 0.7313151007239407 0.1349386022629364 0.10235036167271758
1 0.23475992036642665 0.8625159515594245 0.13181360226293626 0.10222302768032883
1 0.9481981681269314 0.7348871338042959 0.10360366374613719 0.10439302273741298
1 0.0989446193331544 0.7547418967302393 0.10833974082661782 0.09501802273741297
1 0.19804064948557956 0.7296052924718955 0.13181360226293629 0.10222302768032883
1 0.22261392348968467 0.7895559540308824 0.13341246369925477 0.10853669467652338
1 0.0493253726528041 0.5535905736122654 0.0927056504675382 0.0928188527754692
1 0.5156786431408678 0.9284314757425312 0.13965337334017516 0.1072288626613009
1 0.665332167734148 0.5941307771116753 0.13338519262201592 0.10384919467652338
1 0.15089852565442508 0.9542352193539216 0.11296360831306052 0.08427152372599629
1 0.27211499550199997 0.9703947771488561 0.13615566861791084 0.04303902866891178
1 0.6089150378528693 0.8363302059708676 0.13809996369925487 0.10872769566510661
1 0.9561970204880638 0.8001937988233241 0.08760595902387251 0.1068813527754691
1 0.984453309813871 0.5662034593937278 0.03109338037225804 0.08577567391627668
1 0.4152685352205907 0.593379996502778 0.13495678298109565 0.10547536167271758
1 0.6239208516737611 0.4606298690127294 0.12867951190385654 0.10053319368794007
1 0.5926839663315334 0.32984012543852004 0.12085792154477701 0.09865235870696817
1 0.5881752909761273 0.7637203769213947 0.13651928298109545 0.10553902866891214
1 0.553781589377121 0.6275892173395742 0.12711701190385655 0.10046952669174569
1 0.8644110589301082 0.8306081520930846 0.13653746369925485 0.10866402866891187
1 0.7544184353935414 0.8632216753247892 0.13967155405833437 0.1103538626613009
1 0.7648473961659299 0.9096828398495258 0.12999657220870695 0.05840936068413427
1 0.455889510921898 0.7253502380998208 0.13964428298109563 0.10566636266130089
1 0.8834292245229569 0.875937898138752 0.12219316256778648 0.059653525703162555
1 0.93783738504764 0.6642072192795595 0.12432522990471995 0.10365819368794008
1 0.4750394867214013 0.7933362341454882 0.13495678298109545 0.10547536167271776
1 0.26463675526455727 0.49089827813743947 0.13493860226293625 0.10235036167271758
1 0.5690071344584648 0.6926093808757274 0.13495678298109545 0.10547536167271758
1 0.7354805203898678 0.42873392878483046 0.1286795119038567 0.10053319368794011
1 0.2539462576022483 0.9367519476050917 0.13340337334017516 0.10697419467652339
1 0.6446333274732643 0.5285521980622023 0.13651928298109545 0.10553902866891214
1 0.9688970083878153 0.8442157128537688 0.06220598322436928 0.057425180836358794
1 0.6470377274498231 0.9418334480622024 0.12529998184962743 0.056655859695551314
1 0.5283907039366975 0.5614203892786845 0.13495678298109545 0.10547536167271758
1 0.16988331234795379 0.5908757149052973 0.1224113311856975 0.09715352570316256
1 0.1491708365484506 0.5229533858558244 0.12867951190385668 0.10053319368794007
1 0.7823651316297945 0.5627932523970959 0.13184087334017516 0.10691052768032883
1 0.609481101771957 0.3963591219784789 0.1286795119038567 0.10053319368794016
1 0.7554026558302913 0.49512559133240047 0.13026019262201594 0.10372186068413462
1 0.6342831973955938 0.8985927840317574 0.13651928298109545 0.10553902866891214
1 0.13178036611170058 0.8917179733082543 0.10833974082661783 0.09501802273741297
1 0.33729859220579134 0.7575326798105946 0.13339428298109546 0.10541169467652338
1 0.5162947040348933 0.49705414175014245 0.13180451190385672 0.10066052768032882
1 0.29746341168402385 0.6263118547154545 0.13809996369925476 0.10872769566510634
1 0.4955776830558502 0.4283505627006695 0.1349386022629364 0.10235036167271763
1 0.31427872784260663 0.6959558512554134 0.13493860226293633 0.10235036167271758
1 0.8685339149054776 0.4647284841083071 0.1302511022629364 0.10215936068413463
1 0.43520885137917353 0.6628966590503479 0.13809087334017517 0.10716519566510634
1 0.9117697887366323 0.24025772471676693 0.1145988311856975 0.09683519072219057
1 0.9177531857863247 0.597129807226281 0.12867951190385654 0.10053319368794007
1 0.3977083304983264 0.530017833460916 0.13492042154477701 0.09922536167271759
1 0.12847654146710666 0.4581560568063515 0.12867951190385668 0.10053319368794007
1 0.17886794778837736 0.6577130464262282 0.13184996369925478 0.10847302768032882
1 0.8056697796614458 0.2703683304579856 0.1380636022629364 0.10247769566510642
1 0.3793396046988232 0.4620000039171517 0.12555451190385672 0.10040585969555131
1 0.11729061923495854 0.8188534762740038 0.11462610226293632 0.10152269072219049
1 0.7202686108471432 0.36605751524867713 0.1302511022629364 0.10215936068413445
1 0.2470583698241337 0.4244111150955777 0.14432269262201594 0.10429486364988402
1 0.27829980034590124 0.5559821086697871 0.13337610226293634 0.10228669467652338
1 0.9940328428931624 0.6384777074165614 0.011934314213675279 0.08969916996194378
1 0.35550212889932004 0.39420500886006754 0.1318136022629363 0.10222302768032883
1 0.4779947524358869 0.3610821496588078 0.14902837334017516 0.10761086463846717
1 0.9741107074527389 0.5041172948689914 0.05177858509452236 0.08972834486680377
1 0.9522286292430057 0.36910296631381 0.09554274151398871 0.09294618676785786
1 0.8295027102814092 0.3373820755150697 0.13493860226293614 0.10235036167271767
1 0.9614107195529872 0.4358766308385464 0.0771785608940256 0.09074701680591399
1 0.08367816763595218 0.682690483194086 0.1098931504675382 0.09351918973360754
1 0.06927477917046651 0.6246697361598356 0.11150110226293627 0.10139535672980174
1 0.8954873003459014 0.5308336451730025 0.12399201190385653 0.10034219269935693
1 0.9348260145361353 0.3080845532719483 0.10208065046753809 0.09320085475263547
0 0.5110082820973327 0.66293380973492 0.0361102168225127 0.03115184091247105
0 0.542861228333586 0.36234621931674055 0.029842036104353476 0.02777217292769345
0 0.9445883965587132 0.6429224682909764 0.029869307181592576 0.03245967292769336
0 0.47740946603694584 0.5291145666550022 0.03457498789975162 0.035775673916276673
0 0.2273736254814745 0.667458119544202 0.026726126463433177 0.029207338935304604
0 0.13023045988862575 0.6253117233082544 0.03452044574527387 0.026400673916276672
0 0.4370087424769379 0.972271659050348 0.03449317466803503 0.021713173916276675
0 0.9099714602814093 0.33410322521105856 0.040815897540672094 0.03446784190105419