1 0.6292676143440495 0.09296875 0.16049488229073816 0.0921875
1 0.7554603898125856 0.0265625 0.14529577962517112 0.053125
1 0.010540346397360867 0.09375 0.018170989970870143 0.0875
1 0.6205087282923877 0.03359375 0.1597674565847754 0.0671875
1 0.3538440655185485 0.0515625 0.1542903463973609 0.09375
1 0.0748354255729489 0.9609375 0.03789245658477529 0.0671875
1 0.8935143192794722 0.01875 0.1307786385589445 0.0375
1 0.08593280298213615 0.1609375 0.13544941818411552 0.090625
1 0.5154771459477777 0.9078125 0.1414266335443795 0.08125
1 0.27486651781367466 0.93515625 0.13821070533113405 0.078125
1 0.7749294553311341 0.078125 0.16049488229073816 0.0921875
1 0.3940113229073819 0.921875 0.13361413354437932 0.08125
1 0.015270961995051627 0.17578125 0.0227220976510021 0.0828125
1 0.3972787269057324 0.98046875 0.13238660266556704 0.0390625
1 0.220679876022532 0.146875 0.1511198822907382 0.0921875
1 0.48794628087881237 0.0421875 0.13839256175762477 0.084375
1 0.15110240887990148 0.95078125 0.13508570533113406 0.078125
1 0.07803172327782272 0.07734375 0.13563127461060626 0.096875
1 0.22291231426490726 0.0625 0.1464778463973609 0.09375
1 0.9696475395877939 0.90859375 0.060704920824412055 0.0828125
1 0.8879886434404952 0.9296875 0.13191524122451134 0.0765625
1 0.643283897201419 0.896875 0.12727320533113406 0.078125
1 0.37181046700961656 0.13203125 0.1683983105039836 0.0953125
1 0.5235911743193077 0.971875 0.13601170783841657 0.05625
1 0.7646360599752582 0.87890625 0.13834709765100223 0.0828125
1 0.7650512486133447 0.946875 0.13200616943775678 0.0796875
1 0.9734939536152745 0.8484375 0.05301209276945116 0.078125
1 0.9707386781467384 0.95703125 0.05852264370652307 0.0296875
1 0.28022761922560047 0.98515625 0.1352388180258309 0.0296875
1 0.4940348079967011 0.1171875 0.12611988229073817 0.0921875
1 0.88134618685572 0.8625 0.1351766335443795 0.08125
1 0.6459519076262602 0.96171875 0.1349038489046432 0.071875
1 0.9057475463182186 0.06328125 0.12768238229073817 0.0921875
1 0.15072197565209117 0.99140625 0.1317501051728495 0.0171875
1 0.8899292281593738 0.96953125 0.13188649749271733 0.021875
0 0.537565847651002 0.0828125 0.049483174452321775 0.0359375