1 0.6739472309318671 0.9680429817483922 0.14842959172016937 0.0639140365032155
1 0.0491549257329963 0.7725726783649008 0.0983098514659926 0.09827035672980174
1 0.5744320207028719 0.7278132070709941 0.1438239123370204 0.09954369665368965
1 0.5623023932688875 0.8852437050938278 0.13924550649282175 0.10560269566510669
1 0.061610061284655473 0.6902376808363588 0.12322012256931095 0.10235036167271758
1 0.5484250795518953 0.9557784271477624 0.14234323295387147 0.08844314570447516
1 0.8026352926202645 0.9832488290866539 0.14018071509696384 0.033502341826692116
1 0.6900512922132273 0.8224319817855733 0.1391636858759707 0.10091519566510661
1 0.5669547114501066 0.7978710390862164 0.14075345941492118 0.1025413626613009
1 0.538381877847612 0.9887428009120335 0.14604888555165907 0.022514398175933082
1 0.44457119683960994 0.7772481798849566 0.14705800649282175 0.10592103064607841
1 0.17828372362497116 0.7147986235357158 0.13598413879807003 0.09766286167271758
1 0.04163670617180549 0.9129430103801234 0.08327341234361098 0.08838602076024671
1 0.1485750840161222 0.9387481180985084 0.14505912986961636 0.0808573636498842
1 0.16354333929112796 0.7978512040680634 0.1580227800317721 0.10792919961943923
1 0.06771973944998846 0.6123991823192336 0.13543947889997693 0.09329369665368965
1 0.6784359078793841 0.9056118963103099 0.14226141233702042 0.0994800296574951
1 0.15290011972993717 0.8701254520908972 0.15174550649282176 0.10611203163466172
1 0.2867569224898807 0.9052883137636147 0.14700345941492107 0.10279603064607841
1 0.003752696836314654 0.5933189184790691 0.007505393672629308 0.07726283695813833
1 0.4153222532530014 0.9300720909496519 0.14862050649282174 0.10598469764227261
1 0.4353813831226178 0.8558360949039848 0.15023755357072238 0.10917336463846716
1 0.6990774646965174 0.7532190667665454 0.13442163879807012 0.09759919467652338
1 0.8970438116949879 0.9929540929268184 0.06649775324641069 0.01409181414636329
1 0.2960149200542487 0.8227941487445867 0.14080800649282174 0.10566636266130089
1 0.838403017456461 0.7886047629259434 0.15802278003177223 0.10792919961943923
1 0.05014468141503916 0.8421675953610954 0.10028936283007832 0.10621019072219076
1 0.2794568912402926 0.9643814822240934 0.1402352621748646 0.07123703555181322
1 0.9158228595836675 0.8769761962337601 0.07348413879807011 0.09511618182494175
1 0.8069876018730298 0.9311769234963471 0.13757391233702032 0.09928902866891214
1 0.8223865052815963 0.8551874264620967 0.15174550649282176 0.10611203163466172
1 0.1866241034945875 0.6400851250185905 0.13291368587597074 0.10066052768032882
1 0.9050978194056256 0.9531899266720615 0.07348413879807011 0.09362014665587708
1 0.45688601055660205 0.6987875988583175 0.13442163879807006 0.09759919467652338
1 0.3036558705407161 0.7433613167293643 0.1563511858759707 0.10161553262324467
1 0.9319484659143334 0.8041435326976067 0.06076595048646709 0.08210684585538681
1 0.4041841558507892 0.9759443705699663 0.13702844155801355 0.048111258860067355
1 0.3174786371798076 0.6680894026989194 0.17518300649282176 0.10706703657757757
0 0.3522336923753831 0.7820855771094877 0.04755683847375849 0.0409725098858317
0 0.7445711968396099 0.7894722431542798 0.034865923701106104 0.029525673916276675
0 0.8524404237076967 0.9697738498840817 0.033576159090609535 0.04508700692008212
0 0.08676265097952525 0.8072315212545383 0.019159103084255103 0.024201503954332626
0 0.0721449975709586 0.8832528517868858 0.020667056006354434 0.021140170950527094