1 0.6078125 0.71796875 0.1046875 0.1921875
1 0.678125 0.703125 0.10546875 0.1953125
1 0.6625 0.04921875 0.09375 0.0984375
1 0.82109375 0.675 0.10390625 0.1921875
1 0.51484375 0.0625 0.09609375 0.125
1 0.9890625 0.1015625 0.021875 0.1796875
1 0.79765625 0.50703125 0.10390625 0.18984375
1 0.5875 0.05546875 0.096875 0.1109375
1 0.63046875 0.35546875 0.10234375 0.19140625
1 0.5828125 0.54765625 0.10390625 0.1890625
1 0.6546875 0.5328125 0.103125 0.1953125
1 0.896875 0.6609375 0.103125 0.19296875
1 0.940625 0.46875 0.10625 0.19140625
1 0.75234375 0.15390625 0.103125 0.1859375
1 0.775 0.32890625 0.10234375 0.18828125
1 0.5609375 0.36953125 0.10546875 0.18828125
1 0.72265625 0.5203125 0.103125 0.18828125
1 0.60234375 0.1890625 0.103125 0.1875
1 0.9609375 0.64453125 0.078125 0.1953125
1 0.75234375 0.68828125 0.109375 0.19296875
1 0.9921875 0.63125 0.015625 0.19140625
1 0.728125 0.04140625 0.08828125 0.08203125
1 0.9796875 0.4546875 0.040625 0.19140625
1 0.53984375 0.2046875 0.1 0.1859375
1 0.7015625 0.34296875 0.103125 0.1953125
1 0.953125 0.115625 0.09375 0.18359375
1 0.91796875 0.30390625 0.10234375 0.18671875
1 0.8015625 0.03203125 0.08671875 0.0640625
1 0.81953125 0.140625 0.10234375 0.19140625
1 0.9671875 0.2875 0.065625 0.19140625
1 0.89296875 0.12890625 0.10390625 0.18515625
1 0.67734375 0.16796875 0.10390625 0.18515625
1 0.87265625 0.48359375 0.10390625 0.18984375
1 0.85 0.3171875 0.1015625 0.18515625
1 0.87890625 0.02734375 0.0828125 0.0546875
1 0.9484375 0.015625 0.084375 0.03125
0 0.71015625 0.7625 0.02890625 0.03515625
1 0.990625 0.0140625 0.01875 0.02734375
0 0.66484375 0.41328125 0.028125 0.0390625
0 0.6875 0.5859375 0.02890625 0.04140625
0 0.9046875 0.54296875 0.02734375 0.040625
0 0.9765625 0.52421875 0.0234375 0.03203125
0 0.9328125 0.71875 0.025 0.03203125