1 0.5341224062500001 0.32886654375 0.423210415625 0.33098804375 0.4540852125 0.6069066375000001 0.56979999375 0.606581075 0.5341224062500001 0.32886654375
1 0.574217346875 0.604766571875 0.6881191015625 0.6029631359375001 0.68854329375 0.6047215984375 0.6530777984375 0.327886290625 0.5396583703125 0.328670209375 0.574217346875 0.604766571875
1 0.6541871734375 0.3282768921875 0.68981314375 0.61406585 0.8071473671874999 0.60404145 0.7725703109375 0.32260067812500004 0.6541871734375 0.3282768921875
1 0.7658205312499999 0.32045482812500004 0.8048807078125 0.6055499828124999 0.924050525 0.603134915625 0.8874941328125001 0.320954 0.7658205312499999 0.32045482812500004
1 1 0.3587947359375 0.9896393531250001 0.3158452859375 0.8853770796875 0.3227899703125 0.920668946875 0.610926478125 1 0.605721240625 1 0.3587947359375
1 1 0.5854170890625 0.91555126875 0.5876622109375 0.953156571875 0.8741913171875 1 0.872164178125 1 0.5854170890625
1 0.9275844515625 0.5864606171875 0.8031914468749999 0.5933509859375 0.8354550765625 0.8763991624999999 0.9603006593750001 0.8751174781250001 0.9275844515625 0.5864606171875
1 0.6833246421875 0.5983657484375 0.7171150140625 0.876545371875 0.7167090484374999 0.8823275140625 0.8393130765624999 0.8792186421875 0.808504328125 0.5947365171875 0.6833246421875 0.5983657484375
1 0.568282175 0.603545878125 0.6061030875 0.8797712093750001 0.6068178984375 0.8864669468749999 0.72744259375 0.8826179234374999 0.691672884375 0.6036981484374999 0.568282175 0.603545878125
1 0.5754379265625 0.5999095875 0.456530334375 0.60341170625 0.49525641406250004 0.8908544109375001 0.6141640015625 0.8873522921875001 0.5754379265625 0.5999095875
1 0.6086878125 0.872408875 0.48970835 0.8793455859374999 0.5046256796875 0.99733514375 0.5947202734375 0.9968109890625 0.623727165625 0.9909508078125 0.6086878125 0.872408875
1 0.7385554671875 0.9677523703125 0.7260290046875 0.8727327 0.6050702140625 0.8789292640624999 0.62106151875 0.991489340625 0.7385554671875 0.9677523703125
1 0.8508631515625 0.9450631656249999 0.8414729078125 0.8651914140624999 0.7184629078125 0.8740824281249999 0.730720271875 0.9693352921875 0.8508631515625 0.9450631656249999
1 0.96425111875 0.922155715625 0.9579397359374999 0.869648440625 0.8344052874999999 0.8763653578125 0.8440875312499999 0.9464320265625 0.96425111875 0.922155715625
0 0.6781124230738014 0.6501382961614984 0.048441808105551945 0.06745112041330899
0 0.7135770039244322 0.9250064859548439 0.049785984284234176 0.06277271077238851
0 0.6684591331652145 0.5603263624182772 0.06733735731976367 0.07068520472226432
0 0.9915347983856421 0.6349389803956991 0.016930403228715817 0.06276362041330899
0 0.9839223706567738 0.36231909183201755 0.03215525868645237 0.07053066861791084
0 0.9086838728261324 0.550332697120016 0.05610875889134022 0.06437157220870696
0 0.6444821699734294 0.36431897082953346 0.049349336641599 0.05339771077238851