1 0.9570743303037924 0.43316956348674457 0.08585133939241522 0.22645980024766904
1 0.9534625575663794 0.21754456348674456 0.09307488486724118 0.22631425103345731
1 0.7942420203031361 0.4553464321790477 0.10735087946721471 0.22333480024766902
1 0.8725739728511439 0.22627105418111962 0.11034854547482595 0.22035534946188076
1 0.8917403972988929 0.6582295295740138 0.10891337946721506 0.2234075748547749
1 0.9038915233060667 0.8603913430562493 0.10875687056996633 0.18129284946188085
1 0.8202341063098724 0.8627222845364125 0.10132637254713259 0.19030397642635144
1 0.941528266805914 0.05898312427838357 0.10493153361182798 0.11796624855676714
1 0.8868287683259698 0.4416413430562491 0.11372821345960346 0.22675089867609236
1 0.9650943952845455 0.653263739665427 0.06981120943090886 0.22467897642635143
1 0.7813905573378241 0.2359971186968123 0.10578837946721471 0.22326202564056316
1 0.812834147298893 0.6619046472328596 0.10409854547482596 0.2200642510334573
1 0.7752175173002056 0.06511115384788815 0.09731003460041113 0.1302223076957763
1 0.8548731838021084 0.06254692597379466 0.10349636760421674 0.12509385194758932
1 0.9703960020143473 0.8532273523618741 0.0592079959713054 0.1808562018192455
0 0.9940318315395213 0.3580218602197569 0.011936336920957302 0.052726893713693726
0 0.9021712895433269 0.14583653743189665 0.03714717292769336 0.03136131596343472