1 0.8171875 0.015625 0.115625 0.03125
1 0.20703125 0.2609375 0.1296875 0.08203125
1 0.82109375 0.06953125 0.11875 0.078125
1 0.33125 0.11953125 0.12421875 0.078125
1 0.09140625 0.18203125 0.1234375 0.07421875
1 0.328125 0.196875 0.12421875 0.078125
1 0.0140625 0.1703125 0.028125 0.07421875
1 0.4515625 0.00625 0.128125 0.01171875
1 0.2125 0.00390625 0.125 0.0078125
1 0.3328125 0.00625 0.121875 0.01171875
1 0.209375 0.190625 0.12578125 0.07890625
1 0.3265625 0.26640625 0.12578125 0.078125
1 0.0953125 0.10625 0.121875 0.0765625
1 0.0140625 0.0953125 0.028125 0.07421875
1 0.33125 0.34140625 0.12734375 0.08046875
1 0.21171875 0.11328125 0.12421875 0.0796875
1 0.3328125 0.04296875 0.12578125 0.0765625
1 0.45390625 0.04765625 0.1265625 0.07734375
1 0.45234375 0.12578125 0.1265625 0.07734375
1 0.82265625 0.1390625 0.11875 0.0796875
1 0.0953125 0.0328125 0.121875 0.065625
1 0.57734375 0.20390625 0.12578125 0.075
1 0.7 0.13125 0.12109375 0.07734375
1 0.4515625 0.2015625 0.1296875 0.0765625
1 0.45390625 0.27421875 0.12578125 0.08125
1 0.58125 0.128125 0.121875 0.07578125
1 0.69921875 0.35703125 0.1265625 0.07890625
1 0.0125 0.3265625 0.025 0.08203125
1 0.7 0.28671875 0.125 0.0796875
1 0.4546875 0.34609375 0.121875 0.078125
1 0.2046875 0.3375 0.12890625 0.078125
1 0.82265625 0.21484375 0.11640625 0.0796875
1 0.08125 0.3328125 0.13125 0.078125
1 0.08984375 0.25234375 0.128125 0.07734375
1 0.69375 0.0140625 0.11875 0.02734375
1 0.5765625 0.28203125 0.1265625 0.07734375
1 0.2109375 0.0375 0.121875 0.07421875
1 0.82265625 0.36796875 0.12421875 0.07890625
1 0.70390625 0.0625 0.12109375 0.075
1 0.5765625 0.0078125 0.121875 0.015625
1 0.015625 0.24609375 0.03125 0.078125
1 0.57734375 0.05703125 0.1234375 0.075
1 0.82578125 0.29375 0.12421875 0.07734375
1 0.7 0.20859375 0.1234375 0.0765625
1 0.015625 0.0296875 0.03125 0.05859375
1 0.578125 0.3546875 0.12734375 0.0765625
0 0.37421875 0.29140625 0.0296875 0.0296875
0 0.415625 0.14375 0.025 0.03203125
0 0.66171875 0.23359375 0.02109375 0.0265625