1 0.3651855374790956 0.8984975818840881 0.22733518052176754 0.14336481803034928
1 0.5873423386105637 0.86039407609312 0.22731699980360814 0.1402398180303493
1 0.7647991972182119 0.96293891749223 0.22873405405833439 0.07412216501553992
1 0.35387533275683125 0.9510980812649157 0.2225113251355733 0.09780383747016863
1 0.17377071800086313 0.7567338052100677 0.22421927088084712 0.14478176881613755
1 0.7855389440949538 0.911042701195564 0.22105790944452863 0.13838621960192582
1 0.5688645285021051 0.9393226541552199 0.2210488190854491 0.12135469168956022
1 0.8070963024080143 0.8323376583914929 0.22105790944452863 0.13838621960192593
1 0.14316963691336154 0.9123823376750565 0.22560905405833437 0.1151670434232436
1 0.37665936866479305 0.8068195041338292 0.22733518052176746 0.14336481803034928
1 0.5995337872827038 0.779689885646414 0.23355790944452864 0.13896841645877273
1 0.15373040789240452 0.8433241226212445 0.22574540944452864 0.1386045434232436
1 0.39431502215739334 0.7271512748119937 0.21635222872636942 0.1350428957806084
1 0.5584446580887963 0.9762137053339022 0.21914997579950324 0.04757258933219575
1 0.19069511846840131 0.6684354385846792 0.22888859016268787 0.14187509263745515
1 0.028305244539050985 0.7998566048385642 0.05661048907810197 0.11221320967712849
1 0.02026548556206054 0.867461481803035 0.04053097112412108 0.09117296360606986
1 0.03952454567051913 0.7081785270883053 0.07904909134103826 0.12260705417661058
1 0.045206919108890145 0.6310894882131757 0.09041383821778029 0.11530397642635144
0 0.2677207059006147 0.7267252816364191 0.04397725897699036 0.04110018899896417
0 0.02641847414918318 0.8319242421421172 0.05026362041330892 0.04764128742738762