1 0.3208895907463145 0.5812367686709816 0.08661130402608971 0.1936602711033185
1 0.18114857479308508 0.9282771842544129 0.08284995735199914 0.13891822402541792
1 0.08688402402927138 0.21415222889668165 0.08975448535963518 0.19527731818121907
1 0.08439372867599956 0.0672908656661568 0.08412155601527202 0.11394549756436803
1 0.10298721212599422 0.9265158612019299 0.08604768268618093 0.14522277110331813
1 0.1716981127466327 0.5861851416407392 0.08652039735836245 0.1858477711033185
1 0.24824243141308724 0.5832862382321725 0.08503062269254427 0.19207049756436803
1 0.31877146538827017 0.3992055186709817 0.08659312269254427 0.19209777110331833
1 0.24531304734245413 0.06291919115427179 0.08264996268299925 0.12173072402541767
1 0.028226639361862323 0.20970623660731938 0.053762441358998825 0.18996252678536124
1 0.08827544338795204 0.40088461566615685 0.08971812269254427 0.19215231818121908
1 0.02891588800922685 0.06747782629889389 0.0575045120146357 0.10879434740221224
1 0.16720622867599957 0.06584536810178879 0.08573860001590834 0.11866027110331837
1 0.24613339672181564 0.4020362382321725 0.08655676002545336 0.1889727711033183
1 0.2527133974379043 0.766057827923747 0.08808289735836246 0.18587504464226862
1 0.31659879602958957 0.21248676867098165 0.08341357869190791 0.18735572402541764
1 0.03513226205440659 0.40024941599046837 0.06313744135899882 0.19012616801906326
1 0.09435436274663268 0.587535181818781 0.08495789735836248 0.18582049756436803
1 0.1737707847708134 0.7643101416407391 0.0865203973583625 0.18584777110331832
1 0.09018612543758611 0.7665505259745824 0.0880828973583625 0.18587504464226878
1 0.17762720269731677 0.22272661363756194 0.09287948535963517 0.19533186525911966
1 0.03812254408017813 0.5900795292209932 0.06464539735836249 0.1854659415580137
1 0.32332698412631233 0.9250140422099321 0.08286813868554459 0.14048072402541792
1 0.04488271610435884 0.7681227086041422 0.06152039735836249 0.18541139448011296
1 0.316379525342136 0.060113565341845254 0.08577496268299925 0.12022713068369051
1 0.049907665459857815 0.9313494115262415 0.054706776018453696 0.13686480032431164
1 0.17731067138763387 0.3969862739459874 0.08971812269254427 0.19215231818121897
1 0.254622437460176 0.930120327923747 0.08277723201781732 0.13266822402541756
1 0.24468743336249865 0.2106163514626973 0.08971812269254427 0.19215231818121908
1 0.3230531694382225 0.7671742686709816 0.08503062269254427 0.19207049756436803
0 0.14439400946844833 0.9929942491892211 0.02510908800127267 0.009811376623205349
0 0.28846525270527096 0.27939757914156294 0.030069308004454332 0.03333069724005648
0 0.14299985339749705 0.47025617857237006 0.03962612133990877 0.04911933847375849