1 0.11075667329736431 0.6084851865718918 0.22151334659472863 0.10134537314378349
1 0.10736111769804699 0.9734375 0.21472223539609397 0.053125
1 0.3267176749255126 0.9764380284435024 0.2367829797074606 0.04712394311299519
1 0.8154507126679225 0.8204519806712771 0.24700345941492108 0.0983021863754999
1 0.5754978685121211 0.8253066105525557 0.24080800649282175 0.10139082493918146
1 0.8199961164835262 0.9181445921075955 0.23919095941492108 0.09825673458010194
1 0.3429229220828436 0.720818056690613 0.2424250535707225 0.10452491529826116
1 0.34290355682372387 0.8114521470496927 0.24544095941492108 0.09829309601642038
1 0.581231445621794 0.7206418364502547 0.24237050649282174 0.10139991529826116
1 0.10672482812726551 0.7108107558537325 0.21344965625453102 0.09818401170746505
1 0.9590722532530014 0.9181723840656815 0.05169095941492117 0.09716589149054755
1 0.1090793506519184 0.8014539365718918 0.2181587013038368 0.1029078731437835
1 0.8179092853133685 0.7243627758508169 0.24705800649282175 0.1014271863754999
1 0.8149307410781368 0.9817646470496927 0.23664661201270895 0.03647070590061467
1 0.3346076359619915 0.6152902193565956 0.23924550649282175 0.10138173458010194
1 0.9606813920510715 0.8259848840656815 0.05169095941492117 0.09716589149054763
1 0.10510887094445787 0.8975295058537324 0.21021774188891573 0.10130901170746469
1 0.8329417702958348 0.534587203543914 0.24867505357072242 0.1045612767345796
1 0.33811487094775317 0.9067464663315334 0.23762845941492117 0.09824764422102206
1 0.5649580146170872 0.9794681005540135 0.24138865909060953 0.04106379889197313
1 0.5821877938347851 0.5315657009116352 0.24867505357072234 0.1045612767345796
1 0.5806332021146157 0.6206282009116354 0.24387845941492117 0.09828400565734086
1 0.3447150673737355 0.5286214663315334 0.24549550649282176 0.10141809601642038
1 0.8210127402640627 0.6360906162098965 0.2517727800317722 0.10301695745273882
1 0.572394413561427 0.913578770193476 0.2391636858759707 0.09669423458010158
1 0.113877719157449 0.5178738221105111 0.227755438314898 0.09824764422102224