1 0.8338896609903333 0.8626348710970124 0.25209569368794005 0.14106317051050077
1 0.8272496832334546 0.756592911011104 0.24884335969555132 0.13777439620024126
1 0.9580593314465687 0.8511352063522626 0.023015688745024222 0.10567014586155707
1 0.9582914361992042 0.7493679884644383 0.03057352076024671 0.09982958163720568
1 0.5905800127772192 0.7621967005865116 0.25365819368794007 0.1411450576656305
1 0.8373555592034474 0.9411987075974878 0.24877969269935685 0.11760258480502443
1 0.5955938235379034 0.86971927351729 0.2552206936879401 0.1412269448207603
1 0.5888039485564939 0.6712850955435574 0.2552843606841346 0.14278944482076028
1 0.8245332015222434 0.6695466123905851 0.24877969269935676 0.13621189620024127
1 0.9564384120160975 0.46820319764583546 0.05739068874502422 0.10747166327441171
1 0.8080910953239142 0.3813538935982495 0.25209569368794005 0.14106317051050085
1 0.8129284925484452 0.4739917729514631 0.2552206936879401 0.1412269448207603
1 0.9484123477953721 0.3769640439823623 0.05739068874502422 0.10747166327441153
1 0.5845568003433799 0.5833756597679086 0.25365819368794007 0.1411450576656305
1 0.956078973271073 0.5730954155336597 0.049769189733607534 0.11174972749876275
1 0.599777304754823 0.9443093402300617 0.25365819368794007 0.1113813195398766
1 0.8192647227767816 0.5682740394598065 0.25359452669174587 0.13958255766563052
1 0.9587954549822845 0.6601417141541788 0.036950854752635466 0.1032821302577247
1 0.5992387938804081 0.9910598484842336 0.23309634288963732 0.01788030303153292
1 0.5779486560845984 0.4765524496820003 0.2505331936879401 0.1409812833553712
1 0.5622374258562619 0.38177886024287844 0.24115819368794006 0.14048996042459247
0 0.49229499897423584 0.4266542689947343 0.04377917490485963 0.04127345318850324
0 0.6668864806854471 0.522708154679526 0.03564833992388792 0.033051517412854635
0 0.6638980849437909 0.423120912481442 0.03870967292769336 0.03165279172311415