1 0.022964167208284363 0.20604441155898692 0.045928334416568725 0.12853617688202618
1 0.033151644887150014 0.2985674925856262 0.06630328977430003 0.14349001482874763
1 0.6895419667218171 0.12335802068588456 0.2919262215897856 0.17584089429596245
1 0.04243514164073913 0.39112240711036267 0.08487028328147826 0.13025518577927464
1 0.9439008153451406 0.5790682153252268 0.09283415665497756 0.13025518577927464
1 0.44384586282678307 0.28950823859411245 0.2777819009729347 0.17058039133021285
1 0.41681357873452585 0.09387474501990307 0.2825239480508353 0.17389639231879608
1 0.2577218076345028 0.6655799431564675 0.2856489480508354 0.17402372631118493
1 0.1413868847408803 0.08479946984821318 0.2705227800317721 0.11251322334543534
1 0.43544875608907996 0.189140824069376 0.28101599512873604 0.1769577253226017
1 0.7884632930240062 0.6283399979484716 0.29189894805083527 0.17427839429596242
1 0.7088220263816194 0.22640476623726027 0.28885576866768653 0.17883856030357365
1 0.39772838798729115 0.03518147182537953 0.26391822402541776 0.07036294365075905
1 0.2691348202164045 0.772070023688815 0.28416826866768635 0.17864755931499054
1 0.507372980117793 0.5859256407615592 0.2856489480508353 0.17402372631118493
1 0.1564567313323136 0.16069346638817206 0.27939894805083537 0.17376905832640732
1 0.7288424257329963 0.3317634282905388 0.28564894805083546 0.17402372631118493
1 0.5334251911575671 0.7035296348300601 0.2904728157455871 0.18202722729976806
1 0.05472090746905173 0.5046437376427104 0.10944181493810345 0.13133752471457924
1 0.059714347607378426 0.6027947361598356 0.11942869521475685 0.1301570266917457
1 0.17585952191739254 0.2567089619395478 0.2826330422066367 0.1801463923187961
1 0.0807502045502477 0.6962118137264337 0.13970915665497755 0.1321651956651065
1 0.8909038693196049 0.1713631446787109 0.12246710957707663 0.12833985870696812
1 0.7684701672115797 0.521418835895193 0.2920080422066366 0.18052839429596243
1 0.6714698510556601 0.057209027643147836 0.29143529788867967 0.11441805528629567
1 0.46607364448340827 0.40258390015309936 0.2793989480508354 0.17376905832640727
1 0.19668844480771977 0.3604732904947291 0.28564894805083535 0.17402372631118485
1 0.6505357881494469 0.0035892791260226002 0.2739284237011061 0.0071785582520452005
1 0.23541220536102658 0.5571917815974805 0.28252394805083536 0.173896392318796
1 0.8684851728903272 0.06922498311972394 0.12411143019392767 0.13309102570316256
1 0.9395054159937637 0.4730728833100043 0.10538870373287815 0.13388952174882968
1 0.914707787745705 0.2835938892415034 0.12575575081077872 0.13784219269935694
1 0.09283537297634804 0.8089200607606841 0.11783415665497754 0.13127385771838504
1 0.9302043283307839 0.37976855228336515 0.12731825081077872 0.1379058596955513
1 0.49575541599376366 0.49115431022921163 0.2825239480508353 0.173896392318796
1 0.20808782062014627 0.46774462102707676 0.28257849512873595 0.17702139231879616
1 0.8540738453736173 0.01885749897423578 0.11060230925276535 0.03771499794847156
1 0.7482179427791249 0.42934142384191454 0.2888012215897858 0.17571356030357368
0 0.5521255616883973 0.0019312786317310122 0.06762387662320535 0.0038625572634620243