1 0.89375 0.4174887281768081 0.1125 0.24520902372599612
1 0.98359375 0.04201381467783584 0.0328125 0.08402762935567168
1 0.9109375 0.18163214121866975 0.115625 0.24377385771838495
1 0.79375 0.6473446659332491 0.1140625 0.24058519072219048
1 0.87890625 0.6509060646406548 0.115625 0.23752385771838505
1 0.68046875 0.8582105231573426 0.1140625 0.23277269072219048
1 0.80703125 0.41320974646559677 0.115625 0.24689885771838505
1 0.97734375 0.18830129388040812 0.0453125 0.23934634288963735
1 0.7765625 0.8589825028913876 0.109375 0.22320668973360744
1 0.5875 0.8565299594309088 0.1109375 0.23733285672980173
1 0.6140625 0.40779137049560416 0.1109375 0.24514535672980173
1 0.6 0.6271143734613537 0.1109375 0.23420785672980174
1 0.821875 0.17744866000175008 0.1171875 0.24071252471457938
1 0.96953125 0.42455712886138003 0.0609375 0.23998301285158127
1 0.92734375 0.04040819956366758 0.1078125 0.08081639912733515
1 0.72421875 0.17283409726389953 0.1140625 0.24371019072219058
1 0.628125 0.1697183675298546 0.109375 0.2403941897336074
1 0.7140625 0.4068416827391631 0.1125 0.2436465237259963
1 0.83515625 0.039974459449499324 0.1109375 0.07994891889899865
1 0.734375 0.033792761578671254 0.1078125 0.06758552315734251
1 0.86328125 0.8593552346025988 0.1109375 0.21545785672980172
1 0.696875 0.6395732696973013 0.1140625 0.24058519072219048
1 0.63828125 0.036093396464503 0.103125 0.072186792929006
1 0.9484375 0.8605728833100044 0.071875 0.2044911818249421
1 0.96015625 0.6593141308385464 0.071875 0.2294911818249421
0 0.74453125 0.7970064263133725 0.034375 0.05921317391627649