1 0.26053354477533175 0.3365698008368806 0.12948386137453224 0.17569995764913057
1 0.07360675486124005 0.34641645774732643 0.12068207146044045 0.18658291549465283
1 0.028253311283675163 0.3453715873340175 0.029483861374532204 0.17511817466803503
1 0.44307596562451684 0.809362927103922 0.13746013568479168 0.17887040944452864
1 0.22599036917644835 0.16923230991206686 0.12471447421940243 0.17411018657189176
1 0.47335104307785114 0.9385635720123153 0.12373847241038013 0.12287285597536943
1 0.1727026741285454 0.3446499455488822 0.13433513568479172 0.1788522287263694
1 0.45017589891377474 0.31892882464459393 0.13269074852966192 0.1772806383672898
1 0.37520014812080527 0.9437368853422278 0.12941526232447184 0.11252622931554442
1 0.11811591417892271 0.07800734621281209 0.11248671189493056 0.06001132513557326
1 0.3445123128655549 0.8212856893023662 0.13441702283992144 0.18041472872636924
1 0.13503449852966196 0.1772942739059092 0.13746013568479168 0.17887040944452864
1 0.05517990219313511 0.18854487041330892 0.09987824852966196 0.17708974082661783
1 0.42130619120271573 0.15552939997655887 0.12940197421940244 0.17413745764913058
1 0.7545468956344143 0.44878553804926113 0.13121013568479167 0.17883404800821018
1 0.3165466858871904 0.660234559813871 0.13408947421940248 0.1741647287263694
1 0.04725337403768836 0.5141806746680351 0.049632587064272704 0.17211134933607006
1 0.040564124264830984 0.08849032825883121 0.07457727611928182 0.05198065651766241
1 0.48892970318850326 0.04501914685330092 0.11223440637700648 0.08500223477649363
1 0.4135068950685875 0.647521457256347 0.13458079715018095 0.18353972872636942
1 0.12748086386092305 0.6739738311856975 0.1341713613745322 0.1757272287263696
1 0.6968041581860289 0.1368258935336512 0.13112824852966193 0.17727154800821018
1 0.28572489031888915 0.9505090601084586 0.12711577792830414 0.09898187978308286
1 0.06826963817118256 0.6767533975406719 0.055309376978364445 0.1612102107723885
1 0.51503177351729 0.632491875776062 0.1284126843053107 0.18506586729005098
1 0.38443246946970405 0.4802157825883121 0.13425324852966192 0.17728972872636942
1 0.6013410877416412 0.6251838907049809 0.1280032485296619 0.17725336729005098
1 0.5705370658062309 0.4695833304983264 0.12315197421940241 0.17410109621281206
1 0.7213747060135784 0.7695883965587134 0.12808513568479168 0.17881586729005097
1 0.6937775712332979 0.6155685170702181 0.13121013568479167 0.17883404800821018
1 0.8125630342598822 0.2741764234896847 0.11928998982323477 0.16002041549465285
1 0.15910375734763088 0.845199391392352 0.13236319990914294 0.1710306383672897
1 0.3224149898232347 0.1612021621750032 0.1356519742194025 0.17417381908544902
1 0.18284555178427842 0.9548920330792914 0.1297494549975256 0.09021593384141724
1 0.5430792876507843 0.7951055052645573 0.12808513568479185 0.17881586729005097
1 0.631882922319523 0.2988986466569092 0.1309644742194024 0.1741465480082102
1 0.2858688167107421 0.49213854478675645 0.13269074852966192 0.17728063836728972
1 0.09943334972742886 0.5113602016972022 0.1358976356847917 0.1788613190854491
1 0.7799475288328153 0.12871847774441075 0.12792136137453217 0.17569086729005096
1 0.7814856111473896 0.6051446223582164 0.12792136137453233 0.1756908672900508
1 0.4806523722286661 0.46827938485124837 0.13400758706427282 0.1726022287263694
1 0.19894202679665035 0.5025669846782976 0.13269074852966195 0.17728063836728972
1 0.5395283259829963 0.3100765202916719 0.12323386137453234 0.17566359621281205
1 0.5862584045679843 0.03933729429577702 0.1068918091359686 0.07247496369925477
1 0.573845688034897 0.9333902586824028 0.12274918249628844 0.13321948263519445
1 0.6298013596770515 0.780770815373016 0.12948386137453233 0.17569995764913066
1 0.2284701537750148 0.6636272045258725 0.13458079715018095 0.18353972872636942
1 0.20882612336031983 0.06525788221896973 0.10163109905006032 0.061510192622015916
1 0.258407716529028 0.8324999243734474 0.13573386137453225 0.17573631908544912
1 0.8360657270444776 0.901465631335207 0.11658106965141819 0.1381363251355733
1 0.3533827860689045 0.3199277223816576 0.13589763568479168 0.17886131908544894
1 0.6571118894143779 0.9293219448615112 0.12916295680654793 0.13977154800821018
1 0.8395426933504222 0.43131675779864 0.133673394391219 0.19603063836728976
1 0.6775418238352897 0.03752533030193467 0.10820864767057933 0.06779655405833437
1 0.601778263228983 0.14174013162979454 0.1325269742194024 0.1741556383672898
1 0.507615505427067 0.14822141490547766 0.12134381275401332 0.16940450585373248
1 0.7507423807079506 0.9126844115858279 0.12940861827193723 0.1444590480082102
1 0.7277310108541338 0.29477020374030566 0.13260886137453215 0.1757181383672898
1 0.807561189505235 0.7599366614876322 0.12339763568479176 0.17878859621281204
1 0.9040267537295863 0.7526877637505683 0.12882876413349428 0.16319995764913048
1 0.7585461623699004 0.033310528974074785 0.10771732473980081 0.05842155405833439
1 0.6600975327895442 0.4497980713249442 0.13063692559888337 0.1678965480082102
1 0.8755255382166112 0.5963195890825335 0.12479636137453198 0.17567268657189175
1 0.9315862669585693 0.8910871884186033 0.12719102103089916 0.1319499576491303
1 0.30669041327441154 0.05489307484098564 0.10837242198083885 0.07092155405833438
1 0.4044318724558087 0.042184517463001565 0.10228619629109836 0.07401019262201593
0 0.7452603426028813 0.9720094146108901 0.04637703301668683 0.020576120413308984
0 0.7919473190855912 0.3427855229239506 0.03593085594746519 0.029887487899751618
0 0.6417027368825586 0.5160770562978296 0.056734678878243724 0.039380662567786474
0 0.4631207134768102 0.5361254150036736 0.04398901741285464 0.03462043969514959
0 0.6151800169585693 0.8892463907049809 0.03436835594746519 0.0298783975406721
0 0.11388643260783007 0.7871414516972022 0.03798467887824377 0.03927157825883114