1 0.10703125 0.62578125 0.090625 0.22265625
1 0.19140625 0.6296875 0.09453125 0.2203125
1 0.0953125 0.978125 0.096875 0.04296875
1 0.18125 0.98046875 0.09375 0.0390625
1 0.2921875 0.6359375 0.09296875 0.22109375
1 0.028125 0.9765625 0.05625 0.046875
1 0.103125 0.8484375 0.09453125 0.2234375
1 0.296875 0.19921875 0.0890625 0.21875
1 0.03125 0.8421875 0.0625 0.22265625
1 0.29609375 0.4140625 0.08984375 0.2171875
1 0.1859375 0.85 0.0921875 0.225
1 0.196875 0.40859375 0.09375 0.2203125
1 0.20078125 0.19296875 0.08984375 0.21875
1 0.4484375 0.9859375 0.090625 0.02734375
1 0.3796875 0.4203125 0.09296875 0.21796875
1 0.38125 0.20234375 0.090625 0.215625
1 0.0375 0.03125 0.075 0.0625
1 0.034375 0.61875 0.06875 0.22265625
1 0.28671875 0.85390625 0.0921875 0.2234375
1 0.28125 0.98203125 0.09375 0.0359375
1 0.11328125 0.40390625 0.0921875 0.22109375
1 0.3828125 0.04609375 0.09140625 0.09140625
1 0.040625 0.18125 0.08125 0.22265625
1 0.20625 0.03984375 0.09375 0.0796875
1 0.3640625 0.984375 0.090625 0.03125
1 0.37578125 0.64140625 0.0921875 0.22109375
1 0.2984375 0.0421875 0.090625 0.084375
1 0.46171875 0.86171875 0.09296875 0.22109375
1 0.471875 0.0484375 0.09140625 0.096875
1 0.1171875 0.1875 0.09140625 0.21875
1 0.0359375 0.3984375 0.071875 0.21875
1 0.36875 0.8578125 0.09296875 0.22109375
1 0.1171875 0.0359375 0.08984375 0.07109375
1 0.4765625 0.2078125 0.08828125 0.21171875
1 0.46640625 0.64296875 0.0921875 0.21953125
1 0.47421875 0.4265625 0.0859375 0.21953125