1 0.7765625 0.634375 0.07421875 0.16484375
1 0.853125 0.31875 0.0703125 0.16484375
1 0.8515625 0.640625 0.07109375 0.1640625
1 0.64921875 0.31484375 0.0671875 0.16484375
1 0.915625 0.64375 0.0703125 0.16328125
1 0.91640625 0.0375 0.0703125 0.075
1 0.64609375 0.475 0.06875 0.16796875
1 0.8484375 0.9453125 0.071875 0.109375
1 0.96875 0.646875 0.0625 0.16796875
1 0.65390625 0.146875 0.0703125 0.16171875
1 0.8515625 0.81171875 0.075 0.17109375
1 0.71796875 0.3078125 0.07421875 0.16640625
1 0.7171875 0.146875 0.07109375 0.16328125
1 0.78125 0.47578125 0.0703125 0.16328125
1 0.64375 0.64296875 0.06875 0.1703125
1 0.91796875 0.31640625 0.06640625 0.1609375
1 0.9125 0.8125 0.06953125 0.1640625
1 0.96875 0.803125 0.0625 0.16796875
1 0.77421875 0.31171875 0.06875 0.165625
1 0.7734375 0.94296875 0.071875 0.1140625
1 0.77109375 0.7984375 0.07109375 0.171875
1 0.8515625 0.475 0.06875 0.1671875
1 0.921875 0.1484375 0.06640625 0.1640625
1 0.7015625 0.94140625 0.071875 0.1171875
1 0.7046875 0.81171875 0.06875 0.16484375
1 0.85546875 0.15078125 0.06953125 0.16328125
1 0.971875 0.1484375 0.05625 0.1640625
1 0.9734375 0.9453125 0.053125 0.109375
1 0.859375 0.034375 0.06875 0.06875
1 0.72265625 0.03359375 0.0703125 0.0671875
1 0.9703125 0.3109375 0.059375 0.16015625
1 0.9765625 0.03515625 0.046875 0.0703125
1 0.65546875 0.03515625 0.0671875 0.06953125
1 0.9109375 0.94296875 0.071875 0.1140625
1 0.915625 0.47734375 0.06875 0.16796875
1 0.77734375 0.1453125 0.0703125 0.1640625
1 0.6390625 0.94296875 0.071875 0.1140625
1 0.640625 0.8078125 0.071875 0.165625
1 0.70546875 0.6421875 0.0703125 0.1609375
1 0.7875 0.03515625 0.07109375 0.0703125
1 0.7109375 0.47421875 0.071875 0.1703125
1 0.9703125 0.478125 0.059375 0.16796875
0 0.80625 0.90625 0.01875 0.03203125
0 0.73828125 0.575 0.02734375 0.03046875
0 0.68203125 0.08671875 0.0203125 0.02890625