1 0.11953125 0.73125 0.0921875 0.221875
1 0.115625 0.28515625 0.0921875 0.22265625
1 0.11640625 0.5078125 0.0921875 0.21953125
1 0.1125 0.0859375 0.09375 0.171875
1 0.21640625 0.28828125 0.0921875 0.221875
1 0.21796875 0.7234375 0.090625 0.221875
1 0.12265625 0.9203125 0.0921875 0.159375
1 0.21640625 0.50234375 0.0921875 0.22265625
1 0.2109375 0.0859375 0.090625 0.171875
1 0.040625 0.73203125 0.08125 0.22265625
1 0.0390625 0.2890625 0.078125 0.225
1 0.0375 0.084375 0.075 0.16796875
1 0.040625 0.91953125 0.08125 0.1609375
1 0.0390625 0.50078125 0.078125 0.2203125
1 0.21796875 0.92109375 0.09140625 0.1578125