1 0.1578125 0.96640625 0.121875 0.0671875
1 0.165625 0.89765625 0.1203125 0.0765625
1 0.0484375 0.99375 0.096875 0.01171875
1 0.053125 0.88671875 0.10625 0.078125
1 0.05 0.95859375 0.1 0.0828125
1 0.16796875 0.834375 0.11640625 0.0765625
1 0.1671875 0.75859375 0.1109375 0.0765625
1 0.153125 0.99765625 0.11875 0.0046875
1 0.0546875 0.7515625 0.109375 0.07421875
1 0.0546875 0.81640625 0.109375 0.078125
1 0.05625 0.6796875 0.1125 0.0703125
1 0.17578125 0.69140625 0.1171875 0.078125
1 0.178125 0.62109375 0.11640625 0.07265625
1 0.06484375 0.6109375 0.1140625 0.07734375
1 0.0671875 0.54765625 0.11640625 0.0703125
1 0.1828125 0.5578125 0.11171875 0.07421875
1 0.0046875 0.5390625 0.009375 0.0703125
1 0.009375 0.46875 0.01875 0.078125
1 0.075 0.47890625 0.11640625 0.0703125
1 0.1859375 0.4890625 0.109375 0.075
0 0.0015625 0.63125 0.003125 0.02734375
0 0.2125 0.78359375 0.01875 0.02265625
0 0.1 0.640625 0.02109375 0.025
0 0.14375 0.5109375 0.0203125 0.025