1 0.96875 0.3984375 0.0625 0.171875
1 0.9734375 0.9078125 0.053125 0.16796875
1 0.903125 0.40078125 0.0703125 0.1765625
1 0.89375 0.071875 0.06875 0.14375
1 0.828125 0.22734375 0.07109375 0.171875
1 0.96875 0.56875 0.0625 0.17578125
1 0.9703125 0.740625 0.059375 0.17578125
1 0.8296875 0.071875 0.071875 0.14375
1 0.76953125 0.74921875 0.06953125 0.16953125
1 0.96484375 0.2203125 0.0703125 0.17421875
1 0.76640625 0.5765625 0.071875 0.16953125
1 0.84140625 0.7453125 0.075 0.16875
1 0.90078125 0.2265625 0.0734375 0.171875
1 0.90625 0.57109375 0.06875 0.1765625
1 0.83984375 0.5734375 0.07265625 0.1734375
1 0.77109375 0.9171875 0.0703125 0.1640625
1 0.9640625 0.071875 0.071875 0.14375
1 0.84453125 0.9171875 0.0734375 0.165625
1 0.7625 0.228125 0.0703125 0.17265625
1 0.90703125 0.74296875 0.07109375 0.1703125
1 0.83515625 0.39921875 0.075 0.1828125
1 0.7640625 0.40625 0.06875 0.1828125
1 0.759375 0.071875 0.06875 0.14375
1 0.90859375 0.91640625 0.0765625 0.1640625
0 0.7875 0.459375 0.025 0.03828125
0 0.925 0.50703125 0.02734375 0.0328125
0 0.92265625 0.63203125 0.03203125 0.03984375