1 0.16484375 0.12872846711710034 0.1390625 0.142996541958086
1 0.053125 0.15437842779129302 0.10625 0.13186814441741398
1 0.2109375 0.31517905152425163 0.1828125 0.2995010720123153
1 0.26953125 0.09843191305876595 0.1375 0.13829995159900638
1 0.3859375 0.5579109313073344 0.175 0.2947681202169171
1 0.45390625 0.8325155006873711 0.1765625 0.2963397105759967
1 0.27109375 0.5992040726996863 0.1828125 0.3073135720123153
1 0.09296875 0.36664662363476275 0.1765625 0.2947772105759968
1 0.346875 0.8597006902843247 0.178125 0.2775988009350763
1 0.04296875 0.3974062651253105 0.0859375 0.28956246974937894
1 0.16015625 0.6256307381943392 0.178125 0.29634880093507654
1 0.23359375 0.8720784913175972 0.1796875 0.2541703912941561
1 0.31640625 0.2981592022863774 0.1796875 0.29948289129415606
1 0.078125 0.6542329820460191 0.15625 0.2852840359079618
1 0.14296875 0.888230732144215 0.1671875 0.22284766842151918
0 0.4265625 0.9529870819712644 0.0515625 0.059674981849627426
0 0.15859375 0.7436085785534188 0.0515625 0.05811248184962743
0 0.2875 0.41395237392935036 0.0453125 0.05963862041330899
0 0.45078125 0.9465961814055304 0.0640625 0.06599770472226432
0 0.08125 0.4635898013278599 0.05 0.06122839149054773
0 0.25859375 0.7141205455723233 0.05 0.05810339149054773