0 0.634690103437268 0.7765480523496111 0.03466590133672724 0.025600017856907444
0 0.22013506540417857 0.5256114748361966 0.05674089600572698 0.04316934740221221
0 0.0840088507717679 0.7755278798696164 0.03630112667090888 0.03187729139585791
0 0.07962933875713221 0.6676608327917156 0.04098862667090888 0.031959112012708776
0 0.9842771920353165 0.5569715324608134 0.03144561592936697 0.03971706493480802
0 0.6205997840944957 0.7067849772685333 0.022220445337363514 0.03006932954530477
0 0.35162361211008586 0.8169104050301244 0.0418067866804539 0.1022716120127087
0 0.2758969061107222 0.8202751383910328 0.04642156134627218 0.09610343262955974
0 0.24172606536440763 0.23307910145940203 0.2757454346753633 0.06886264285525981
0 0.23458518002068085 0.15640750730360065 0.2835942973424541 0.07212401055001152
0 0.7929880260184536 0.1497515474783472 0.29607611600890865 0.07077969886161428
1 0.05383571403563473 0.26338639001588604 0.10283519334818114 0.11114778003177203
1 0.24674082936822567 0.261285922076253 0.2763636000159083 0.1219876428552599
1 0.96403632268459 0.14883174999340945 0.06538973734881744 0.11518071509696393
1 0.24966692938413404 0.3785006956152034 0.27483746268299925 0.1250853693163095
1 0.5199157947167249 0.37775026785361215 0.27798064401654476 0.12670241639421018
1 0.8011021600493159 0.3771907548646734 0.2717306440165448 0.12659332223840886
1 0.24619484201940817 0.14723705884572819 0.2716397373488174 0.1187808222384088
1 0.9689647253540672 0.37936868384078526 0.06207054929186562 0.11518071509696401
1 0.9669078786998622 0.2613590235323598 0.06538973734881744 0.11518071509696393
1 0.05598965471831581 0.3813687767853612 0.10452496268299924 0.12211255357072241
1 0.7969579106858627 0.15528848132572307 0.2747829186823628 0.12039786931630951
1 0.050936886020044536 0.1485153664769357 0.09976473734881748 0.11578073295387141
1 0.5162175353675893 0.2613031075451867 0.27792610001590834 0.12201491639421018
1 0.7981760600334076 0.259975981325723 0.27167610001590853 0.12190582223840882
1 0.803873718730088 0.4811242784036237 0.2717306440165448 0.12659332223840886
1 0.9753754540499522 0.8099192544576364 0.04924909190009572 0.11507162094116268
1 0.2532288287316788 0.48322910592362883 0.27487382535009014 0.1282103693163094
1 0.05807996073358783 0.4938824135548364 0.10608746268299925 0.12213982710967279
1 0.8080906934277229 0.7092765519425741 0.27171246268299926 0.12503082223840883
1 0.06092424474854169 0.6040659370937866 0.10770450668363558 0.12685460064862325
1 0.5292753500954501 0.7122207252399384 0.2811238253500902 0.12831946347211093
1 0.24903748400699968 0.055898992693104055 0.268332924013363 0.10310127516050813
1 0.9703686860279988 0.48955220737973554 0.05926262794400259 0.12143071509696383
1 0.26137932542963194 0.7137933133099551 0.2732931440165447 0.12662059577735932
1 0.052226118674408725 0.05793127678536122 0.10427042401336302 0.10023755357072243
1 0.9708692200429525 0.7067260706102605 0.058261559914095075 0.1152079886359143
1 0.7981835086728178 0.05923564163414856 0.28074201734563575 0.09550696347211085
1 0.5219242847310425 0.4832326546230874 0.27799882535009013 0.12826491639421017
1 0.8085275927752678 0.813950415173099 0.2716942813494537 0.12346832223840884
1 0.5134368860200446 0.15658833400623634 0.2763272373488174 0.1188626428552598
1 0.25535549741404173 0.598867742693104 0.27639996268299927 0.1251126428552599
1 0.9694334420353166 0.5942124338407853 0.06113311592936697 0.1152352621748646
1 0.806781637412451 0.5967765519425741 0.2716942813494537 0.12346832223840884
1 0.5248231127466327 0.5981036781620377 0.2810692813494537 0.12363196347211095
1 0.5312474774426768 0.8145781120094135 0.27480110001590835 0.12196036931630942
1 0.513835780673136 0.056615607545186686 0.28079656134627207 0.10019446347211085
1 0.06764750676317738 0.711973894480113 0.11382723734881746 0.11602619480442442
1 0.2000792934436313 0.8158273717519414 0.17007723734881744 0.1170080422066369
1 0.07038270277685857 0.8127824180190633 0.11388178134945379 0.12071369480442443
1 0.3289491807765404 0.8149524387153445 0.10754087468172653 0.11279210064862326