1 0.09707992075108703 0.6203067715103554 0.11362833736472581 0.23318642126547431
1 0.030600945416905244 0.615215896915745 0.04949311203054405 0.22581820616851012
1 0.26368616542008694 0.6345896396121443 0.11046697469763496 0.23000687418757337
1 0.06844146467218157 0.04032499107154626 0.06813292934436313 0.08064998214309252
1 0.3583265034213595 0.6423145905056487 0.11361015603118041 0.23162392126547413
1 0.42743268145285807 0.8731867151002592 0.10872266136218052 0.21435460064862316
1 0.23888123400699968 0.04993972443245477 0.10588746801399936 0.09987944886490954
1 0.5131818000079542 0.05455726623534969 0.10136360001590834 0.10911453247069938
1 0.18233616808558697 0.6274141136375618 0.1151726560311804 0.23165119480442442
1 0.03972885538667936 0.39235509537361735 0.07298515603118039 0.23091480925276536
1 0.2852958940563156 0.409948149758414 0.11204765603118041 0.2315966477265238
1 0.2024106687221338 0.405143647322782 0.1198965186982713 0.23485801542127546
1 0.42647214067472683 0.0561021753259592 0.10294428134945374 0.1122043506519184
1 0.15203521467218156 0.03973860998411395 0.10094542934436315 0.0794772199682279
1 0.15992700811581284 0.8505067402607673 0.11511811203054405 0.2269636948044244
1 0.4498691134229504 0.6524378384770537 0.11370106269890759 0.23943642126547413
1 0.12026124005408842 0.3964192581176748 0.11673515603118037 0.23167846834337488
1 0.02147303544713113 0.8380766984578724 0.026001068029907714 0.22072160308425515
1 0.4731413393936791 0.4363628250843732 0.11192038669636233 0.22065914772652384
1 0.2522054147835401 0.8567101014626972 0.11204765603118041 0.23159664772652383
1 0.3263630526734542 0.04761356534184526 0.10585110534690845 0.09522713068369051
1 0.058801407463357644 0.9569806570620145 0.09394999466899989 0.018823912337020233
1 0.15183379213076673 0.9608266314944693 0.09244203866963625 0.02348413879807012
1 0.06839348878099474 0.8411647422893622 0.11355561203054405 0.22693642126547395
1 0.3816350920591791 0.42936457711296805 0.11513629336408951 0.22852619480442443
1 0.12950732869190792 0.18371470657554728 0.11361015603118037 0.23162392126547413
1 0.05678744402449887 0.1795141761367381 0.0791987933640895 0.22789890340856664
1 0.33589916211804 0.863844717128854 0.1135737933640895 0.22849892126547422
1 0.3101942546944533 0.19931461282678303 0.1151726560311804 0.23165119480442448
1 0.4048255020289532 0.20625831372028744 0.1182612933640895 0.2285807418823252
1 0.4908629993634531 0.21335201907801876 0.11520901869827131 0.23477619480442452
1 0.2216948286919079 0.18210556777747725 0.11673515603118038 0.23167846834337485
1 0.4099371934674938 0.9813264975676633 0.09551249466899989 0.018851185875970698
1 0.3262616274665393 0.9757543819015065 0.08769999466899989 0.018714818181219072
0 0.380478935351681 0.12854241680454254 0.04273294000636332 0.047611385551659155
0 0.3202276140992682 0.7258089289794072 0.0317590773392725 0.04429547077900686
0 0.4284640913828614 0.35743898417498265 0.025490896005727137 0.04262387662320544
0 0.1594050087125888 0.3355675328744412 0.03183180267345422 0.05054547077900686
0 0.46733404535327183 0.1387474853927987 0.05377952800763595 0.05717730032431154
0 0.04642703477081339 0.7665329350651918 0.04589430267345422 0.050790932629560005
0 0.28276814135104467 0.1255595129889388 0.03971702800763603 0.05693183847375849