1 0.40636258772680095 0.2421003563339613 0.14583974082661794 0.09316143912238159
1 0.8400921722321482 0.3454558125057668 0.13960792154477702 0.09617734496658023
1 0.8375035034178456 0.25332285958366746 0.1458488311856975 0.09472393912238157
1 0.6937762293155446 0.25192577516709874 0.1458670119038567 0.09784893912238157
1 0.8341335846035429 0.1612035434310433 0.1458488311856975 0.09472393912238161
1 0.6955791029503073 0.3448536148586732 0.15054542154477701 0.09636825973923262
1 0.6864762928418487 0.43250361932290005 0.15212610226293624 0.09952053327818292
1 0.8346062832756832 0.07995354343104329 0.14583974082661788 0.09316143912238162
1 0.824881825331965 0.013739577112968065 0.14398634933607007 0.02747915422593613
1 0.2582210452777357 0.059548729303718725 0.14583065046753818 0.09159893912238162
1 0.6950892653217022 0.16050588839762353 0.144295421544777 0.09625916558343128
1 0.4026967113615637 0.33512365341186195 0.15052724082661792 0.09324325973923261
1 0.11450286153451432 0.056589144887150014 0.1442772408266178 0.09313416558343128
1 0.10978704869558123 0.3300811919650507 0.15053633118569745 0.09480575973923262
1 0.40612675927157804 0.14836399310343645 0.144295421544777 0.09625916558343128
1 0.25353250351604145 0.32835327638161943 0.13176815046753818 0.0913534772718286
1 0.9518119639938423 0.07478302800976779 0.09583974082661798 0.09228868587597072
1 0.690506825331965 0.014925976057307855 0.14711134933607006 0.02985195211461571
1 0.2663380723069029 0.009630347200341336 0.14387726502711465 0.019260694400682673
1 0.8333285669441498 0.4338461566615681 0.15054542154477701 0.09636825973923262
1 0.40034491276417833 0.0680043372592378 0.14269656010845858 0.08998189204448095
1 0.9523563437769251 0.2497557544708174 0.09271474082661797 0.09223413879807012
1 0.9518245577707674 0.3411620044708174 0.09271474082661797 0.09223413879807012
1 0.11426599131759715 0.23157550811767483 0.14898292154477705 0.09634098620028231
1 0.6947898043529219 0.07770702516709871 0.144295421544777 0.09625916558343128
1 0.017429625343685525 0.5020164675325959 0.03485925068737105 0.0975295649348082
1 0.9507837116561515 0.5200682544708174 0.09271474082661797 0.09223413879807012
1 0.5477405248878678 0.5130423275200051 0.13025110226293624 0.09913870373287814
1 0.10798767847866404 0.5050948287345258 0.15369769262201588 0.10111030681713337
1 0.10930071448482168 0.4136749419650506 0.14742951190385667 0.09787621266133191
1 0.8390785971947707 0.5196745625057668 0.15211701190385654 0.09795803327818291
1 0.01795004840099364 0.3231102175325959 0.03590009680198728 0.0975295649348082
1 0.2545950337666624 0.41426350284266905 0.1474204215447771 0.09631371266133204
1 0.5503165999252453 0.3387963039810548 0.14742042154477702 0.09631371266133196
1 0.024216477410230093 0.045703125 0.048432954820460186 0.09140625
1 0.5537239219375605 0.1559428936726293 0.14898292154477702 0.09634098620028234
1 0.01770915388538377 0.4059227175325959 0.03541830777076754 0.0975295649348082
1 0.9528461814055301 0.4341034809318671 0.08961701190385654 0.09686709172016936
1 0.2563807684449602 0.2415936160731939 0.1474204215447771 0.09631371266133196
1 0.2569125544511178 0.15018736607319388 0.14584883118569741 0.09472393912238161
1 0.4061681867682834 0.011144231332313622 0.14391362646343317 0.022288462664627244
1 0.6883109827333902 0.5199627090144745 0.15681360226293642 0.09960235389503395
1 0.020046606996921183 0.1394891939936456 0.040093213993842365 0.09758411201270882
1 0.021340941404072458 0.23164942045469522 0.042681882808144916 0.09763865909060954
1 0.11319891588743632 0.1464465316566252 0.14427724082661783 0.09313416558343128
1 0.5477415666495621 0.2443196010589555 0.15054542154477701 0.09636825973923262
1 0.40321836524694754 0.5140026298729116 0.15993860226293638 0.09965690097293471
1 0.9490733042547262 0.017145220782302087 0.09872839149054755 0.034290441564604174
1 0.2548263170423456 0.5087811160731939 0.1474204215447771 0.09631371266133186
1 0.5506767108705845 0.013768625001647643 0.13927157825883113 0.027537250003295287
1 0.5541966206097007 0.0746928936726293 0.1458397408266178 0.09316143912238162
1 0.9512892683467644 0.1646267780097678 0.09587610226293605 0.0985386858759707
1 0.4006342416121848 0.4210884269508123 0.15056360226293636 0.09949325973923262
1 0.5482723108940255 0.42163607752000515 0.14117042154477702 0.09620461850553053