1 0.24453125 0.75078125 0.0703125 0.16875
1 0.3203125 0.91640625 0.06953125 0.1671875
1 0.1796875 0.91796875 0.071875 0.1640625
1 0.3015625 0.09140625 0.0703125 0.165625
1 0.1671875 0.41953125 0.0703125 0.16328125
1 0.10546875 0.41953125 0.07109375 0.16328125
1 0.3765625 0.5828125 0.06953125 0.165625
1 0.37265625 0.42265625 0.0703125 0.16796875
1 0.0390625 0.421875 0.071875 0.16640625
1 0.16953125 0.58203125 0.0703125 0.16640625
1 0.24765625 0.9140625 0.07109375 0.16484375
1 0.096875 0.0859375 0.075 0.171875
1 0.0390625 0.915625 0.071875 0.16796875
1 0.0015625 0.584375 0.003125 0.16796875
1 0.30625 0.25625 0.0703125 0.17109375
1 0.03125 0.08984375 0.0625 0.1640625
1 0.0015625 0.91796875 0.003125 0.1640625
1 0.09921875 0.25625 0.06796875 0.16484375
1 0.17890625 0.7484375 0.07109375 0.1703125
1 0.36484375 0.0890625 0.06953125 0.16796875
1 0.10703125 0.5828125 0.06953125 0.16875
1 0.36953125 0.26171875 0.0703125 0.17421875
1 0.21875 0.0859375 0.071875 0.171875
1 0.30703125 0.41640625 0.06875 0.1625
1 0.16171875 0.090625 0.06953125 0.17109375
1 0.38828125 0.9109375 0.07109375 0.1671875
1 0.0453125 0.74765625 0.071875 0.1703125
1 0.1671875 0.25703125 0.0703125 0.16640625
1 0.378125 0.74765625 0.06796875 0.171875
1 0.1109375 0.9171875 0.07109375 0.16484375
1 0.22265625 0.2609375 0.0703125 0.16875
1 0.0328125 0.2515625 0.065625 0.16796875
1 0.1078125 0.75390625 0.0703125 0.1703125
1 0.31640625 0.746875 0.0734375 0.17265625
1 0.24140625 0.58203125 0.06875 0.1640625
1 0.2296875 0.4234375 0.071875 0.16484375
1 0.31171875 0.58203125 0.06953125 0.16484375
1 0.0328125 0.58203125 0.065625 0.1640625
0 0.0609375 0.14453125 0.02109375 0.03671875
0 0.0015625 0.353125 0.003125 0.03515625
0 0.0015625 0.47265625 0.003125 0.0390625
0 0.1890625 0.16015625 0.02734375 0.03203125
0 0.34296875 0.97578125 0.02109375 0.0234375