0 0.946875 0.06484375 0.01796875 0.02421875
0 0.75625 0.16328125 0.01953125 0.01875
0 0.7625 0.3734375 0.01796875 0.02265625
0 0.8375 0.5390625 0.021875 0.02265625
0 0.775 0.7109375 0.01640625 0.03125
0 0.9625 0.38125 0.01796875 0.02421875
0 0.846875 0.8765625 0.0171875 0.0203125
0 0.978125 0.88125 0.021875 0.01875
0 0.93203125 0.2765625 0.04609375 0.17265625
1 0.8109375 0.60234375 0.06953125 0.16484375
1 0.74609375 0.603125 0.0703125 0.16484375
1 0.88515625 0.7734375 0.06875 0.1671875
1 0.87890625 0.60234375 0.0703125 0.16328125
1 0.93203125 0.275 0.071875 0.15859375
1 0.80625 0.43828125 0.07109375 0.16328125
1 0.7421875 0.4390625 0.06875 0.1671875
1 0.871875 0.43984375 0.06796875 0.16171875
1 0.94140625 0.44296875 0.06953125 0.1640625
1 0.725 0.109375 0.071875 0.15859375
1 0.7921875 0.1140625 0.06640625 0.15703125
1 0.8 0.27109375 0.0703125 0.1640625
1 0.82109375 0.77421875 0.06796875 0.16796875
1 0.8671875 0.275 0.0671875 0.16015625
1 0.7515625 0.77265625 0.07421875 0.1625
1 0.0015625 0.97421875 0.003125 0.0515625
1 0.9484375 0.60390625 0.0671875 0.16171875
1 0.95625 0.92734375 0.06875 0.1453125
1 0.8890625 0.92578125 0.071875 0.1484375
1 0.8640625 0.1140625 0.07109375 0.15703125
1 0.73515625 0.2703125 0.06953125 0.1671875
1 0.753125 0.92578125 0.075 0.1484375
1 0.8234375 0.92578125 0.071875 0.1484375
1 0.95234375 0.775 0.06953125 0.1671875
1 0.92890625 0.11640625 0.06484375 0.15625
1 0.97578125 0.11875 0.0484375 0.153125
1 0.9828125 0.44140625 0.03359375 0.1640625
1 0.98046875 0.275 0.0375 0.15625
1 0.98671875 0.603125 0.0234375 0.16171875
1 0.859375 0.01796875 0.06796875 0.03359375
1 0.73046875 0.01484375 0.07265625 0.0296875
1 0.79140625 0.01640625 0.06484375 0.03203125
1 0.98984375 0.775 0.01796875 0.16484375
1 0.92734375 0.02109375 0.09140625 0.04140625
1 0.9890625 0.92734375 0.015625 0.1453125
1 0.978125 0.021875 0.04375 0.04375