1 0.11470763116223595 0.05703125 0.22892393939369335 0.1046875
1 0.6425869696968467 0.05234375 0.2851739393936935 0.1046875
1 0.6783462437799636 0.48125 0.2861565852552504 0.1234375
1 0.14928726481086274 0.6125 0.23936347241038014 0.125
1 0.6850200469230383 0.60859375 0.28599281094499107 0.1203125
1 0.9056955585701416 0.6046875 0.1886088828597167 0.11875
1 0.1411328488229177 0.48671875 0.2375553109449909 0.1203125
1 0.3652432196968467 0.05234375 0.2851739393936934 0.1046875
1 0.652928005427067 0.1453125 0.2858290366347315 0.1171875
1 0.4046331840781681 0.61015625 0.28623847241038014 0.125
1 0.1572812285148156 0.7203125 0.23895403663473136 0.1171875
1 0.885391945386587 0.04921875 0.2239088907731742 0.0984375
1 0.13486515942922433 0.38203125 0.23615658525525038 0.1234375
1 0.9015569352098218 0.4765625 0.19688612958035634 0.11875
1 0.6890258734718615 0.71484375 0.2892815852552504 0.1234375
1 0.395738461667788 0.48515625 0.29068031094499086 0.1203125
1 0.409502147782121 0.71796875 0.27974281094499087 0.1203125
1 0.6704341672311405 0.375 0.28607469810012065 0.121875
1 0.3870041915413999 0.378125 0.29068031094499086 0.1203125
1 0.8900811063997208 0.14296875 0.2198377872005583 0.11875
1 0.8980119937241927 0.37265625 0.20397601255161463 0.121875
1 0.12547247003553097 0.27734375 0.22834408525525038 0.1234375
1 0.11830402193541031 0.15546875 0.2264540366347314 0.1171875
1 0.9100831654221182 0.7125 0.17983366915576368 0.11875
1 0.37184177973732646 0.1484375 0.2890359237898612 0.11875
1 0.37995525214770665 0.2734375 0.28919969810012064 0.121875
1 0.6626449214150119 0.27109375 0.28451219810012063 0.121875
1 0.8945694111824757 0.26953125 0.2108611776350485 0.11875
0 0.19851050033868428 0.225 0.050157130257724794 0.0328125
0 0.19565773801421238 0.1109375 0.04538774310259504 0.03125