1 0.1103066519659925 0.6117892946688659 0.1611632293077851 0.09829641066226813
1 0.2863059079588863 0.551114904460569 0.1941395036180446 0.10237615690134447
1 0.11135349558898588 0.5272551702956866 0.17226450361804463 0.1017396594086268
1 0.2797117492070305 0.6193791711536164 0.19602955223856364 0.10867162100796719
1 0.11457582937389825 0.8276188831486679 0.1472645036180446 0.10101223370266403
1 0.2714200508797672 0.9239901148062678 0.19430327792830412 0.10550115690134447
1 0.11779932666036479 0.754758044668866 0.16124511646291487 0.09985891066226812
1 0.11155704997525609 0.90438597162847 0.13336577792830412 0.10372805674305993
1 0.2738136312737776 0.7009246878466637 0.19570200361804463 0.10242162100796719
1 0.11415534825709081 0.6852267946688659 0.1613270036180446 0.10142141066226813
1 0.26494099954571476 0.8451520609662019 0.19405761646291486 0.10081365690134447
1 0.2774166660994867 0.7696746878466637 0.19249511646291487 0.10076819279472175