1 0.8070108664556205 0.07054320289035859 0.1516032670887589 0.14108640578071718
1 0.7313646941148699 0.2698789955141605 0.16085389812585582 0.2700804824490228
1 0.8815024010953566 0.05980427969167816 0.11199519780928675 0.11960855938335632
1 0.7070320030360079 0.7842142801538966 0.16416075455234652 0.2764214106622681
1 0.8035803941022348 0.7657932375966017 0.16103575455234642 0.2763304824490227
1 0.6356202851019545 0.28749605601814404 0.15777436223247854 0.27155205423577744
1 0.8443420672344081 0.25019932983732746 0.15929139812585583 0.27003501834240007
1 0.6951329920824412 0.07762592867546378 0.15035901583511765 0.15525185735092756
1 0.6097478260764037 0.8010955547645029 0.16112668276559178 0.2794554824490227
1 0.7690619562555708 0.5302792864221028 0.16250732633910125 0.2732509465556454
1 0.9088361954350184 0.7432158924528821 0.14541075455234634 0.27587584138279586
1 0.625945824427051 0.941910771378408 0.11877874373179384 0.05809730799670092
1 0.8828660434817317 0.5090143886919584 0.15933686223247853 0.27159751834240015
1 0.6732948151893441 0.5486775969260863 0.16411529044572398 0.27485891066226814
1 0.5771783331360327 0.5522548894833812 0.1561663981258558 0.2699440901291547
1 0.5098889154141356 0.9601188652684863 0.11234688730530315 0.05166545157021041
1 0.5429781440357276 0.30580343830888224 0.15938232633910127 0.27316001834240017
1 0.9418689704413359 0.4932469846936078 0.09353000580598766 0.26343802586424747
1 0.9232710492877194 0.24712214245288205 0.12165500580598768 0.26425637978345573
1 0.4967704529568656 0.8207752204413359 0.15800168276559196 0.2793645542357773
1 0.9568334262346884 0.7301104872008903 0.049961862232478185 0.2684150308788123
1 0.6035221536026392 0.08595290571421019 0.14608069279472174 0.17190581142842037
1 0.509499368962903 0.09673729301951331 0.152876262074194 0.19347458603902662
1 0.43138141448969874 0.33168763987909256 0.15929139812585577 0.27003501834240007
1 0.46243387153669246 0.579011269266837 0.1593823263391012 0.2731600183424
1 0.40056463816323296 0.10884131367134013 0.15029683135366606 0.21768262734268026
0 0.5467887688046185 0.14801367036219357 0.04359688730530316 0.049665030878812376
0 0.6503002137109113 0.1317317893250966 0.04529577962517113 0.05439799498543509