1 0.7908946736974831 0.058372571017297536 0.22133565260503385 0.09285352191409726
1 0.18266898904174525 0.2580830555993173 0.21908394789030416 0.11154897483619663
1 0.18391681182960554 0.34880351298564355 0.21752144789030417 0.11152170129724626
1 0.5751626658396003 0.02333154910320028 0.2121746683207995 0.030244427758295896
1 0.3721425196447071 0.08468428611755677 0.21901117328319836 0.10998647483619658
1 0.7940153655919312 0.1256691651730989 0.22228172249741007 0.11316602191409726
1 0.16760272291169478 0.044365428976111884 0.20970463978475232 0.044252380680395206
1 0.18850795843878337 0.43489101744987035 0.21581339867609245 0.10836942775829587
1 0.3847901071148758 0.33354452597128703 0.21574062406898661 0.10680692775829588
1 0.8058453157585468 0.37529701825735395 0.22242727171162152 0.11629102191409721
1 0.3733090674111768 0.026063262578606423 0.2002568651776464 0.04252623944669317
1 0.9417656991331583 0.3612499293765584 0.07020980024766885 0.0995829886359143
1 0.5873330260548479 0.06420201095375334 0.21588617328319834 0.1099319277582959
1 0.1697794989665427 0.0983534995929629 0.21901117328319836 0.10998647483619657
1 0.8072494580244985 0.2947873579489285 0.22057367328319835 0.11001374837514692
1 0.3858752640631359 0.41097009658813805 0.21922949710451595 0.11467397483619664
1 0.5906056135250166 0.31289860957378157 0.22057367328319835 0.11001374837514692
1 0.04408814019903705 0.2711716164769357 0.0881762803980741 0.10171823295387146
1 0.5970503585626179 0.3927633875769588 0.2224272717116218 0.11629102191409721
1 0.5962071042193917 0.2262071331127319 0.21581339867609248 0.10836942775829587
1 0.3921724216305685 0.24219282304918774 0.21581339867609248 0.1083694277582959
1 0.1686664551290145 0.17261315990138842 0.2221361732831983 0.11004102191409726
1 0.5919241726640257 0.15028951541798022 0.21581339867609248 0.10836942775829592
1 0.04673795120007305 0.35640968709378673 0.0934759024001461 0.09719437418757346
1 0.919565483250777 0.048890251211225415 0.0733690334984459 0.0668523092527653
1 0.3749721131107318 0.15823088027335813 0.21901117328319836 0.10998647483619654
1 0.9232127140203547 0.12166923213650196 0.07936647642635145 0.09505912986961632
1 0.04218319189444813 0.18516593262955985 0.08436638378889626 0.10158186525911969
1 0.0489339979330854 0.4322591209411626 0.0978679958661708 0.10201824188232518
1 0.8056761877606189 0.46286520210472987 0.22057367328319835 0.11001374837514692
1 0.797080399504662 0.21094814609837545 0.21581339867609248 0.10836942775829587
1 0.6055841424753486 0.4781378258885615 0.21581339867609248 0.10836942775829587
1 0.936956228702663 0.2798499249123315 0.06813787799792799 0.08861821509696392
1 0.19691546381546685 0.5061893189919979 0.21893839867609244 0.10842397483619663
1 0.03782533167920042 0.10536933847375848 0.07565066335840084 0.10448867694751698
1 0.39998695988652544 0.49409624228606697 0.22213617328319826 0.11004102191409722
1 0.051583808934121386 0.5174971915580135 0.10316761786824277 0.0974943831160271
1 0.9449933988854895 0.45982379707131005 0.07289815260503403 0.09026253571381489
1 0.9322559201828262 0.19610617044810466 0.0699187018192454 0.09333298863591426
0 0.32362566708245455 0.47165245210802514 0.03895549214211709 0.0319045649348082