1 0.29921875 0.546875 0.06796875 0.1578125
1 0.42421875 0.7125 0.0734375 0.16796875
1 0.221875 0.71328125 0.0734375 0.1734375
1 0.15078125 0.075 0.07109375 0.1453125
1 0.36640625 0.71875 0.06796875 0.165625
1 0.1046875 0.9859375 0.071875 0.02734375
1 0.16171875 0.7140625 0.06640625 0.171875
1 0.0265625 0.38671875 0.053125 0.1640625
1 0.3046875 0.98046875 0.071875 0.0390625
1 0.1 0.88359375 0.07109375 0.16640625
1 0.49453125 0.54921875 0.06953125 0.16796875
1 0.096875 0.54921875 0.0703125 0.16328125
1 0.42421875 0.225 0.06953125 0.16171875
1 0.42890625 0.55234375 0.06875 0.1625
1 0.3 0.71328125 0.06796875 0.16875
1 0.0296875 0.7125 0.059375 0.16796875
1 0.21953125 0.075 0.06875 0.1453125
1 0.30390625 0.884375 0.06953125 0.1609375
1 0.09921875 0.7203125 0.06953125 0.165625
1 0.0390625 0.9859375 0.071875 0.02734375
1 0.2234375 0.3828125 0.0671875 0.16484375
1 0.4265625 0.3828125 0.06875 0.1609375
1 0.1703125 0.984375 0.071875 0.03125
1 0.153125 0.3890625 0.06875 0.16484375
1 0.03125 0.8828125 0.0625 0.171875
1 0.028125 0.546875 0.05625 0.1640625
1 0.4328125 0.98203125 0.071875 0.0359375
1 0.221875 0.22421875 0.06796875 0.1609375
1 0.2265625 0.546875 0.06953125 0.15859375
1 0.371875 0.98203125 0.06875 0.0359375
1 0.49765625 0.71796875 0.0703125 0.1625
1 0.2296875 0.984375 0.071875 0.03125
1 0.153125 0.22734375 0.06953125 0.16171875
1 0.50078125 0.88359375 0.0671875 0.16796875
1 0.42890625 0.8828125 0.07421875 0.165625
1 0.35078125 0.228125 0.06796875 0.16171875
1 0.165625 0.884375 0.06796875 0.16484375
1 0.084375 0.07421875 0.0703125 0.1453125
1 0.36875 0.8828125 0.06796875 0.1609375
1 0.36328125 0.54453125 0.07578125 0.1640625
1 0.509375 0.98046875 0.06875 0.0390625
1 0.3546875 0.3828125 0.06796875 0.16328125
1 0.346875 0.07578125 0.06640625 0.14765625
1 0.025 0.225 0.05 0.16015625
1 0.29453125 0.39140625 0.0703125 0.16640625
1 0.09375 0.3890625 0.06796875 0.16328125
1 0.290625 0.22578125 0.07109375 0.1625
1 0.22578125 0.88515625 0.0734375 0.165625
1 0.28671875 0.07421875 0.065625 0.1453125
1 0.41953125 0.0765625 0.06953125 0.14765625
1 0.0875 0.22734375 0.0734375 0.1625
1 0.15859375 0.54453125 0.07109375 0.1625
1 0.0265625 0.071875 0.053125 0.14375
1 0.48828125 0.3828125 0.06484375 0.16484375
1 0.4765625 0.071875 0.065625 0.14375
1 0.48046875 0.22421875 0.06328125 0.1625