1 0.96875 0.85 0.0625 0.07421875
1 0.88515625 0.846875 0.11796875 0.075
1 0.53828125 0.75625 0.115625 0.07421875
1 0.6390625 0.96875 0.121875 0.0625
1 0.7609375 0.97265625 0.121875 0.0546875
1 0.40546875 0.89453125 0.128125 0.07734375
1 0.77109375 0.7703125 0.11640625 0.07578125
1 0.52578125 0.8984375 0.11953125 0.075
1 0.54765625 0.615625 0.11640625 0.0734375
1 0.18125 0.8109375 0.12109375 0.07421875
1 0.66328125 0.61875 0.12265625 0.07265625
1 0.0609375 0.946875 0.1140625 0.0734375
1 0.30625 0.7515625 0.1109375 0.071875
1 0.96875 0.7734375 0.0625 0.0703125
1 0.296875 0.81484375 0.1203125 0.07734375
1 0.7734375 0.69453125 0.1140625 0.07734375
1 0.965625 0.9765625 0.06875 0.046875
1 0.5203125 0.96640625 0.121875 0.0671875
1 0.20859375 0.60078125 0.11953125 0.06796875
1 0.8734375 0.97421875 0.121875 0.0515625
1 0.0578125 0.98984375 0.109375 0.0203125
1 0.76328125 0.9078125 0.12109375 0.07734375
1 0.646875 0.90078125 0.12109375 0.06953125
1 0.9671875 0.9125 0.065625 0.07421875
1 0.5578125 0.55234375 0.11484375 0.0703125
1 0.321875 0.60390625 0.1171875 0.0703125
1 0.971875 0.5640625 0.05625 0.07421875
1 0.89296875 0.6984375 0.1171875 0.06953125
1 0.07734375 0.671875 0.1484375 0.07421875
1 0.290625 0.88828125 0.11328125 0.075
1 0.4015625 0.9625 0.121875 0.07421875
1 0.8890625 0.77265625 0.115625 0.07578125
1 0.2828125 0.959375 0.11953125 0.07578125
1 0.67421875 0.55234375 0.11796875 0.06640625
1 0.77890625 0.55859375 0.11953125 0.06875
1 0.06171875 0.8796875 0.11640625 0.0734375
1 0.87890625 0.9125 0.11875 0.0765625
1 0.89765625 0.63125 0.11015625 0.071875
1 0.65703125 0.690625 0.1328125 0.07578125
1 0.078125 0.59921875 0.14296875 0.0671875
1 0.7765625 0.62890625 0.115625 0.06875
1 0.5296875 0.82421875 0.12109375 0.07421875
1 0.165625 0.98984375 0.1125 0.0203125
1 0.3140625 0.678125 0.10703125 0.07109375
1 0.975 0.634375 0.05 0.07421875
1 0.20390625 0.67421875 0.115625 0.07421875
1 0.16796875 0.95625 0.1171875 0.0734375
1 0.415625 0.81875 0.1234375 0.075
1 0.6578125 0.759375 0.13203125 0.0734375
1 0.42109375 0.7546875 0.12421875 0.0734375
1 0.42265625 0.68046875 0.1125 0.07109375
1 0.4453125 0.546875 0.1234375 0.0734375
1 0.39375 0.99609375 0.125 0.0078125
1 0.43828125 0.60859375 0.12109375 0.07421875
1 0.071875 0.74140625 0.13515625 0.075
1 0.975 0.69921875 0.05 0.0703125
1 0.21171875 0.5390625 0.11796875 0.0734375
1 0.65078125 0.83359375 0.1171875 0.075
1 0.89375 0.5640625 0.11171875 0.0703125
1 0.76640625 0.840625 0.125 0.07421875
1 0.275 0.99375 0.11875 0.01171875
1 0.171875 0.88203125 0.11796875 0.071875
1 0.07421875 0.53515625 0.1484375 0.0734375
1 0.3265625 0.53984375 0.115625 0.0703125
1 0.0640625 0.80703125 0.12734375 0.0734375
1 0.2 0.7453125 0.11796875 0.07421875
1 0.53828125 0.68671875 0.11484375 0.0671875
0 0.378125 0.6359375 0.03203125 0.02421875
0 0.3625 0.56328125 0.0234375 0.02734375
0 0.23359375 0.69765625 0.0171875 0.0171875
0 0.26953125 0.7015625 0.02109375 0.02265625
0 0.453125 0.846875 0.01953125 0.02421875
0 0.559375 0.98828125 0.03125 0.0234375
0 0.5109375 0.5703125 0.01875 0.02109375
0 0.96796875 0.72265625 0.02890625 0.02421875