1 0.1234375 0.0234375 0.071875 0.046875
1 0.20625 0.65 0.071875 0.1734375
1 0.46875 0.0234375 0.06875 0.046875
1 0.27109375 0.64921875 0.07265625 0.17421875
1 0.196875 0.025 0.06875 0.05
1 0.4046875 0.0234375 0.071875 0.046875
1 0.12578125 0.13515625 0.07109375 0.16640625
1 0.059375 0.0234375 0.06875 0.046875
1 0.2765625 0.95390625 0.0734375 0.09140625
1 0.009375 0.30859375 0.01875 0.171875
1 0.0078125 0.0234375 0.015625 0.046875
1 0.271875 0.0234375 0.075 0.046875
1 0.34375 0.8265625 0.071875 0.17109375
1 0.33125 0.0234375 0.06875 0.046875
1 0.06328125 0.30703125 0.06953125 0.16875
1 0.271875 0.82578125 0.0734375 0.16875
1 0.34296875 0.64921875 0.06953125 0.1734375
1 0.13046875 0.3078125 0.071875 0.1703125
1 0.203125 0.30625 0.07109375 0.171875
1 0.27578125 0.30703125 0.0703125 0.1734375
1 0.0625 0.13359375 0.07109375 0.165625
1 0.2046875 0.4734375 0.07265625 0.17265625
1 0.26796875 0.4734375 0.07109375 0.17109375
1 0.13046875 0.646875 0.07265625 0.17578125
1 0.0109375 0.66015625 0.021875 0.171875
1 0.20546875 0.821875 0.0703125 0.16953125
1 0.0125 0.1328125 0.025 0.171875
1 0.13203125 0.47421875 0.0703125 0.17265625
1 0.4046875 0.13359375 0.06953125 0.1703125
1 0.19296875 0.13515625 0.07421875 0.16875
1 0.3390625 0.48203125 0.0734375 0.17265625
1 0.0125 0.8203125 0.025 0.1796875
1 0.475 0.65 0.07109375 0.1765625
1 0.41015625 0.30625 0.0703125 0.17109375
1 0.41171875 0.6515625 0.06953125 0.175
1 0.0125 0.48046875 0.025 0.171875
1 0.06875 0.66015625 0.07734375 0.17265625
1 0.47578125 0.475 0.06953125 0.17265625
1 0.20390625 0.95546875 0.071875 0.08828125
1 0.471875 0.30234375 0.0703125 0.16875
1 0.3359375 0.3109375 0.0703125 0.175
1 0.41015625 0.47578125 0.06953125 0.1671875
1 0.1328125 0.821875 0.071875 0.17578125
1 0.47890625 0.953125 0.07265625 0.09375
1 0.065625 0.475 0.075 0.175
1 0.41640625 0.82421875 0.0703125 0.16875
1 0.2703125 0.13359375 0.0703125 0.165625
1 0.0125 0.9546875 0.025 0.08984375
1 0.06953125 0.82265625 0.07421875 0.1765625
1 0.47109375 0.13125 0.0703125 0.17421875
1 0.4765625 0.821875 0.06875 0.17109375
1 0.34453125 0.9546875 0.06953125 0.090625
1 0.134375 0.95625 0.07578125 0.0875
1 0.4171875 0.9515625 0.07421875 0.09609375
1 0.33515625 0.134375 0.06875 0.16953125
1 0.06796875 0.95625 0.071875 0.08671875
0 0.46015625 0.75546875 0.03125 0.03515625
0 0.0109375 0.2421875 0.021875 0.0390625
0 0.08359375 0.1109375 0.01875 0.02890625