0 0.0359375 0.890625 0.02109375 0.02421875
0 0.040625 0.59296875 0.025 0.0296875
0 0.06953125 0.44921875 0.03046875 0.04140625
1 0.315625 0.89609375 0.075 0.18203125
1 0.23984375 0.89609375 0.0796875 0.184375
1 0.16328125 0.8953125 0.078125 0.1875
1 0.09453125 0.8953125 0.078125 0.18515625
1 0.028125 0.8921875 0.05625 0.18359375
1 0.3140625 0.0390625 0.078125 0.078125
1 0.17265625 0.16328125 0.08125 0.1828125
1 0.315625 0.7109375 0.07578125 0.18515625
1 0.0296875 0.1578125 0.059375 0.18359375
1 0.028125 0.3453125 0.05625 0.18359375
1 0.3171875 0.34921875 0.075 0.17421875
1 0.3140625 0.16640625 0.078125 0.1890625
1 0.2390625 0.165625 0.0765625 0.184375
1 0.2421875 0.5296875 0.07734375 0.18359375
1 0.1703125 0.34609375 0.08125 0.18203125
1 0.0953125 0.16015625 0.078125 0.1859375
1 0.09453125 0.3453125 0.08125 0.184375
1 0.23671875 0.71171875 0.08046875 0.18359375
1 0.1703125 0.0390625 0.078125 0.078125
1 0.16796875 0.709375 0.08125 0.18359375
1 0.0265625 0.709375 0.053125 0.18359375
1 0.23828125 0.34765625 0.07890625 0.17578125
1 0.0296875 0.0375 0.059375 0.07421875
1 0.090625 0.709375 0.08046875 0.1828125
1 0.096875 0.03515625 0.08125 0.0703125
1 0.0953125 0.53046875 0.078125 0.18359375
1 0.0265625 0.52734375 0.053125 0.1796875
1 0.2390625 0.0390625 0.078125 0.078125
1 0.3171875 0.53046875 0.075 0.18515625
1 0.16875 0.5296875 0.08125 0.18203125