1 0.66328125 0.1802817924561464 0.2265625 0.12246080072118071
1 0.68359375 0.11044207114149363 0.2296875 0.12565853590354187
1 0.86640625 0.21782207930961878 0.2203125 0.1207528303564585
1 0.09765625 0.0866479744487848 0.0875 0.10047408510611118
1 0.67734375 0.0493591007767714 0.215625 0.06126872758291685
1 0.45546875 0.024663652829132326 0.2078125 0.03296188962701406
1 0.24140625 0.10952504283739603 0.2171875 0.12068009517409739
1 0.44375 0.14470339589527814 0.2234375 0.12082556553881965
1 0.25546875 0.054383601158021044 0.2203125 0.10200283035645852
1 0.45 0.06828636626000037 0.21875 0.12071646276527796
1 0.88984375 0.14102384317732714 0.21875 0.12071646276527796
1 0.88125 0.08457382142583407 0.20625 0.0563630220358335
1 0.109375 0.02988948138263898 0.0875 0.05672408510611119
1 0.990625 0.16368205280847306 0.01875 0.09418641109416667
1 0.98671875 0.2448411338305217 0.0265625 0.09749324905006948
1 0.98359375 0.20570589864816052 0.0328125 0.1913887194147917