1 0.03125 0.465625 0.0625 0.1625
1 0.0890625 0.628125 0.06953125 0.16953125
1 0.10625 0.13515625 0.0703125 0.165625
1 0.10078125 0.465625 0.0703125 0.16328125
1 0.10625 0.30234375 0.06796875 0.17109375
1 0.08671875 0.8015625 0.0671875 0.17265625
1 0.1140625 0.02734375 0.065625 0.0546875
1 0.034375 0.30078125 0.0671875 0.16953125
1 0.0421875 0.0296875 0.065625 0.05859375
1 0.0390625 0.13671875 0.0671875 0.16640625
1 0.0296875 0.63515625 0.05859375 0.16875
1 0.0265625 0.80078125 0.053125 0.171875
1 0.090625 0.94296875 0.06875 0.1140625
1 0.028125 0.9421875 0.05625 0.115625