1 0.6688375943353311 0.32707611265409664 0.14631522037968575 0.2578514804327085
1 0.6886885434232977 0.567791378421666 0.14150038638729717 0.2546173776591667
1 0.9212118137264337 0.08265853790031212 0.08570137254713259 0.16531707580062424
1 0.8076773294694025 0.7890279859448605 0.13981055239490833 0.25145601006798624
1 0.5820247079480341 0.5804206246219439 0.14787772037968594 0.257887848023889
1 0.7124775760093612 0.8076344752112841 0.13993788638729718 0.2545810100679862
1 0.6404101412930319 0.11358449563159698 0.14417971741393637 0.22716899126319395
1 0.557072423384804 0.34997071162791615 0.14956755437207453 0.26104921561506955
1 0.9067833329294436 0.7703305777004853 0.13218905338349138 0.2559616721120834
1 0.9577237504199296 0.7652423809871172 0.029926216425353404 0.2364102786853472
1 0.7813535458947556 0.5539269405420132 0.14319022037968593 0.2577787452503474
1 0.529967389810157 0.12192497891409704 0.14944022037968593 0.24384995782819407
1 0.9374894352478019 0.2849197545622214 0.09944022037968595 0.2567604526972918
1 0.8411741452473646 0.09250696979604134 0.14265170950527092 0.18501393959208268
1 0.7368540597721009 0.10386335030499971 0.14191688045579803 0.20772670060999943
1 0.9457980478719218 0.5407333434680547 0.07262305239490843 0.24989220364722228
1 0.4567686758562619 0.3405976712590621 0.13592154844057552 0.23263327488562507
1 0.6066586575302921 0.8186830376159717 0.14150038638729717 0.25461737765916687
1 0.7752785953239142 0.3199156164538188 0.14319022037968593 0.2577787452503474
1 0.5287989598880193 0.9672309468102773 0.10471667490485963 0.041462761017916704
1 0.4252480563120599 0.12386999183187483 0.14012888737588014 0.24773998366374966
1 0.5153333205721539 0.837979857904444 0.14319022037968576 0.25777874525034716
1 0.8653916007611218 0.29206141375652706 0.14188238836446346 0.2639923776591668
1 0.8881447153624078 0.5381726943417353 0.14325388737588013 0.25934124525034735
1 0.4799847054765761 0.59450326804868 0.14194605536065766 0.26555487765916685
0 0.48861553654039636 0.21029192220899265 0.04103617688202625 0.04934668977951393
0 0.5799408734985347 0.19099510192052033 0.03772017589344294 0.044586454597152825
0 0.721514266768733 0.2985322321451383 0.03947367688202626 0.04931032218833335