1 0.2765625 0.9390625 0.071875 0.12109375
1 0.0125 0.7796875 0.025 0.18359375
1 0.0125 0.93359375 0.025 0.1328125
1 0.28046875 0.78828125 0.06875 0.17578125
1 0.2125 0.78828125 0.0625 0.171875
1 0.065625 0.93359375 0.075 0.1328125
1 0.0140625 0.59375 0.028125 0.1875
1 0.1421875 0.440625 0.06328125 0.18203125
1 0.2859375 0.6109375 0.065625 0.1734375
1 0.01875 0.0859375 0.0375 0.171875
1 0.21875 0.0953125 0.071875 0.18984375
1 0.06640625 0.78515625 0.07265625 0.1796875
1 0.1375 0.6078125 0.07421875 0.17578125
1 0.015625 0.26171875 0.03125 0.1796875
1 0.140625 0.7796875 0.07265625 0.16484375
1 0.1328125 0.92578125 0.071875 0.1484375
1 0.28984375 0.440625 0.0578125 0.17578125
1 0.290625 0.0953125 0.065625 0.1859375
1 0.015625 0.43125 0.03125 0.16796875
1 0.075 0.26171875 0.0703125 0.18046875
1 0.0734375 0.60234375 0.07109375 0.178125
1 0.20625 0.93359375 0.0625 0.1328125
1 0.0765625 0.0921875 0.07109375 0.1796875
1 0.21328125 0.60703125 0.071875 0.178125
1 0.0734375 0.4375 0.06796875 0.17734375
1 0.14765625 0.09375 0.071875 0.17265625
1 0.14453125 0.26640625 0.07578125 0.1875
1 0.21796875 0.26953125 0.07734375 0.18359375
1 0.28515625 0.26875 0.0765625 0.18671875
1 0.2140625 0.44140625 0.08203125 0.1828125