1 0.9427334424256241 0.228125 0.09221581283893343 0.2734375
1 0.6048724324666751 0.8375 0.14854762607064967 0.2875
1 0.72819175779864 0.8171875 0.15009194535249043 0.284375
1 0.9674425509350766 0.49375 0.06511489812984692 0.275
1 0.8265156283101449 0.79765625 0.14385103571156996 0.2859375
1 0.622329517953981 0.078125 0.12590903590796182 0.15625
1 0.5036522408266177 0.090625 0.1291794816532356 0.18125
1 0.914344301131468 0.0484375 0.07868860226293606 0.096875
1 0.6508686501729507 0.28359375 0.1422339935570925 0.2765625
1 0.8670521863754999 0.2453125 0.14695785499341066 0.2828125
1 0.6875657160369458 0.5484375 0.1469578549934109 0.2828125
1 0.5681435503459011 0.5671875 0.14381467427525152 0.2796875
1 0.532227734481906 0.30234375 0.1437964935570923 0.2765625
1 0.9861885266363839 0.7609375 0.02762294672723229 0.275
1 0.8401755481064062 0.05703125 0.13035109621281213 0.1140625
1 0.722279520979043 0.06953125 0.132059041958086 0.1390625
1 0.9370015928931623 0.7765625 0.12599681421367528 0.284375
1 0.9093134510098313 0.5265625 0.15008285499341056 0.2828125
1 0.95652427341493 0.92578125 0.08695145317014016 0.0515625
1 0.7507595658639952 0.26484375 0.145368083916172 0.278125
1 0.790686170857406 0.54765625 0.14383285499341075 0.2828125