0 0.15390625 0.075 0.028125 0.0296875
0 0.50234375 0.12890625 0.02265625 0.02578125
0 0.57109375 0.12734375 0.02109375 0.02578125
0 0.446875 0.53984375 0.02265625 0.03359375
0 0.1 0.72265625 0.02109375 0.03359375
0 0.0171875 0.81171875 0.01640625 0.03359375
0 0.33046875 0.3609375 0.0359375 0.1765625
0 0.28203125 0.71171875 0.03125 0.17890625
0 0.33046875 0.71171875 0.0359375 0.1859375
0 0.565625 0.35625 0.0359375 0.175
0 0.08515625 0.24921875 0.0234375 0.03203125
1 0.19765625 0.70625 0.07109375 0.16875
1 0.26953125 0.88125 0.0703125 0.16796875
1 0.2703125 0.70546875 0.0703125 0.1703125
1 0.61875 0.70546875 0.07109375 0.17109375
1 0.33671875 0.70546875 0.07109375 0.17109375
1 0.5453125 0.3640625 0.0703125 0.16953125
1 0.54609375 0.70625 0.071875 0.1703125
1 0.5453125 0.884375 0.071875 0.16640625
1 0.61875 0.88359375 0.0703125 0.16796875
1 0.1984375 0.3625 0.07109375 0.16875
1 0.19765625 0.88125 0.06953125 0.16875
1 0.128125 0.8796875 0.071875 0.1671875
1 0.68515625 0.70546875 0.071875 0.17109375
1 0.684375 0.05078125 0.06875 0.1015625
1 0.61328125 0.36484375 0.0734375 0.17109375
1 0.4015625 0.88359375 0.07421875 0.1671875
1 0.471875 0.884375 0.0734375 0.1671875
1 0.19765625 0.5390625 0.07109375 0.16953125
1 0.4046875 0.05078125 0.071875 0.1015625
1 0.40078125 0.70546875 0.075 0.171875
1 0.12890625 0.36171875 0.07109375 0.16875
1 0.2 0.1875 0.0734375 0.1703125
1 0.2703125 0.3625 0.06875 0.16953125
1 0.471875 0.70625 0.07421875 0.17109375
1 0.1984375 0.0546875 0.071875 0.109375
1 0.12734375 0.5375 0.071875 0.16953125
1 0.1296875 0.05078125 0.071875 0.1015625
1 0.6125 0.5390625 0.0734375 0.1703125
1 0.5484375 0.18828125 0.07265625 0.17265625
1 0.33671875 0.8828125 0.0734375 0.1671875
1 0.409375 0.18828125 0.07265625 0.17265625
1 0.128125 0.18671875 0.07265625 0.16953125
1 0.6140625 0.1890625 0.0734375 0.1734375
1 0.68671875 0.8828125 0.07578125 0.16875
1 0.4015625 0.5375 0.07421875 0.16953125
1 0.2640625 0.5390625 0.07109375 0.17109375
1 0.4734375 0.18828125 0.071875 0.171875
1 0.68671875 0.1953125 0.07265625 0.17265625
1 0.5453125 0.0546875 0.071875 0.109375
1 0.33828125 0.1875 0.071875 0.171875
1 0.05703125 0.18671875 0.06953125 0.17109375
1 0.26796875 0.18828125 0.07109375 0.17265625
1 0.06171875 0.36015625 0.07109375 0.1703125
1 0.68515625 0.3625 0.07109375 0.17109375
1 0.12734375 0.70546875 0.071875 0.16953125
1 0.47265625 0.3640625 0.0734375 0.16953125
1 0.3359375 0.36328125 0.07265625 0.1703125
1 0.065625 0.053125 0.06875 0.10546875
1 0.68515625 0.53671875 0.071875 0.1703125
1 0.06171875 0.87890625 0.0703125 0.16953125
1 0.271875 0.05078125 0.06875 0.1015625
1 0.54765625 0.5390625 0.07265625 0.16953125
1 0.05390625 0.53671875 0.06953125 0.16953125
1 0.340625 0.05078125 0.075 0.1015625
1 0.4734375 0.0546875 0.071875 0.109375
1 0.05625 0.70390625 0.071875 0.17265625
1 0.40234375 0.36328125 0.07265625 0.16875
1 0.471875 0.5359375 0.0734375 0.16328125
1 0.61875 0.053125 0.06875 0.10546875
1 0.33671875 0.53671875 0.07265625 0.1703125
1 0.12890625 0.98203125 0.07265625 0.03359375
1 0.33671875 0.98515625 0.07265625 0.028125
1 0.015625 0.05078125 0.03125 0.1015625
1 0.05625 0.98203125 0.071875 0.034375
1 0.68515625 0.98515625 0.075 0.028125
1 0.26484375 0.984375 0.07109375 0.0296875
1 0.01328125 0.36015625 0.0265625 0.16953125
1 0.4015625 0.98515625 0.0734375 0.028125
1 0.0140625 0.1875 0.028125 0.171875
1 0.6125 0.98515625 0.07421875 0.02734375
1 0.01328125 0.87734375 0.0265625 0.17109375
1 0.20078125 0.98359375 0.07421875 0.03203125
1 0.54453125 0.984375 0.0703125 0.02890625
1 0.01328125 0.53671875 0.0265625 0.1703125
1 0.475 0.984375 0.0734375 0.028125
1 0.0109375 0.69921875 0.021875 0.171875
1 0.0140625 0.97890625 0.028125 0.0390625