1 0.896875 0.68984375 0.06953125 0.16953125
1 0.69609375 0.34375 0.071875 0.17265625
1 0.83125 0.69140625 0.071875 0.171875
1 0.9953125 0.86875 0.009375 0.16796875
1 0.89453125 0.859375 0.071875 0.178125
1 0.846875 0.0453125 0.06875 0.08984375
1 0.76875 0.05078125 0.06875 0.1015625
1 0.62578125 0.51953125 0.07109375 0.17421875
1 0.83046875 0.859375 0.071875 0.17734375
1 0.62421875 0.33828125 0.07109375 0.17421875
1 0.62109375 0.6875 0.07109375 0.17578125
1 0.68359375 0.85625 0.071875 0.17578125
1 0.7015625 0.17890625 0.071875 0.171875
1 0.971875 0.0484375 0.05625 0.096875
1 0.9 0.5203125 0.0734375 0.17265625
1 0.76796875 0.3484375 0.07109375 0.1765625
1 0.628125 0.175 0.0703125 0.16171875
1 0.9046875 0.35 0.06953125 0.17421875
1 0.6171875 0.8640625 0.071875 0.175
1 0.68984375 0.51875 0.071875 0.16875
1 0.96171875 0.70234375 0.07109375 0.17421875
1 0.9640625 0.8671875 0.071875 0.171875
1 0.6984375 0.0453125 0.071875 0.08984375
1 0.9078125 0.046875 0.071875 0.09375
1 0.8359375 0.51796875 0.0703125 0.171875
1 0.96875 0.5234375 0.0625 0.171875
1 0.6859375 0.684375 0.07109375 0.17109375
1 0.7578125 0.68671875 0.07109375 0.1703125
1 0.83828125 0.3515625 0.07265625 0.17734375
1 0.76328125 0.52109375 0.0734375 0.1671875
1 0.9671875 0.34765625 0.065625 0.171875
1 0.9703125 0.1859375 0.059375 0.16796875
1 0.75390625 0.86484375 0.06953125 0.175
1 0.7734375 0.1796875 0.06953125 0.17109375
1 0.84140625 0.18359375 0.07265625 0.16953125
1 0.90625 0.184375 0.06953125 0.16875
1 0.6375 0.0453125 0.06875 0.08984375
1 0.60859375 0.975 0.07109375 0.05
1 0.75234375 0.97578125 0.075 0.0484375
1 0.6796875 0.975 0.0765625 0.05
1 0.89140625 0.9765625 0.07109375 0.046875
1 0.8203125 0.9765625 0.06875 0.046875
1 0.99375 0.97265625 0.0125 0.046875
1 0.96328125 0.9765625 0.0734375 0.04609375
1 0.996875 0.97265625 0.00625 0.046875
0 0.7109375 0.45234375 0.02734375 0.03125
0 0.78046875 0.796875 0.025 0.034375
0 0.71796875 0.62734375 0.0265625 0.03359375