1 0.680610601824067 0.4751217959102769 0.24396485870696819 0.12309424403245295
1 0.6272402737259962 0.10525473858214025 0.23621602570316255 0.12456583736472582
1 0.618811008402957 0.03693473663272883 0.237622016805914 0.07386947326545766
1 0.9216255795809456 0.805861076543642 0.1567488408381088 0.12561926002545354
1 0.8479374342963999 0.0737667392186871 0.22658635771838503 0.11820674936345317
1 0.6672882480600146 0.37835588391154956 0.23940469269935694 0.12616470003181668
1 0.6548744782883512 0.2847058812460495 0.23627969269935695 0.12612833736472578
1 0.885552157376099 0.3585684532145509 0.22889568524780196 0.12614651869827123
1 0.8900851250185905 0.44676788721359645 0.21982974996281895 0.12618288136536218
1 0.9104360701894054 0.7145639145449147 0.17912785962118924 0.1211499360279987
1 0.8354255054372075 0.021572271284229533 0.22397601087441493 0.043144542568459066
1 0.8727649738397268 0.26106674454968715 0.23940469269935685 0.1261647000318167
1 0.9031846442959625 0.6302525492123238 0.19363071140807514 0.12752720536281678
1 0.7352569284392629 0.8379394219048681 0.24259335969555132 0.12776356269890748
1 0.6427790434976597 0.19886837858054943 0.23784219269935694 0.12614651869827126
1 0.8965553009120335 0.5326508432129601 0.20688939817593308 0.12294879336408951
1 0.8644802885547438 0.17284003855032354 0.2285308596955513 0.1275999306969986
1 0.6887997866147585 0.5610047519096405 0.24565469269935694 0.1262374253659985
1 0.719972826652377 0.7505757819064588 0.2457183596955513 0.1277999253659985
1 0.697148138895936 0.6507939579090042 0.25691052768032885 0.13417719470081657
0 0.5549076758934429 0.03731380792491255 0.06635451186299797 0.056995434675363235
0 0.8393926942194128 0.5162633218889596 0.058032675893442943 0.044404528007635946
0 0.861621815777962 0.6973405992202779 0.0535361768820259 0.04903748400699968
0 0.6307365717094612 0.7281655272517764 0.05666117688202608 0.04907384667409058
0 0.8602675628122126 0.6832871898870507 0.05647017589344294 0.04438634667409058
0 0.6270385687437117 0.7141393899188675 0.054780341901054186 0.041243165340545215
0 0.5597383918245045 0.2709621019255489 0.0440975098858317 0.04736589600572696