1 0.81171875 0.1 0.12578125 0.0765625
1 0.6859375 0.0296875 0.121875 0.05859375
1 0.5671875 0.02734375 0.121875 0.0546875
1 0.446875 0.025 0.125 0.05
1 0.93125 0.03125 0.125 0.0625
1 0.565625 0.09296875 0.1234375 0.07421875
1 0.8125 0.0296875 0.125 0.05859375
1 0.6828125 0.09609375 0.12421875 0.078125
1 0.1 0.021875 0.125 0.04296875
1 0.2140625 0.08203125 0.12578125 0.075
1 0.328125 0.0234375 0.11875 0.046875
1 0.2203125 0.021875 0.121875 0.04296875
1 0.9953125 0.0328125 0.009375 0.065625
1 0.45 0.08828125 0.12109375 0.07734375
1 0.928125 0.10078125 0.12265625 0.0734375
1 0.33125 0.084375 0.12265625 0.07734375
1 0.09375 0.0796875 0.1234375 0.07109375
1 0.99375 0.1015625 0.0125 0.0703125
1 0.01875 0.01953125 0.0375 0.0390625
1 0.01640625 0.07421875 0.0328125 0.0828125
0 0.7359375 0.04609375 0.0203125 0.03046875