1 0.1534151435619125 0.265830875042409 0.1730605324841376 0.1293303798517325
1 0.2779861015439461 0.08088793456838862 0.1630307680561673 0.11025299763774729
1 0.0414037607997732 0.19215278366526395 0.0828075215995464 0.11555556733052792
1 0.2866220023622527 0.16957841233587004 0.16664684137714508 0.12442462504240899
1 0.14461555163661327 0.1818278972749276 0.16820934137714505 0.12447918874473984
1 0.2970659398410482 0.2512922038056823 0.1697718413771451 0.1245337524470707
1 0.0378893803998866 0.1115203425582714 0.0757787607997732 0.08866568511654278
1 0.31432287251052027 0.3395015319359834 0.17144346878180672 0.12771331614940157
1 0.13341764600898323 0.09930557395394989 0.16442957694917473 0.10562006134007815
1 0.42007439782308176 0.06629469962933107 0.16922620435383653 0.10890875244707073
1 0.852361108167368 0.051666781472647284 0.142152783665264 0.04866073320977702
1 0.582708317878682 0.13533242022523634 0.16810021397248337 0.12135418874473984
1 0.7145337259533828 0.056240175667531964 0.16155754809323425 0.0680654976377473
1 0.43342508049255385 0.15436761850380507 0.17284227767481414 0.12308037985173241
1 0.4484473905666876 0.2393701010806099 0.1683184687818068 0.12760418874473983
1 0.5735540618882323 0.06148569245775494 0.1622668762235353 0.0883779976377473
1 0.752279229496762 0.2969123048862922 0.1682093413771451 0.12447918874473984
1 0.7411086057202974 0.2136087315653145 0.16826390507947586 0.12604168874473984
1 0.461098668789656 0.32507198810391846 0.16346727767481414 0.12275299763774736
1 0.1635589806778883 0.35613841651222133 0.17133434137714504 0.12458831614940155
1 0.8660763785857881 0.10689991849595584 0.1463343413771451 0.12371529691210789
1 0.05162944346924527 0.3691790751350762 0.10325888693849054 0.11960815027015244
1 0.04866070009266723 0.27135913402808365 0.09732140018533446 0.1208432680561673
1 0.5950867775899962 0.22884680724854492 0.16815477767481415 0.12291668874473985
1 0.889379925413078 0.2907491288402421 0.14935021397248321 0.12069942431676957
1 0.8791815245947714 0.2020040873704298 0.14460815027015245 0.11897323320977707
1 0.7286755823066524 0.12165684454200595 0.16497521397248338 0.12124506134007813
1 0.6085193058129645 0.3145759761230189 0.16971727767481415 0.1229712524470707
0 0.35729411171074704 0.2737326881965857 0.04204365626060227 0.04204365626060227
0 0.3816468148834572 0.09154767077339053 0.037410719962933124 0.04344246515360968
0 0.6867683353018773 0.1569569382814037 0.030887901451278843 0.03541171034428627