0 0.06326622616121463 0.7731289486721401 0.031868249050069464 0.026744307181592396
0 0.19268162243774242 0.7520039032962086 0.03815461664124999 0.028343168617910842
0 0.20815984565225626 0.8255413972460843 0.033467116641249996 0.028315897540672097
0 0.21731533368440897 0.9021675297596417 0.04447735182361114 0.031504530054229464
0 0.09798214580475612 0.9932641866700876 0.03938980832062502 0.013471626659824664
0 0.39015538127145766 0.7945646288993201 0.03666485182361114 0.03145907825883114
0 0.4154612397445826 0.9494203005422929 0.04291485182361114 0.03149543969514994
0 0.5815441006862494 0.7628611527070334 0.03975348423243048 0.02991475897699054
1 0.16607883558427003 0.9541562348746895 0.20683318787965285 0.09168753025062096
1 0.17469011616947833 0.9869914607723885 0.20843074905006947 0.026017078455222987
1 0.3556686656563881 0.9334453217177276 0.22438436379145843 0.10910333098930565
1 0.3571032258768742 0.9711124515990065 0.21075696846486114 0.057775096801987044
1 0.13290723214513828 0.7352476744716434 0.21384690729444453 0.1262271984757483
1 0.14992977156406181 0.8095755087805987 0.20901393692972237 0.11994992739850971
1 0.15361650959621453 0.8861698250373774 0.20123780452090284 0.1214669756031114
1 0.3243505029467008 0.7012004482793566 0.21689917211208343 0.12312037919390768
1 0.3327247409788535 0.7778220356133743 0.21682643692972228 0.11999537919390768
1 0.339518295215416 0.8552157825883121 0.21995143692972235 0.12001355991206672
1 0.4985153547703119 0.6709594781371943 0.2153003045209029 0.12154878883482798
1 0.5132123279848257 0.7444924269075301 0.21046733415618063 0.11527151775758906
1 0.5231308822213881 0.8219043546006274 0.2073787017473613 0.11681583703942984
1 0.5322500026623603 0.9000929871141846 0.21213893692972227 0.11996810811666876
1 0.5386805341974992 0.9575771924256241 0.21141158510611113 0.08484561514875182