1 0.5693457966524778 0.9747476507001803 0.16282725292686634 0.050504698599639394
1 0.729474775575239 0.9803896707113161 0.1549602107723885 0.039220658577367826
1 0.8770946641389206 0.9874760120544066 0.16269998789975162 0.02504797589118688
1 0.579070775477043 0.9185185687459964 0.16932269262201594 0.10040108402290784
1 0.4268452001450781 0.8964333887253154 0.16152837334017517 0.10343517735518085
1 0.2831633778381752 0.8830419560391345 0.15998405405833438 0.1065419960216353
1 0.7376008929634856 0.9313014741008591 0.16307269262201593 0.10032835868872639
1 0.8805060104499283 0.943902566120267 0.15213519262201558 0.10020108935390795
1 0.11871908275683127 0.9467579160168629 0.15983860831306052 0.0815419960216353
1 0.26865999542281377 0.9586595740372255 0.15043633723582167 0.07674540802036275
1 0.4131321580887962 0.9675976746896808 0.15977497579950323 0.06480465062063842
1 0.027069476585070095 0.9378454453373635 0.05413895317014019 0.07569089067472703
1 0.6615414879979474 0.038168544756495865 0.15343407220870695 0.05490677068745359
1 0.12569943676828343 0.015526097350408306 0.13610112646343314 0.0297067760184537
1 0.032034232536998435 0.8558687393379998 0.06406846507399687 0.10236247867599957
1 0.5264170542547262 0.031127109404814897 0.15341589149054774 0.051781770687453585
1 0.13323610071081218 0.8687965480187717 0.1802965540583344 0.10677835335772627
1 0.33034148497288535 0.02572035204486157 0.28931703005422926 0.04711354670590728
1 0.8091522862025494 0.0476991807765404 0.15343407220870695 0.05490677068745359
1 0.9411108133299123 0.06173550346113048 0.11756020472226467 0.06542610001590836
0 0.055283296652477776 0.9725840720082723 0.040688632513557324 0.011410214672181595
0 0.9380957966524779 0.980776845062838 0.03618293969514994 0.03844630987432396