0 0.9104147424005558 0.2599536063976912 0.03811824905006951 0.028527791723113972
0 0.5472088404244447 0.37825106851976437 0.03183188145888884 0.026637743102595035
0 0.7394866061920142 0.3586766321782887 0.03183188145888884 0.026637743102595035
0 0.36425152327010446 0.39597307779201857 0.028634146276527873 0.023348968792335435
0 0.8803064022604514 0.10621777476048541 0.026926175911805572 0.017017081637205778
0 0.6087093848773615 0.37211061114738964 0.03023301386770836 0.024993355947465278
0 0.5312552256830557 0.2962640841235966 0.03019664627652787 0.02343085594746528
0 0.346117812689028 0.32089451266315616 0.03005117591180557 0.017180855947465278
0 0.01968194604777801 0.2756960408186029 0.02714438145888891 0.026392081637205765
0 0.32138730357097234 0.1635390360689045 0.026998911094166723 0.020142081637205766
0 0.7235511752462156 0.277470897782121 0.025509146276527873 0.02318519448207601
0 0.7124850822563196 0.20432332485134247 0.03179551386770836 0.025075243102595034
1 0.6532743896270141 0.24179566937884706 0.19622299620027786 0.11640400723608924
1 0.4210216680280208 0.05249639472990325 0.19516833605604167 0.07109150723608923
1 0.6224393508736806 0.09036264416407637 0.20559799620027802 0.11689533016686775
1 0.24713153276940983 0.12453408977780618 0.19934799620027785 0.11656778154634875
1 0.4520742591180557 0.17975161352223878 0.19615026101791672 0.11327900723608923
1 0.47109832247267375 0.25955862222866605 0.19774912860909732 0.11492339439121899
1 0.23332229948690975 0.06762899253676816 0.18913654160312507 0.08013895861557022
1 0.8149898735751041 0.08250695782260072 0.19560474715020826 0.08984150723608923
1 0.6350315762723959 0.16202960424998464 0.20399912860909736 0.11525094301173797
1 0.8273093420399654 0.14245516790850898 0.20243662860909736 0.11516905585660822
1 0.6089392421162152 0.04673879692303835 0.19600348423243047 0.03992339439121899
1 0.48465363582729193 0.3390790258921392 0.19622299620027786 0.11640400723608924
1 0.263684559554896 0.19874951775153882 0.19618662860909727 0.11484150723608924
1 0.8392839715989933 0.22111243441685238 0.19778549620027794 0.116485894391219
1 0.4363934013105209 0.10948337912607102 0.2024002610179167 0.11360655585660825
1 0.016050412612778103 0.3878684921980839 0.01602634992375007 0.08511198439616781
1 0.09579050436840301 0.29373006784239586 0.18052526101791674 0.11246013568479167
1 0.08061683320625013 0.14467841417892272 0.15708776101791674 0.11123182835784542
1 0.2850341891139238 0.27789810719066066 0.19934799620027785 0.11656778154634875
1 0.2947196200597225 0.3587762929663095 0.19934799620027785 0.11656778154634875
1 0.09415396276527796 0.22341756784239583 0.18059799620027786 0.1155851356847917
1 0.6668297029816321 0.3213160730423202 0.20247299620027787 0.11673155585660826
1 0.0738206661281598 0.08736055913596859 0.14545927678548615 0.08097111827193718
1 0.11174411910979196 0.37571705223856366 0.19934799620027785 0.11656778154634875
1 0.02106652735416706 0.4692822665083433 0.022203614741388954 0.08231453301668665
1 0.12915113107763926 0.4530984237898611 0.19618662860909733 0.11484150723608924
1 0.3065124116628476 0.4296210594746529 0.19462412860909736 0.11475962008095948
1 0.6841276121759379 0.3940099445936177 0.19615026101791672 0.11327900723608923
1 0.49960779502159747 0.4116500667107421 0.1945877610179167 0.11319712008095947
1 0.9525119766329861 0.29181111600862963 0.056796820288472105 0.09349105042954128
1 0.9420998470739583 0.213235736655416 0.05054682028847211 0.09316350180902229
1 0.8567091673624307 0.2992750559681499 0.19295252583555572 0.10999023292582973
1 0.9170972342324305 0.07771431648359947 0.04981946846486096 0.06191350180902231
1 0.9293439675149306 0.13453752656950774 0.050364982332569495 0.0853510018090223
1 0.8693195765567363 0.37172326605405814 0.196295731382639 0.11952900723608924
1 0.9690650034184725 0.3660265439823623 0.047421820288472104 0.09299972749876276