1 0.7057389991162373 0.5917662594286774 0.11675220452587265 0.19509541868236296
1 0.9901397075509347 0.47400878413426656 0.01972058489813051 0.18462953866963616
1 0.8685783249391814 0.24915314011772188 0.11830561416679294 0.19355110001590833
1 0.9525942557555366 0.4626349321291759 0.0948114884889268 0.19487724267981754
1 0.9177713665044841 0.6481360801240852 0.11991356596219091 0.2013817813494537
1 0.9274559595940381 0.8357360774585851 0.0713942527304745 0.1867556600095451
1 0.7903351502711464 0.2279315734404496 0.11207379488495235 0.19660337468172656
1 0.9691893911468622 0.6573479954646303 0.06162121770627564 0.1851204346753633
1 0.7687309202682308 0.9408095500477252 0.12104881908544911 0.11838089990454961
1 0.8351871672431687 0.949803289385725 0.1162613251355733 0.10039342122855004
1 0.8797224415418615 0.821900296785449 0.11832379488495234 0.19667610001590824
1 0.8891706852953455 0.9635481633911336 0.06454428903121964 0.07290367321773275
1 0.6637883693331543 0.7662662727561778 0.11519879488495235 0.19663973734881743
1 0.6217650166774347 0.924339118037862 0.11810562626704132 0.1513217639242761
1 0.7492021319243822 0.40869067743472265 0.11831470452587248 0.19511360001590833
1 0.5965599627172962 0.7584532254137235 0.11677038524403187 0.19822041868236298
1 0.5482638841638774 0.9129743566995441 0.11823289129415607 0.17405128660091193
1 0.8258691710537978 0.42755031277844935 0.11360902380771343 0.19193405601527208
1 0.6756510024358869 0.3883049047580867 0.11206470452587265 0.19504087468172654
1 0.7269539063212707 0.2100077294318591 0.11677038524403187 0.1982204186823629
1 0.8232380329810954 0.10957247211167669 0.08645565046753836 0.09006247334499946
1 0.9731607649289188 0.28319288013203936 0.053678470142162385 0.1975113466740906
1 0.6384787762436004 0.5784844620862233 0.1152169756031114 0.19976473734881744
1 0.7839639930661131 0.6098628261059497 0.11831470452587248 0.19511360001590833
1 0.8481310321955287 0.6285770107813129 0.1293067466803503 0.2046158693507266
1 0.9421158188890573 0.2671951627943578 0.11520788524403187 0.19820223734881745
1 0.9658840752337692 0.1409235641310849 0.06823184953246156 0.08204997867599957
1 0.8069707427715255 0.8046486147755859 0.11677038524403187 0.19822041868236298
1 0.8908038246445938 0.44392983812058534 0.11360902380771343 0.19193405601527208
1 0.895980641392352 0.12526165412153986 0.0879999697493787 0.08695565467854491
1 0.7606153131335207 0.08775146876985888 0.08639201795398108 0.07912497334499946
1 0.6983820588319124 0.934168651376498 0.114871541958086 0.131662697247004
1 0.7412321132830302 0.7843537487666772 0.11518970452587247 0.19507723734881743
0 0.9245237979100143 0.19746391812535785 0.033076120413308985 0.04569430800445433
0 0.5393428812370111 0.8601242660725422 0.03617384933607006 0.04104317067154497