1 0.91875 0.9375 0.06875 0.125
1 0.9171875 0.790625 0.065625 0.16171875
1 0.4515625 0.9375 0.071875 0.125
1 0.45 0.6234375 0.07109375 0.1609375
1 0.65625 0.79140625 0.071875 0.165625
1 0.2375 0.93359375 0.075 0.1328125
1 0.31875 0.93359375 0.08125 0.1328125
1 0.4484375 0.7875 0.06953125 0.1671875
1 0.8546875 0.9390625 0.065625 0.12109375
1 0.85390625 0.78984375 0.06796875 0.1625
1 0.5234375 0.9375 0.071875 0.125
1 0.71875 0.93515625 0.06875 0.1296875
1 0.175 0.7859375 0.071875 0.16484375
1 0.384375 0.62265625 0.0703125 0.16015625
1 0.584375 0.9390625 0.06875 0.12109375
1 0.3765625 0.93359375 0.071875 0.1328125
1 0.16875 0.93515625 0.075 0.1296875
1 0.52265625 0.78671875 0.06640625 0.165625
1 0.240625 0.7875 0.06953125 0.16328125
1 0.7875 0.9390625 0.06875 0.12109375
1 0.1734375 0.6171875 0.07265625 0.16953125
1 0.3125 0.6234375 0.0734375 0.1625
1 0.384375 0.7875 0.0703125 0.16640625
1 0.78359375 0.784375 0.0703125 0.16875
1 0.8546875 0.62734375 0.06796875 0.16328125
1 0.65078125 0.6265625 0.0671875 0.16171875
1 0.725 0.784375 0.06484375 0.16953125
1 0.7828125 0.6265625 0.06796875 0.1609375
1 0.58125 0.62578125 0.06953125 0.16171875
1 0.653125 0.9390625 0.06875 0.12109375
1 0.51953125 0.625 0.0671875 0.16171875
1 0.71484375 0.62734375 0.06875 0.16171875
1 0.58125 0.78359375 0.0703125 0.16953125
1 0.31328125 0.78671875 0.06875 0.16328125
1 0.240625 0.62578125 0.06328125 0.15859375
1 0.91484375 0.6328125 0.06640625 0.159375
0 0.40703125 0.8953125 0.028125 0.034375
0 0.25703125 0.54609375 0.02109375 0.01875
0 0.24765625 0.5671875 0.025 0.0234375
0 0.22421875 0.61171875 0.02578125 0.0234375
0 0.25703125 0.66484375 0.02109375 0.0234375
0 0.875 0.728125 0.01875 0.02265625
0 0.6078125 0.8515625 0.02421875 0.02265625