1 0.90625 0.3390625 0.07265625 0.16796875
1 0.765625 0.9625 0.075 0.07421875
1 0.696875 0.83828125 0.07109375 0.16875
1 0.771875 0.840625 0.0703125 0.16875
1 0.96875 0.0453125 0.0625 0.08984375
1 0.90546875 0.1796875 0.071875 0.16484375
1 0.9703125 0.83203125 0.059375 0.171875
1 0.971875 0.95859375 0.05625 0.0828125
1 0.76953125 0.3421875 0.07109375 0.16875
1 0.771875 0.66875 0.0734375 0.1671875
1 0.7 0.34296875 0.07265625 0.1734375
1 0.77265625 0.046875 0.0703125 0.09296875
1 0.69765625 0.175 0.06953125 0.16484375
1 0.696875 0.50546875 0.06953125 0.16171875
1 0.90546875 0.840625 0.0703125 0.16953125
1 0.8421875 0.96484375 0.071875 0.0703125
1 0.77265625 0.17890625 0.06953125 0.165625
1 0.6953125 0.95859375 0.071875 0.0828125
1 0.90546875 0.6671875 0.0703125 0.16484375
1 0.96875 0.66796875 0.0625 0.1640625
1 0.84296875 0.6671875 0.0703125 0.165625
1 0.9703125 0.3359375 0.059375 0.1640625
1 0.9015625 0.046875 0.0703125 0.09296875
1 0.9046875 0.95859375 0.071875 0.0828125
1 0.84296875 0.840625 0.0703125 0.1734375
1 0.70078125 0.67109375 0.0734375 0.16875
1 0.84140625 0.18046875 0.07109375 0.1671875
1 0.765625 0.50546875 0.0765625 0.1625
1 0.9703125 0.50625 0.059375 0.16796875
1 0.84140625 0.04609375 0.07109375 0.0921875
1 0.83984375 0.334375 0.0734375 0.16953125
1 0.84375 0.50078125 0.06953125 0.16484375
1 0.9703125 0.178125 0.059375 0.16015625
1 0.90546875 0.50859375 0.0703125 0.16875
1 0.6984375 0.04765625 0.06953125 0.0953125
0 0.8625 0.28125 0.0296875 0.03203125
0 0.72890625 0.6109375 0.02109375 0.03203125
0 0.72421875 0.56015625 0.0203125 0.03359375
0 0.93359375 0.7734375 0.02421875 0.0296875