1 0.5386024932368226 0.733220948668037 0.2610658640197263 0.15588122136826907
1 0.30629907057609507 0.6799845662350726 0.25483404535327175 0.15718905338349137
1 0.08846032662318382 0.7154751027754691 0.17692065324636763 0.14970020555093821
1 0.29349853123014114 0.7724758137636147 0.25797722668681733 0.15887888737588013
1 0.5599240572485948 0.6473298696185641 0.265862452020999 0.16544722235685222
1 0.8007575952419133 0.7063851705305976 0.2690056333545446 0.16713705634924098
1 0.4794162078692333 0.9706984550566468 0.25397952267663587 0.058603089886706525
1 0.7818343252307774 0.787684250074362 0.26264654535327187 0.15750738836446346
1 0.09914383529600171 0.6252639382507327 0.19828767059200342 0.15052787650146532
1 0.7268179191995972 0.9976031477560034 0.25503294533736354 0.004793704487993012
1 0.5195428632240959 0.8262387782118015 0.2579408640197263 0.15575388737588014
1 0.24852074387336948 0.9433812213682689 0.2433692866804539 0.11143088441013091
1 0.32621267592300357 0.5807485701894054 0.25636018268618094 0.15412772037968575
1 0.5090042578771874 0.9228498747714446 0.25487040802036276 0.15430025045711063
1 0.11372450330204689 0.5398994412164821 0.22744900660409378 0.1579238824329643
1 0.7580235605506417 0.8859798286295433 0.25953972668681724 0.15894255437207433
1 0.25943151921550545 0.8789513068435326 0.2611022266868172 0.15900622136826917
1 0.0777313646165023 0.8134987673002054 0.1554627292330046 0.14887253460041103
1 0.07249842461013897 0.8867452663116223 0.14499684922027795 0.10786553262324468
1 0.7375196092059604 0.9509191487445868 0.2576863253500902 0.09816170251082638
1 0.93947464990455 0.7417390331918984 0.060684056015271895 0.11491934585538673
1 0.9013917525461874 0.9246496922794275 0.05439769334818116 0.11153967787060921