1 0.7591805990414825 0.19544097976207034 0.29477721057599665 0.19195728516439337
1 0.8744622489198456 0.6676701045927282 0.1962033551898025 0.16336089439121898
1 0.13806971008501748 0.4936980110812764 0.2713397105759968 0.1907289778374471
1 0.776563020880847 0.09402614145257256 0.2916340298578376 0.1880522829051451
1 0.681288444959707 0.5082109746736878 0.29634880093507654 0.19360167231952302
1 0.357878736917793 0.6642650593631112 0.29791130093507645 0.1936835594746528
1 0.12389410147736939 0.6093196890550091 0.24166130093507646 0.19073562188998175
1 0.9495732740041051 0.14790980325867573 0.10085345199178981 0.1568851650834339
1 0.6545764749157404 0.6182377498884584 0.2963578912941561 0.19516417231952304
1 0.9027081456844555 0.5575204986452629 0.19458370863108918 0.16336089439121898
1 0.1531492885402404 0.3991291395299789 0.2916613009350764 0.19335601085413384
1 0.2541653252337691 0.04162425599289381 0.2864556504675383 0.08324851198578762
1 0.38154297501393625 0.5676833084586 0.29949198165323565 0.19689044662978256
1 0.8186627425751336 0.8823777357549641 0.19618517447164335 0.160235894391219
1 0.525140900565734 0.013982855608781018 0.2690318011314681 0.027965711217562035
1 0.9334397347764936 0.24330086838753812 0.1331205304470128 0.16016729534115867
1 0.4090089239806639 0.4529280896662645 0.29949198165323565 0.19689044662978256
1 0.6978987071581513 0.4080914659672604 0.29633062021691714 0.1904766723195231
1 0.9557460059519283 0.08976975463815673 0.08850798809614346 0.09373006784239588
1 0.22868860226293633 0.08954497823393183 0.2853840298578376 0.17908995646786366
1 0.9137271984757482 0.4490529014042249 0.17254560304850344 0.1591713613745323
1 0.5246641775949012 0.06665415422930002 0.29307835518980246 0.13330830845860003
1 0.4648766080184729 0.24993920850402856 0.29166130093507636 0.19335601085413384
1 0.21208743042357164 0.1866014840574835 0.2963578912941561 0.19516417231952313
1 0.7269089754067197 0.2901293600197951 0.29634880093507654 0.19360167231952313
1 0.7762266775949012 0.04894049214231306 0.2787613251355733 0.09788098428462612
1 0.1775902314568439 0.3017251950479029 0.2932328912941561 0.1950003980092636
1 0.4498606620768073 0.3554455800553261 0.29951016237139483 0.20001544662978255
1 0.48688744252382 0.13781434475464716 0.29165221057599683 0.19179351085413385
1 0.6042320830324092 0.8303150260077402 0.3042067527304745 0.20182360809517172
1 0.6293860982559155 0.7211513879480992 0.29791130093507634 0.1936835594746528
1 0.92673119252382 0.350700610585622 0.14653761495235998 0.1530917797373265
1 0.3311849475919856 0.7774168345778818 0.3010453912941561 0.19540983378491247
1 0.8453519867214012 0.7684447105401935 0.19928290339440444 0.1557121687014785
1 0.11049065251064165 0.723337923451177 0.2135272105759968 0.18769915309764612
0 0.3227123547970191 0.39571313319840085 0.04397725897699045 0.041355340343632994