1 0.4158346326782267 0.0798369495251463 0.10041926535645343 0.1596738990502926
1 0.45602656472786085 0.4376648552393565 0.10703289202736244 0.20460859514371954
1 0.3872038393936791 0.43341527593075446 0.10701471069381689 0.20304609514371957
1 0.2610834980108177 0.07664140485628036 0.10341699602163539 0.15328280971256072
1 0.5460959393698165 0.2529512229486183 0.10539766669318062 0.19831313103709697
1 0.3392266793443631 0.07704457013740199 0.10032835868872621 0.15408914027480397
1 0.24584140070018026 0.23980533142017307 0.10227266669318062 0.19822220282385156
1 0.18290395401018136 0.07306777546853606 0.10018290802036271 0.14613555093707212
1 0.5350237213955881 0.44318141785491105 0.10383516669318063 0.1982676669304743
1 0.47100503270208927 0.247321000066507 0.09911130402608972 0.1950062746106062
1 0.16685333469922575 0.23507001880461847 0.10376244135899881 0.19201766693047428
1 0.04641356536440766 0.2276332550145649 0.05850448535963515 0.19538670783841655
1 0.30971463872531546 0.42316574920857714 0.10543402936027153 0.201438131037097
1 0.09650447203213489 0.23399090360263913 0.10221812269254427 0.1935347028238516
1 0.42829520011135847 0.8081281194251215 0.10383516669318063 0.1982676669304741
1 0.23076293539145185 0.4215554365930226 0.1054340293602715 0.201438131037097
1 0.1117920226766359 0.07255094992085773 0.10170904535327181 0.14510189984171545
1 0.08452373472308831 0.4133063305622432 0.10072834802672603 0.19973923871722898
1 0.15254702872372466 0.41601614192415665 0.10539766669318058 0.198313131037097
1 0.48463008601209034 0.08274298917944732 0.10051017202418074 0.16548597835889464
1 0.3255016286998621 0.23514291198241635 0.10539766669318062 0.198313131037097
1 0.44723446208622325 0.6223581039857152 0.10390789202736239 0.2045176669304743
1 0.4021732167011348 0.24229017075790496 0.103853348026726 0.19983016693047428
1 0.36826457741881424 0.6191852913701607 0.10230902936027145 0.20134720282385157
1 0.5230793467536323 0.6256218448145152 0.10381698535963509 0.1967051669304743
1 0.06250963800922685 0.06744591277383917 0.05314427601845369 0.13489182554767834
1 0.3539400901097677 0.7985689144896988 0.10541584802672599 0.199875631037097
1 0.07029924474854168 0.6012837036817814 0.1053976666931806 0.19831313103709683
1 0.026458338080814464 0.5947441986672165 0.04131698535963515 0.19488660266556704
1 0.032089078055361084 0.4070168781341031 0.05690562269254427 0.19221624373179386
1 0.29554469275140516 0.6158306223281154 0.10227266669318062 0.19822220282385156
1 0.14145662941595077 0.6046838368304494 0.10539766669318062 0.19831313103709683
1 0.12712305144013145 0.7832862099499875 0.10383516669318058 0.19826766693047446
1 0.2827736147755859 0.7943875313410309 0.10541584802672599 0.199875631037097
1 0.507964518777813 0.8042469499873647 0.10539766669318062 0.19831313103709683
1 0.21967253608367798 0.6102231314993153 0.10703289202736235 0.20460859514371954
1 0.20076963677590406 0.7991181469387215 0.10069198535963517 0.19661423871722886
1 0.5612198580124085 0.08396150254053597 0.099002216024817 0.16792300508107194
1 0.01848384810626784 0.7825397153602639 0.02096812269254426 0.19117056927947224
1 0.055302595440767786 0.790065058854631 0.09442380402608971 0.19486988229073815
1 0.11932073679181243 0.9187152445897236 0.08851815467854492 0.09004598997087002
1 0.4986542481301304 0.9444089487337234 0.08846361067790856 0.08535848997087
1 0.2741900501272669 0.9298392980340783 0.08851815467854482 0.09004598997087002
1 0.052060511457630645 0.9144202011744991 0.08379429201145401 0.08678459765100185
1 0.19675539345953963 0.924277271311901 0.09164315467854492 0.09013691818411544
1 0.4235633414624031 0.9387787258516122 0.08857269867918127 0.09473348997087001
1 0.34381220679499414 0.9356286452893687 0.08851815467854492 0.09004598997087002
0 0.42931916140195137 0.49314797710525343 0.031722714672181594 0.04153428213245362
0 0.4973515460693605 0.4966390384671667 0.025454533338636055 0.03978992570596276
0 0.29185388204167995 0.2986431223281153 0.0395715773392725 0.04488660266556703
0 0.15365280601527204 0.1080672496042886 0.042878390674726895 0.06060253087881238
0 0.2610066080919503 0.6699785647271257 0.033394302673454224 0.050954746239076344
0 0.47514347545349445 0.8716306782797524 0.03650112133990877 0.049483174452321775
0 0.09744518944935829 0.8521415100291299 0.031759077339272454 0.044659282132453626
0 0.036569682089404976 0.6577526640274804 0.04449543467536323 0.065335494985435
0 0.033897026058224596 0.42806516402748035 0.03969884667409057 0.05582410266556703