1 0.5375 0.78203125 0.078125 0.18828125
1 0.6984375 0.07421875 0.078125 0.1484375
1 0.9765625 0.078125 0.046875 0.15625
1 0.915625 0.078125 0.075 0.15625
1 0.55 0.23359375 0.07890625 0.1796875
1 0.5453125 0.4203125 0.07890625 0.1875
1 0.6296875 0.07421875 0.078125 0.1484375
1 0.8453125 0.240625 0.07734375 0.1796875
1 0.6140625 0.7828125 0.08046875 0.184375
1 0.76875 0.23671875 0.0765625 0.18046875
1 0.69375 0.2359375 0.07890625 0.1828125
1 0.85 0.0765625 0.075 0.15234375
1 0.540625 0.6046875 0.07890625 0.17890625
1 0.6125 0.9375 0.07734375 0.12421875
1 0.759375 0.78828125 0.0796875 0.18203125
1 0.7734375 0.07421875 0.078125 0.1484375
1 0.5515625 0.071875 0.078125 0.14375
1 0.91328125 0.24375 0.07734375 0.18046875
1 0.68671875 0.60546875 0.078125 0.18203125
1 0.6171875 0.60625 0.0796875 0.18359375
1 0.68984375 0.4203125 0.0765625 0.18359375
1 0.62578125 0.23359375 0.078125 0.1796875
1 0.6796875 0.9390625 0.078125 0.12109375
1 0.8421875 0.425 0.078125 0.1859375
1 0.75703125 0.94140625 0.0765625 0.1171875
1 0.8359375 0.7875 0.0796875 0.18046875
1 0.47421875 0.23203125 0.0765625 0.18125
1 0.9703125 0.94140625 0.059375 0.1171875
1 0.76328125 0.60703125 0.078125 0.1828125
1 0.68359375 0.784375 0.078125 0.1875
1 0.8390625 0.61015625 0.078125 0.18046875
1 0.975 0.2421875 0.05 0.1796875
1 0.90859375 0.60390625 0.07890625 0.17890625
1 0.9703125 0.7875 0.059375 0.18359375
1 0.9734375 0.42578125 0.053125 0.1796875
1 0.83359375 0.93984375 0.07578125 0.1203125
1 0.765625 0.421875 0.078125 0.18671875
1 0.91015625 0.42734375 0.078125 0.18203125
1 0.90546875 0.78671875 0.078125 0.17890625
1 0.46953125 0.41796875 0.078125 0.1859375
1 0.4609375 0.78359375 0.078125 0.1875
1 0.4828125 0.071875 0.078125 0.14375
1 0.621875 0.42109375 0.07734375 0.184375
1 0.971875 0.603125 0.05625 0.17578125
1 0.90546875 0.9390625 0.0765625 0.121875
1 0.46484375 0.60546875 0.07734375 0.18515625
1 0.53671875 0.9390625 0.075 0.121875
1 0.4609375 0.9390625 0.08125 0.121875
0 0.71640625 0.35078125 0.02734375 0.03125
0 0.56640625 0.4828125 0.028125 0.0359375
0 0.5640625 0.70703125 0.0234375 0.028125
0 0.459375 0.3828125 0.04140625 0.03046875
0 0.9359375 0.48984375 0.02421875 0.03046875
0 0.859375 0.8515625 0.025 0.03984375
0 0.934375 0.72890625 0.02421875 0.0375
0 0.78515625 0.6671875 0.03125 0.0359375
0 0.79765625 0.175 0.021875 0.0328125
0 0.6515625 0.16796875 0.02421875 0.03125