1 0.32734375 0.51328125 0.071875 0.16875
1 0.04765625 0.3421875 0.07421875 0.16875
1 0.24921875 0.1671875 0.071875 0.1671875
1 0.11953125 0.340625 0.0703125 0.16796875
1 0.1234375 0.51796875 0.07265625 0.17421875
1 0.05546875 0.68828125 0.07109375 0.1703125
1 0.32421875 0.165625 0.06640625 0.17109375
1 0.0078125 0.51171875 0.015625 0.171875
1 0.04765625 0.51796875 0.075 0.1703125
1 0.1890625 0.8546875 0.07421875 0.17421875
1 0.125 0.85625 0.0703125 0.1734375
1 0.121875 0.68515625 0.07265625 0.1703125
1 0.009375 0.1734375 0.01875 0.16796875
1 0.05078125 0.86484375 0.071875 0.1703125
1 0.3296875 0.68203125 0.07109375 0.16953125
1 0.3296875 0.85625 0.0703125 0.17265625
1 0.0078125 0.34375 0.015625 0.171875
1 0.32578125 0.33828125 0.07265625 0.16875
1 0.3921875 0.6890625 0.07109375 0.17109375
1 0.0078125 0.6859375 0.015625 0.16796875
1 0.40078125 0.853125 0.0703125 0.17421875
1 0.2515625 0.33828125 0.06953125 0.16640625
1 0.39609375 0.3359375 0.06640625 0.1703125
1 0.38515625 0.16328125 0.07109375 0.171875
1 0.00625 0.8578125 0.0125 0.17578125
1 0.3203125 0.04296875 0.065625 0.0859375
1 0.11796875 0.16875 0.07421875 0.171875
1 0.009375 0.04296875 0.01875 0.0859375
1 0.390625 0.51640625 0.06875 0.1734375
1 0.25234375 0.51328125 0.071875 0.16875
1 0.190625 0.51640625 0.08046875 0.175
1 0.1796875 0.1671875 0.0703125 0.17109375
1 0.04765625 0.175 0.07265625 0.16875
1 0.04375 0.04296875 0.06875 0.0859375
1 0.175 0.0390625 0.06875 0.078125
1 0.1921875 0.684375 0.071875 0.1703125
1 0.18984375 0.3390625 0.06953125 0.165625
1 0.1140625 0.0390625 0.071875 0.078125
1 0.25 0.040625 0.06875 0.08125
1 0.38125 0.0375 0.06875 0.07421875
1 0.3984375 0.96796875 0.06953125 0.0640625
1 0.25625 0.85625 0.06953125 0.17109375
1 0.25546875 0.68125 0.06953125 0.16953125
1 0.12421875 0.97578125 0.07265625 0.0484375
1 0.33046875 0.9703125 0.0734375 0.059375
1 0.19453125 0.9734375 0.0734375 0.053125
1 0.25703125 0.97109375 0.0734375 0.0578125
1 0.05625 0.97578125 0.07265625 0.0484375
1 0.009375 0.97421875 0.01875 0.0515625
1 0.08984375 0.97578125 0.146875 0.04765625
0 0.209375 0.1078125 0.02265625 0.0375
0 0.0703125 0.17578125 0.0234375 0.03671875
0 0.42265625 0.79375 0.028125 0.03125