1 0.2001236943940921 0.7701414193586806 0.2457136948044245 0.11533628803308922
1 0.8853032637931271 0.8241985934515854 0.22381142126547432 0.11351924936345306
1 0.663964051942574 0.807563434754905 0.23946369480442442 0.11526356269890776
1 0.6457067499934095 0.9654999200349984 0.2278716298696164 0.06900015993000323
1 0.430906090092021 0.7907919160566337 0.24253414772652385 0.11217492536599849
1 0.04741175161826251 0.7472749893379997 0.07055005357072244 0.10392497867599956
1 0.8677590279965866 0.9769197727164067 0.23689207386326183 0.04616045456718645
1 0.8774555819743461 0.9115895054503127 0.23008869480442443 0.11515447469763487
1 0.42057038229865773 0.9563510920194082 0.23751936525911965 0.08729781596118365
1 0.4238396582732401 0.8781919187221338 0.24105346834337485 0.1168442440324533
1 0.18671753367862948 0.9418255153564534 0.24379663879807004 0.09500560669954368
1 0.6530050068932682 0.8956992340865415 0.22378414772652383 0.11195674936345341
1 0.04581406979948155 0.8347386266709089 0.06430005357072244 0.10385225334181776
1 0.043598779214402625 0.9315681733370453 0.056051176947517004 0.07876134667409077
1 0.19461976257531113 0.8575596033577261 0.24889324188232517 0.1184976507001803
0 0.7967783262923034 0.9434565761059496 0.03330342370110593 0.028506808004454598