1 0.65703125 0.9515625 0.125 0.075
1 0.6484375 0.98984375 0.128125 0.0203125
1 0.7765625 0.99375 0.121875 0.01171875
1 0.4296875 0.871875 0.1390625 0.075
1 0.66484375 0.87734375 0.12734375 0.0734375
1 0.77890625 0.95546875 0.12265625 0.0734375
1 0.68125 0.115625 0.1125 0.0609375
1 0.540625 0.9421875 0.11328125 0.07734375
1 0.5265625 0.98828125 0.121875 0.0234375
1 0.896875 0.99375 0.13125 0.01171875
1 0.90390625 0.9609375 0.13203125 0.07734375
1 0.978125 0.99765625 0.04375 0.0046875
1 0.90234375 0.81640625 0.13046875 0.0765625
1 0.296875 0.98203125 0.125 0.0359375
1 0.5515625 0.80234375 0.11875 0.07265625
1 0.984375 0.89453125 0.03125 0.078125
1 0.55 0.871875 0.109375 0.075
1 0.90078125 0.05546875 0.11640625 0.059375
1 0.790625 0.1171875 0.11640625 0.06171875
1 0.7953125 0.05234375 0.1140625 0.06015625
1 0.42734375 0.8 0.14453125 0.075
1 0.978125 0.81875 0.04375 0.07421875
1 0.66484375 0.80546875 0.11796875 0.071875
1 0.571875 0.11171875 0.11796875 0.06015625
1 0.42109375 0.9375 0.1359375 0.0796875
1 0.7828125 0.80859375 0.12890625 0.07265625
1 0.89921875 0.1203125 0.11484375 0.06171875
1 0.4125 0.984375 0.125 0.03125
1 0.68515625 0.05 0.11015625 0.0578125
1 0.77890625 0.88046875 0.115625 0.0734375
1 0.98125 0.96484375 0.0375 0.0703125
1 0.9765625 0.12109375 0.046875 0.0625
1 0.90078125 0.88828125 0.1375 0.07421875
1 0.15390625 0.11015625 0.10859375 0.059375
1 0.978125 0.05625 0.04375 0.05859375
1 0.3109375 0.79375 0.10234375 0.06953125
1 0.3 0.93125 0.1109375 0.07578125
1 0.05703125 0.1109375 0.1046875 0.0609375
1 0.303125 0.86328125 0.1078125 0.078125
1 0.0609375 0.04921875 0.11328125 0.05625
1 0.165625 0.04921875 0.1109375 0.05546875
1 0.4703125 0.109375 0.10625 0.0609375
1 0.578125 0.05 0.11796875 0.0578125
1 0.265625 0.0828125 0.1140625 0.11171875
1 0.475 0.05078125 0.10859375 0.05859375
1 0.9765625 0.015625 0.046875 0.03125
1 0.3734375 0.046875 0.109375 0.05703125
1 0.27265625 0.0484375 0.1125 0.05625
1 0.371875 0.109375 0.0921875 0.0578125
0 0.8171875 0.91171875 0.03203125 0.03671875
0 0.96796875 0.915625 0.03203125 0.03046875
0 0.965625 0.98671875 0.028125 0.02578125