1 0.868938672788125 0.9662872485872056 0.2586007262518897 0.06742550282558887
1 0.28527151514973104 0.6812500331171097 0.2721619682887946 0.14828376569391466
1 0.8484294807371026 0.9129837381887365 0.27399748407380997 0.15302582939624543
1 0.941032336605824 0.5909500254821974 0.11793532678835206 0.12856648801910034
1 0.26027994944942007 0.5868179868379741 0.2722529735504664 0.14984626569391465
1 0.6240657885449057 0.9843105457309814 0.24960515785015538 0.03137890853803711
1 0.3575839438348124 0.9513566580747007 0.276318847270342 0.09728668385059862
1 0.514936628346263 0.6487277429132419 0.27234397881213823 0.15140876569391465
1 0.9816635838338137 0.88738108137998 0.03667283233237271 0.12632937622353566
1 0.9281459287556686 0.49840786141704696 0.14370814248866282 0.13240081614940155
1 0.5907758754330784 0.9351909994518458 0.27243498407380995 0.12961800109630844
1 0.10979337301400394 0.7070883029025576 0.10691639988706055 0.12224207694917481
1 0.772681238911959 0.6164063493513294 0.26747446828879456 0.148120074586922
1 0.9695584259836583 0.793303699165995 0.060883148032683465 0.1269841406515056
1 0.8249549124059555 0.8178250056119317 0.2739974840738101 0.1530258293962455
1 0.9937232390531332 0.9439584635939653 0.012553521893733688 0.05379961179556503
1 0.08705455205202114 0.6111756021769181 0.101955884102045 0.11739088584218216
1 0.7493431784733199 0.5235913667745246 0.2673834630271227 0.146557574586922
1 0.48851907053845983 0.5565848829317753 0.2642584630271227 0.14644844718226047
1 0.32922445442874326 0.8870560890148923 0.27721348933548196 0.15469745680090696
1 0.17696327539072604 0.9738020877489479 0.11256018415851474 0.052395824502104206
1 0.13239568608347896 0.8006572536281972 0.1098593893637168 0.11922620435383643
1 0.30782832558837014 0.7740377338427493 0.2739064788121383 0.15146332939624543
1 0.5658298123636033 0.8532168354715133 0.27243498407381017 0.15297126569391467
1 0.9541007549793232 0.6936484395473481 0.09179849004135363 0.1325446598887993
1 0.1616043149238521 0.9139484273119944 0.12106990514873237 0.12429565027015244
1 0.797581799350598 0.7092758956304651 0.2706904735504665 0.1497917019915839
1 0.538320191415738 0.7423239754900467 0.2706904735504665 0.1497917019915837