1 0.9309225846689051 0.20621362618945427 0.13127980416850207 0.32036781094499095
1 0.874823796657654 0.7854407807574386 0.1352034123358699 0.29873847241038015
1 0.8234100856803954 0.9402002018337662 0.08853671034428637 0.03427318068726635
1 0.9192930815888622 0.494576763344584 0.13391373084752445 0.3064690852552504
1 0.7341392545548693 0.9285024632537269 0.15062004809323426 0.07027927973732631
1 0.7974626884902858 0.7676601385139261 0.18703873084752426 0.3092532485296621
1 0.696019239578745 0.7472424971749249 0.18703873084752445 0.3092532485296619
1 0.7791963604448027 0.46448755088382654 0.187147858252186 0.3123782485296619
1 0.8565773490968753 0.19139420963568235 0.1889286130615094 0.3187101356847917
1 0.8906869319516819 0.48749792571448436 0.19188992195451676 0.3141864099950513
1 0.6259820141735162 0.9216936205352446 0.14680556733052796 0.09503361827193721
0 0.6818227864060349 0.9304644329505738 0.05536211179556503 0.06684666327441136