0 0.7166602591733822 0.06558026063013718 0.03455680718159222 0.032450401451278824
0 0.8882852742986926 0.10254700337374303 0.029832945745273776 0.026036710344286274
1 0.5876676507621258 0.08492551607243279 0.19445904800821018 0.12864089908902615
1 0.9304955001963917 0.09716753341080993 0.138045421544777 0.09855160580511532
1 0.5102319554096354 0.37194685563547925 0.1960215480082102 0.12869546279135696
1 0.12883352712736307 0.010562988567254617 0.03608294574527386 0.021125977134509234
1 0.4035562711754347 0.05486357087390699 0.20226245764913062 0.10972714174781398
1 0.32845069028432483 0.33533477695702396 0.19913745764913066 0.12724209019601868
1 0.9176409761922866 0.15854154302945678 0.16320904800821018 0.127549625042409
1 0.10903865671405415 0.05399304083684009 0.03797269867214013 0.08255952885594056
1 0.7553955062465159 0.12046616807186579 0.18976245764913066 0.12691470798203355
1 0.7377807593697738 0.1945038687975052 0.19288745764913068 0.12702383538669526
1 0.5677500605012421 0.1520138123515685 0.1960215480082102 0.12869546279135696
1 0.06911257260149047 0.2037946333951115 0.03638292759490127 0.0778174651536097
1 0.5254620456705191 0.30502225046333614 0.19916472872636942 0.1319295901960187
1 0.8718507114597596 0.37650285854588617 0.19915563836728972 0.1303670901960187
1 0.6986450156162898 0.3427156795046112 0.18975336729005096 0.12535220798203356
1 0.19049721409203824 0.14956594646447016 0.2038522287263694 0.13209328130301126
1 0.387544930914551 0.11300341997078234 0.1960215480082102 0.12869546279135696
1 0.6059681988685318 0.039489052817739644 0.18806360226293642 0.07897810563547929
1 0.4248590994342659 0.018544124957590995 0.2002818011314682 0.03708824991518199
1 0.16816315095851753 0.22923608829710215 0.2054147287263694 0.1321478450053421
1 0.22791137656162902 0.03448163820443491 0.200427246876742 0.06896327640886982
1 0.5462245184449601 0.226969172333035 0.1991465480082102 0.1288045901960187
1 0.14433931069763378 0.296460793832065 0.20227154800821018 0.1289137176006804
1 0.9070574793155448 0.23233370709460735 0.1835033672900508 0.12513395317271012
1 0.7745273013278599 0.05418640364389551 0.1833488311856975 0.09857145317271013
1 0.8519058501216371 0.4482786548250218 0.18974427693097135 0.12378970798203355
1 0.3452614612633679 0.26523060808255 0.1991556383672899 0.1303670901960187
1 0.0890801598373121 0.12811258711597578 0.03797269867214013 0.08255952885594055
1 0.3683585936787293 0.18865818439875262 0.1991556383672899 0.1303670901960187
1 0.20421480132785988 0.07410215499465789 0.20387040944452864 0.13521828130301125
1 0.7178540787498106 0.26315466507664087 0.19289654800821018 0.12858633538669526
1 0.977946175355406 0.399355026787388 0.03958065046753845 0.09042659255827142
1 0.6795223108940255 0.40743294393258145 0.19287836729005098 0.12546133538669527
1 0.04991259982704939 0.28179314782308174 0.04107951795398088 0.07954365626060227
1 0.9658047236582039 0.4724205045548694 0.06299087939029917 0.08655754809323427
1 0.8871262535160414 0.30176575337374306 0.1991465480082102 0.1288045901960187
1 0.9885251270526083 0.3263441127222374 0.01927724082661797 0.09127976442797028
1 0.9002978983262387 0.4543996800527653 0.09271474082661797 0.09384425843752062