0 0.9747420173383772 0.34296875 0.02825397477225664 0.0484375
0 0.8012549320364999 0.21015625 0.05637897477225664 0.0484375
0 0.6003174254130779 0.259375 0.06559028366526398 0.04375
1 0.8937202289486077 0.06796875 0.195277783665264 0.04375
1 0.8708382565386039 0.27578125 0.21319445916316004 0.109375
1 0.6781249668828903 0.24609375 0.1991319591631598 0.109375
1 0.8736755690598084 0.19453125 0.21179565027015243 0.1140625
1 0.8879042493670278 0.12265625 0.21486608656782166 0.1125
1 0.6919270612552602 0.1640625 0.20683533175849825 0.10625
1 0.5023933353018772 0.1328125 0.208452395460829 0.1078125
1 0.662814936212851 0.3265625 0.20354664065150557 0.1015625
1 0.969620496919957 0.28828125 0.04373513103285873 0.0890625
1 0.7080927529952249 0.03671875 0.19226191106992568 0.046875
1 0.9769270546318382 0.21328125 0.0341418762235353 0.0828125
1 0.8594071940173993 0.35703125 0.21621033175849824 0.10625
1 0.9644394343987525 0.36953125 0.04820437622353566 0.0828125
1 0.4908804272271764 0.21640625 0.2054910865678216 0.1125
1 0.5127157656090967 0.0609375 0.2116865228654909 0.1109375
1 0.13120781606458357 0.1578125 0.1820535865678216 0.1125
1 0.5134350174231951 0.01796875 0.19812996515360978 0.0359375
1 0.7015228052648104 0.090625 0.2085615228654909 0.1109375
1 0.4756249602594682 0.2953125 0.20047620435383653 0.103125
1 0.14939731007413376 0.084375 0.18345239546082906 0.1078125
1 0.12063984909687535 0.23671875 0.1927728317584982 0.10625
1 0.1590922578045483 0.03046875 0.17556548439090341 0.0609375
1 0.323472216334736 0.04375 0.21243056733052795 0.0875
1 0.31409472713450926 0.1109375 0.207271841377145 0.11875
1 0.3044444194226282 0.1859375 0.21363096878180682 0.121875
1 0.2924776435619125 0.26015625 0.20877977767481415 0.1171875