1 0.5190429003605904 0.10126176111482596 0.24833101006798622 0.13539721181534742
1 0.28528614941065983 0.1332793997919095 0.24833101006798622 0.13539721181534742
1 0.0809246513105209 0.08488218664538187 0.15981271751493062 0.08961062670923625
1 0.2787075346692709 0.05213850256545115 0.24600479065319458 0.10254834422416688
1 0.507940439779514 0.03453473489802067 0.23775587955902786 0.06906946979604134
1 0.0889566632783682 0.16129921628065963 0.17325827488562512 0.1305265674386807
1 0.7410445337193403 0.06820802574184001 0.24680487765916687 0.13641605148368002
1 0.5312357354667016 0.1885253717721523 0.24822190729444457 0.13070971181534743
1 0.09588077013597243 0.25728386350711796 0.18259690729444455 0.12918227298576407
1 0.9160640239356945 0.13188632675055478 0.10094686379145834 0.11010365824437507
1 0.7524924864166321 0.15679867382451326 0.25145601006798624 0.13546994699770853
1 0.8908795731382639 0.0011000665856593678 0.09113414627652787 0.0022001331713187356
1 0.9014547036472222 0.04908329830109339 0.10101959897381967 0.09816659660218678
1 0.2967341021079516 0.22212369424482614 0.24825827488562507 0.13227221181534743
1 0.7388631314588889 0.0178355845374303 0.24647626291777786 0.0356711690748606
0 0.49311683320625016 0.12922376016489542 0.06028418977951393 0.04044446846486114