1 0.10174239826180768 0.2580829361308042 0.09601462903138529 0.1853584899708701
1 0.1639022198068137 0.6211201452228619 0.09586907981717356 0.1822334899708702
1 0.09433458250326074 0.6183157424781526 0.09303517824559701 0.18839256175762475
1 0.17014779590444282 0.2694356247688908 0.09274407981717361 0.18214256175762475
1 0.09225631389201092 0.7914577257851052 0.09430657981717361 0.1821880258642473
1 0.38452701137253953 0.1149540279093115 0.09274407981717356 0.1821425617576248
1 0.383084443547078 0.28499374326957544 0.09259853060296193 0.1790175617576248
1 0.234985199542934 0.4554473326073073 0.09616017824559701 0.1884834899708702
1 0.09839272807898128 0.4374294553311341 0.0958690798171736 0.1822334899708702
1 0.23413559883819896 0.8057284774344579 0.09594185442427945 0.18379598997087002
1 0.04906039226595166 0.08178720909205775 0.05437078453190332 0.16230142319868043
1 0.24373084511865456 0.2746974377801568 0.09259853060296186 0.17901756175762476
1 0.3848480349461881 0.021340420229179556 0.07907106989237614 0.022585705331134055
1 0.17197135339082215 0.09082489146193823 0.09081770678164429 0.1742845976510021
1 0.45562518527491036 0.46888902164110535 0.09437935442427943 0.18375052586424748
1 0.2382665190210254 0.6264046902874393 0.09267130521006772 0.18058006175762475
1 0.10400260339082217 0.08884720282385158 0.09550520678164433 0.17442098997087013
1 0.31485463606069863 0.4616722520450641 0.09303517824559701 0.18839256175762475
1 0.44317461269193786 0.9509769613682308 0.07831339867609248 0.09804607726353823
1 0.37955283684648694 0.46043401246990534 0.09259853060296183 0.17901756175762476
1 0.31935577564056317 0.10603601748447025 0.09288962903138528 0.1852675617576248
1 0.37423405996306947 0.8152662649771877 0.09089048138875011 0.17584709765100195
1 0.311922342842343 0.6332290032987052 0.09437935442427943 0.18375052586424748
1 0.1676157630251694 0.449586126022532 0.09772267824559702 0.1885289540774929
1 0.3098076869275402 0.8055897366056579 0.09445212903138529 0.1853130258642473
1 0.15869895119556385 0.7941712003165692 0.09601462903138533 0.18535848997087018
1 0.044820310172466474 0.2587672462390763 0.05524407981717361 0.18105142319868045
1 0.041888016954110784 0.4303239974927175 0.051900755995856016 0.17627299498543506
1 0.45900047249741005 0.12258232297388887 0.09281685442427942 0.1837050617576248
1 0.04378877294996682 0.6051421410662268 0.03969185442427945 0.18215928213245364
1 0.23076450392443223 0.9343619427947217 0.08456339867609246 0.10700616943775679
1 0.458593865796819 0.29811352038746414 0.09281685442427942 0.18370506175762474
1 0.44997892265951656 0.8166900241483879 0.09103603060296184 0.17897209765100222
1 0.4531295396991898 0.6498207728947466 0.09147267824559702 0.18834709765100205
1 0.24023120181924557 0.09905258010002485 0.09913962903138532 0.1854494181841155
1 0.047615901981352134 0.7878182487463588 0.03031685442427946 0.1818864974927175
1 0.15398368010311464 0.9274467015702104 0.08456339867609244 0.10700616943775679
1 0.318204306243525 0.28232573284473417 0.09252575599585607 0.17745506175762477
1 0.09059326819245586 0.9232616552519918 0.08434507485477487 0.10231866943775678
1 0.3776928920565547 0.6382634957768578 0.0926713052100677 0.18058006175762492
1 0.45832192224974105 0.02425848324044557 0.07289384449948208 0.02396634890464333
1 0.3142444365177647 0.013044535431158905 0.07223887303552931 0.00990384890464333
1 0.24545804921421172 0.010262864739760937 0.07529109842842345 0.008432277117888696
1 0.30680046504930275 0.9420357019659218 0.08456339867609249 0.10700616943775679
1 0.3710085142635144 0.9459795728092868 0.08470894789030421 0.1080408543814265
1 0.04751535628179708 0.9196676423198682 0.013814251033457303 0.0955852846397363