1 0.15915644458504447 0.5652554285395596 0.09979460049533802 0.20162445499752552
1 0.4448009236974831 0.03392686341069713 0.08852315260503385 0.06785372682139426
1 0.19870717369748309 0.04039594866594753 0.09008565260503384 0.08079189733189505
1 0.369056061001036 0.035151848711376055 0.09001287799792798 0.07030369742275211
1 0.39776937262575374 0.763172870873929 0.09739734656639669 0.217085680687266
1 0.32049839723285956 0.7656637850528517 0.0973973465663966 0.217085680687266
1 0.09485215777682958 0.37301037483065785 0.09539819892376147 0.2076287935321363
1 0.14060107382582676 0.9301810656946893 0.09422949710451586 0.11560506784239592
1 0.10770968445085002 0.1806181569428335 0.09645127667402047 0.19677318068726612
1 0.34605078474130024 0.36763904285476784 0.09845042431665565 0.20623006784239584
1 0.4156418850317506 0.5635037415207153 0.09986737510244392 0.2031869549975255
1 0.08006825806727982 0.573296979873612 0.09659682588823218 0.199898180687266
1 0.4724140000045092 0.917467545229617 0.09422949710451593 0.11560506784239592
1 0.3918360880938504 0.9240284837187993 0.09088617328319834 0.11075379353213641
1 0.011836296528124571 0.9280088133198401 0.023672593056249143 0.12835737336031983
1 0.17357647125906495 0.3727813234966054 0.0968879243166556 0.20614818068726617
1 0.4225405101341944 0.36518907225340996 0.09688792431665565 0.2061481806872661
1 0.3298135469424094 0.5656637850528516 0.09674237510244392 0.203023180687266
1 0.3123305246116151 0.9242984786304167 0.09110449710451593 0.11544129353213606
1 0.0665750306074711 0.7626051413390013 0.10372012117350246 0.21897572930778503
1 0.1465343583577301 0.769325452849819 0.09888707195929075 0.21560506784239591
1 0.059423848432932636 0.9328766977614364 0.09110449710451587 0.11544129353213606
1 0.18661593445085006 0.17648285560878102 0.09696069892376143 0.20771068068726609
1 0.2340343583577301 0.7647397721625528 0.09576207195929073 0.21544129353213642
1 0.48519659801864795 0.7601496901866629 0.1007406703877141 0.2219369549975255
1 0.24629257154951517 0.5684822478522934 0.0965968258882322 0.199898180687266
1 0.027073960505697957 0.5769000146993211 0.054147921011395914 0.19932497060135787
1 0.4968918850317506 0.5592456094539683 0.09652405128112633 0.19833568068726598
1 0.017311508686452374 0.7709366197422752 0.03462301737290475 0.2175017605154496
1 0.5713524218399655 0.7509583966545266 0.09710624813797324 0.21083568068726616
1 0.4339083114153207 0.17131624152071537 0.10015847353086738 0.2094369549975256
1 0.22568454921872094 0.9272807157401178 0.08954199710451591 0.11535940637700648
1 0.5084052355270886 0.3622477787212736 0.0954709735308672 0.20919129353213634
1 0.5199185860224266 0.165249947988579 0.09645127667402047 0.19677318068726607
1 0.35745497332597953 0.1729849621220732 0.09703347353086737 0.20927318068726608
1 0.5290303744832714 0.03486138201097627 0.0903767510334573 0.06972276402195254
1 0.03530174131580223 0.3790390468114967 0.07060348263160446 0.2090275192218769
1 0.5804128604246447 0.5564271466545265 0.0950343258882322 0.19981629353213642
1 0.12296231100103601 0.04157999038906158 0.088450377997928 0.08315998077812316
1 0.5638566373080621 0.9118958966545264 0.0864897717116218 0.11675813206674732
1 0.25862355934840614 0.37066222354203393 0.09539819892376152 0.2076287935321363
1 0.5911085736164298 0.36025150949939677 0.09674237510244374 0.20302318068726616
1 0.271808571754403 0.17123875565420954 0.09688792431665565 0.20614818068726612
1 0.2822645363939301 0.03896624547744423 0.08859592721213971 0.07793249095488845
1 0.6037306598437442 0.15618148518913727 0.09674237510244392 0.20302318068726613
1 0.035780161393930136 0.18384937754419134 0.07156032278786027 0.19439180913596857
1 0.6055564871797184 0.03328671528786222 0.0935017510334573 0.06657343057572444
1 0.04331119830458892 0.042804975689740496 0.08212760339082216 0.08560995137948099
0 0.28804115405728514 0.8936183666900576 0.0346318651776464 0.0407821302577247
0 0.19741615405728513 0.898367821687583 0.028454639784752267 0.042017081637205675
0 0.62842890694826 0.044220395750015365 0.027037688998963992 0.04506019448207603
0 0.08587718652227386 0.9338283661242306 0.023621590570540585 0.03864642017181659
0 0.06898509305624914 0.8614553991409174 0.02765411910658786 0.024829581637205677