1 0.9450867444728864 0.4427247298695514 0.08407244355406326 0.17122156667727215
1 0.8485590071715763 0.14318890121741443 0.11074407095872507 0.1746556493475448
1 0.9412772421106336 0.2834588178708241 0.08552581614940138 0.16811474801081766
1 0.9356597030878919 0.13124233720564224 0.08774308057737201 0.1868829293443631
1 0.8630455707890888 0.4663264092139146 0.112579389470379 0.18248633068109027
1 0.8561110684268364 0.30709685988227814 0.10912700725639439 0.17307496801399935
1 0.9483878153467934 0.5941872325350515 0.06688494355406327 0.17102157200827223
1 0.8407961255905632 0.0352166006126843 0.09653274881887378 0.0704332012253686
1 0.9285143803998868 0.02842116060632096 0.08359623920022656 0.05684232121264192
1 0.9479190454765275 0.7417889385344152 0.05690974282842376 0.1537249840069997
1 0.9485316259690812 0.8807878038670062 0.04597224282842376 0.15359771467218158
1 0.8701536879421317 0.5982212992123237 0.10701887023308565 0.15743178668045382
1 0.8841144619039308 0.8916894885423694 0.10194942431676993 0.1464397426798179
1 0.9077429348620887 0.8859480185391877 0.12722224282842376 0.15454314401654443
1 0.883501881411377 0.7526906232097784 0.08859625244707062 0.16658861067790856