1 0.9139709278116666 0.0641192344275798 0.08768314437666688 0.07750052586424745
1 0.8459112588337152 0.06604779578949317 0.0988024823325695 0.08563127461060624
1 0.6962924653307291 0.07889347360702711 0.11366506933854179 0.12041545157021036
1 0.6127532667175 0.07411739390271369 0.09949346656499998 0.11531877461060622
1 0.8141968657882288 0.5889169944567096 0.09989481648875013 0.1996483105039836
1 0.9446513512549302 0.39179560503983546 0.09349934612402819 0.19321645407749283
1 0.8317623062333327 0.7747097419494271 0.10305618407993081 0.20130173871722884
1 0.6505701236720134 0.5990097453146396 0.10142094889756947 0.1981312746106063
1 0.748513395139166 0.791050144298425 0.10153005167111129 0.20281877461060632
1 0.7350905940367356 0.5952148070722643 0.10469141926229178 0.20447220282385176
1 0.7607743929549644 0.9357295291629526 0.09200827488562506 0.12854094167409472
1 0.9505889606779856 0.5733411217328829 0.07794708130638917 0.19588681301126593
1 0.7943967781166663 0.3983685508040581 0.10142094889756965 0.19813127461060623
1 0.640926286000451 0.40875681835503536 0.10770731648875013 0.199875631037097
1 0.6999778969421179 0.22284806208682922 0.10469141926229178 0.20447220282385156
1 0.6704247627303466 0.7872144389672909 0.10153005167111129 0.20281877461060632
1 0.8750837336637497 0.3913349522951262 0.1046186840799308 0.20134720282385157
1 0.713709822569583 0.40540214931299 0.1029107137152085 0.19505173871722886
1 0.9287938811745484 0.19979832165374062 0.09528005167111146 0.20263691818411553
1 0.8840554241088536 0.576877647201419 0.10458231648875013 0.19978470282385158
1 0.9644994582094437 0.9161651192256004 0.03266964247680555 0.1289888180258309
1 0.9585793793715964 0.7674548345858643 0.05309255167111147 0.20140938730530317
1 0.6170744779641665 0.2243447144358271 0.10621755167111128 0.20295516693047427
1 0.8446227160932285 0.9275308650689652 0.09208101006798622 0.13227895407749274
1 0.9284528554359021 0.9198069447732788 0.09219011284152785 0.13696645407749272
1 0.9106685562333328 0.7770056793338725 0.10629028685347244 0.2060801669304743
1 0.8505234108098263 0.20377511632260656 0.10301981648875014 0.19973923871722893
1 0.6942590401814228 0.9363259168972208 0.09208101006798622 0.1273481662055584
1 0.7792296390583331 0.2103002494712746 0.10458231648875013 0.19978470282385158
1 0.7644430532866319 0.07305866224511375 0.09611389342673622 0.10429034639736087
0 0.9516949061570827 0.6937672819994397 0.03539329255305575 0.04475021034569906
0 0.7360985413187846 0.14884827243252818 0.029070557370694416 0.04144335391920828
0 0.775026569435451 0.52523492768452 0.03212282218833344 0.03840928213245363