1 0.6382394443705317 0.9070273665412714 0.25390677088084707 0.14468905338349175
1 0.6361769746211529 0.8211535335374659 0.2570863130353249 0.15419138737588015
1 0.8418866191367627 0.8541875735379033 0.208621541958086 0.14753021049385423
1 0.15146615221605408 0.9174846358558245 0.2410886083130605 0.08949221741393601
1 0.40207923057308115 0.8783598329666245 0.2523897226762452 0.15243788638729683
1 0.1650923149802324 0.8419116328900749 0.26019313231716557 0.1511937213682689
1 0.41400199277152544 0.7786317469970695 0.249246541958086 0.14918555239490824
1 0.8313400045771863 0.9218207425112641 0.1958306504675381 0.09702087452429922
1 0.02505766743956045 0.8147973290494729 0.04127950585373248 0.11415534190105418
1 0.18172984825591554 0.7466800459319366 0.2617556323171656 0.15125738836446345
1 0.37279170637258435 0.9483195058943181 0.23480224687674206 0.0829875494291585
1 0.6111911310406194 0.9589227889746734 0.24237839754067209 0.04268088441013092
1 0.03154349589478339 0.7207608275665981 0.05534200585373248 0.11472834486680376
0 0.014456510725506308 0.8730554980228338 0.01894998789975159 0.03513900395433254