1 0.10078125 0.64765625 0.0703125 0.1703125
1 0.08828125 0.81875 0.06640625 0.16640625
1 0.11796875 0.3390625 0.06640625 0.15859375
1 0.03125 0.64765625 0.0625 0.1671875
1 0.04765625 0.3359375 0.06640625 0.1625
1 0.078125 0.946875 0.06875 0.10546875
1 0.02734375 0.809375 0.0546875 0.16640625
1 0.12421875 0.18671875 0.0703125 0.153125
1 0.10390625 0.49765625 0.06953125 0.1546875
1 0.071875 0.05546875 0.06875 0.1109375
1 0.0375 0.49375 0.06640625 0.1609375
1 0.13359375 0.05234375 0.0671875 0.1046875
1 0.05859375 0.184375 0.0671875 0.14765625
1 0.0234375 0.946875 0.046875 0.10546875
1 0.01171875 0.340625 0.02265625 0.17578125
1 0.015625 0.18515625 0.03125 0.13828125
1 0.01875 0.0625 0.0375 0.125