0 0.06351870202099903 0.15361019521146158 0.03791817067154524 0.036592064934808155
0 0.1995738333465903 0.09419251055330682 0.03312158267027256 0.027135244317957153
0 0.48923522266868175 0.010725445618498664 0.034720445337363515 0.021450891236997328
1 0.49868294800286356 0.017589100244881313 0.19424089600572714 0.035178200489762626
1 0.1285164460136812 0.09855845657554729 0.1947136106779086 0.08619441882984216
1 0.309184643340227 0.045394726057307856 0.19623974801081764 0.0830966923687925
1 0.49868294800286356 0.017589100244881313 0.19424089600572714 0.035178200489762626
1 0.1285164460136812 0.09855845657554729 0.1947136106779086 0.08619441882984216
1 0.309184643340227 0.045394726057307856 0.19623974801081764 0.0830966923687925
1 0.5547618673615442 0.1981713039810548 0.20617836935072642 0.13169783360249454
1 0.14794824602163537 0.1568249241081432 0.20605110001590837 0.12076033360249454
1 0.7589590186982713 0.21961210714803542 0.2170431440165448 0.12563874837514694
1 0.037519823360907825 0.2025113453736173 0.0716579186823629 0.11685230925276532
1 0.3733033293682257 0.2505674212687694 0.19831132535009016 0.12687396590774289
1 0.024347114019726366 0.14491703368522008 0.04622156667727224 0.07891593262955983
1 0.1903004727084526 0.30455331209543435 0.2029806440165447 0.12539328652459386
1 0.06033170938095236 0.3497994025977878 0.11382723734881747 0.11602619480442442
1 0.1667533373647258 0.22838627841021433 0.20764996268299923 0.12391260714144485
1 0.5155800940085905 0.059290517858555124 0.20614200668363553 0.11858103571711025
1 0.04776752737108918 0.27734770413991533 0.09033519334818113 0.11092959172016936
1 0.693396011338318 0.031604961446811256 0.21491702267663584 0.06320992289362251
1 0.7385459740213173 0.14417177638491468 0.21557155068427197 0.13342397483619658
1 0.0713243007240428 0.42149712459461053 0.13413973734881748 0.1163807508107789
1 0.5767101400381801 0.27124061120522525 0.20454314401654478 0.12542056006354424
1 0.22003397338477035 0.3751425016248531 0.20608746268299924 0.12388533360249454
1 0.3482027846912716 0.1752089111224997 0.2092670066836356 0.1286273806803952
1 0.8298238600015908 0.004941275570840516 0.1065227200031817 0.009882551141681031
1 0.535102800684272 0.1203735864484589 0.2045795066836355 0.1285455600635442
1 0.3294340560152721 0.1067725568204286 0.20764996268299923 0.12391260714144488
1 0.8701136000159083 0.10202341234361097 0.10739542401336308 0.10029210064862312
1 0.3936981927116343 0.3244452520318902 0.19511360001590833 0.12056941882984215
1 0.8482198713399087 0.04152365787608882 0.11206474267981754 0.08304731575217764
1 0.7158255420114539 0.07189735593021947 0.21717041335136286 0.13657624837514692
1 0.8889641446928624 0.17749101664568206 0.11211928668045416 0.10349892126547414