1 0.9192847073122283 0.17154650121122544 0.15972154002227157 0.16681712743398433
1 0.4493000186585004 0.06801102921769792 0.15452496268299926 0.12298530681713331
1 0.3202990305935943 0.5439814196406211 0.19442489871099794 0.3298898717519414
1 0.9783688059755011 0.19758289569133836 0.04089881468808976 0.1584943384737585
1 0.7970240679105951 0.6726396225594251 0.1944430800445435 0.3314523717519416
1 0.9399313726130025 0.4117993542954805 0.11457376670908914 0.3144364212654741
1 0.7961835619828189 0.14048564163414853 0.15657835868872638 0.16520008035608366
1 0.20491038792968505 0.5216506777582959 0.19446126137808886 0.33301487175194144
1 0.7365116398790965 0.8963388064100963 0.18692038669636232 0.20732238717980742
1 0.9061536199077317 0.6956425202859489 0.1755839920432706 0.3217500892845376
1 0.3931665552991834 0.2584763421239112 0.1974953547103616 0.32525691882984215
1 0.8685109059516385 0.37148227150376484 0.19587831070972542 0.32054214529089187
1 0.3322670599936367 0.052684263796422416 0.15421588001272662 0.09642280681713333
1 0.2779415446371832 0.22208310024158603 0.19442489871099794 0.3298898717519415
1 0.12356729189214133 0.7968495008107789 0.19079082137172554 0.2860853246740408
1 0.26225707455445973 0.8313080957773591 0.17981695870463457 0.2827694099013886
1 0.690260825986637 0.11050604098552544 0.15494313335454457 0.15892280681713333
1 0.6864683759150493 0.637890701293951 0.1897192173774524 0.3282455511350905
1 0.4449717665897762 0.5742883027566483 0.19442489871099794 0.3298898717519414
1 0.7563745326225475 0.3382685766993404 0.1959692173774526 0.32835464529089176
1 0.5556092745862765 0.6020059740221224 0.1991669427116342 0.33465919236879244
1 0.6124565218810055 0.881212638391033 0.1825601507001803 0.23757472321793394
1 0.6278046372931383 0.30711225973593737 0.19911239871099795 0.3299716923687924
1 0.5663329773233641 0.08333779463897341 0.15483404535327186 0.1495478068171333
1 0.3745298078851416 0.8517688258918568 0.18781127204008907 0.29646234821628636
1 0.8387099392107329 0.909779743503883 0.1756919853596351 0.18044051299223404
1 0.5156500826305017 0.2754610649315129 0.19435217337681615 0.3236398717519415
1 0.4984667472151873 0.8739807909888206 0.17958060136854392 0.2520384180223586
0 0.45104159528168425 0.3884189866040241 0.05861247867599957 0.06975912094116259
0 0.5616427406110935 0.41926165786949826 0.055432934675363296 0.06501707386326191
0 0.8181070852164598 0.8753924756436803 0.0444954346753633 0.06482615909060954