0 0.6734375 0.7390625 0.01953125 0.02578125
0 0.94375 0.93984375 0.01796875 0.03359375
1 0.90625 0.0078125 0.06875 0.015625
1 0.56875 0.1125 0.0734375 0.16875
1 0.70703125 0.1078125 0.0703125 0.16796875
1 0.78359375 0.6265625 0.0703125 0.16953125
1 0.90859375 0.10703125 0.06953125 0.16796875
1 0.84375 0.0078125 0.06875 0.015625
1 0.8453125 0.1078125 0.0671875 0.16796875
1 0.78125 0.44921875 0.071875 0.1703125
1 0.5671875 0.009375 0.071875 0.01875
1 0.784375 0.79609375 0.07109375 0.17109375
1 0.709375 0.27421875 0.071875 0.16875
1 0.64140625 0.10859375 0.0703125 0.16796875
1 0.77890625 0.275 0.07109375 0.16796875
1 0.9125 0.27265625 0.06953125 0.16640625
1 0.6453125 0.45234375 0.06953125 0.17578125
1 0.5703125 0.27734375 0.075 0.16796875
1 0.846875 0.27421875 0.06875 0.16640625
1 0.64609375 0.63046875 0.06953125 0.16953125
1 0.77734375 0.1078125 0.07109375 0.16875
1 0.646875 0.79921875 0.07109375 0.17265625
1 0.71796875 0.628125 0.0703125 0.17109375
1 0.71640625 0.44921875 0.0703125 0.17109375
1 0.775 0.0078125 0.06875 0.015625
1 0.64296875 0.275 0.0703125 0.16875
1 0.71875 0.796875 0.06953125 0.171875
1 0.7046875 0.0078125 0.071875 0.015625
1 0.640625 0.009375 0.06875 0.01875
1 0.84921875 0.45 0.07109375 0.1703125
1 0.64765625 0.9453125 0.0703125 0.109375
1 0.92109375 0.78984375 0.06484375 0.16875
1 0.9703125 0.0078125 0.059375 0.015625
1 0.971875 0.10546875 0.05625 0.16796875
1 0.975 0.78828125 0.05 0.1703125
1 0.853125 0.62578125 0.0703125 0.16953125
1 0.71875 0.9453125 0.06875 0.109375
1 0.57265625 0.453125 0.075 0.16953125
1 0.92109375 0.62421875 0.065625 0.171875
1 0.85390625 0.79453125 0.0703125 0.1703125
1 0.78359375 0.94453125 0.0703125 0.11015625
1 0.975 0.44609375 0.04921875 0.171875
1 0.57421875 0.6328125 0.0734375 0.1734375
1 0.91953125 0.44765625 0.0671875 0.1703125
1 0.975 0.62109375 0.05 0.1734375
1 0.9734375 0.27109375 0.053125 0.1703125
1 0.57578125 0.80234375 0.07265625 0.175
1 0.5734375 0.946875 0.071875 0.10625
1 0.8546875 0.94296875 0.06875 0.1140625
1 0.975 0.93828125 0.05 0.1234375
1 0.91484375 0.93984375 0.06484375 0.1203125