1 0.2910205581297151 0.8370875602268775 0.12661529044572378 0.2772288998870606
1 0.2858034561890639 0.10194672077845617 0.11883623119538153 0.17070588410204496
1 0.07246077474362024 0.8447048262236546 0.11862093401923313 0.27052387357870133
1 0.190747773489979 0.8406382234798793 0.1266152904457239 0.27722889988706034
1 0.013655671549327791 0.3197055552475544 0.027311343098655582 0.26128611049510886
1 0.07778505304864317 0.31208204202278755 0.1262061134861197 0.26316639988706053
1 0.19017139278208645 0.3225406708631608 0.12147314937949698 0.26133088410204497
1 0.0747750279758185 0.09278601045275653 0.11883623119538152 0.17070588410204499
1 0.020182495876618394 0.8417093578642728 0.04036499175323679 0.26899219468185853
1 0.17953382568069234 0.9761522472985769 0.12351170783841656 0.04769550540284619
1 0.1849767420824412 0.09763938140062188 0.11883623119538149 0.17070588410204499
1 0.01937081096620196 0.5757203368175855 0.03874162193240392 0.27019067363517096
1 0.2882822838483133 0.31260349971765133 0.12478000580598776 0.2677628946253887
1 0.07329481518934408 0.5739828025461313 0.12808686223247848 0.27419490514873246
1 0.18590847545590078 0.5766289313865045 0.12183686223247844 0.273830884102045
1 0.29767268956252346 0.5815733075960416 0.1250527904457238 0.2771378946253886
0 0.1411846603330637 0.47307202090551304 0.04079013605166191 0.06165013154179633
0 0.14301289944600404 0.2219722524896616 0.053199207838416564 0.05925317363517104
0 0.026932977567471827 0.7418836631118273 0.03614810015828457 0.06293961575678075