1 0.05 0.98984375 0.09375 0.0203125
1 0.0515625 0.86953125 0.09453125 0.225
1 0.0515625 0.64609375 0.0921875 0.22109375
1 0.1375 0.87109375 0.0921875 0.22421875
1 0.13671875 0.428125 0.090625 0.21953125
1 0.0515625 0.4265625 0.09296875 0.21875
1 0.1375 0.98828125 0.09375 0.0234375
1 0.13671875 0.6453125 0.090625 0.221875
1 0.0515625 0.2046875 0.09296875 0.21640625
1 0.13671875 0.2078125 0.0921875 0.21484375
1 0.22734375 0.4265625 0.09140625 0.21640625
1 0.22109375 0.8703125 0.0921875 0.22109375
1 0.221875 0.98828125 0.09375 0.0234375
1 0.39921875 0.21640625 0.090625 0.215625
1 0.0015625 0.0453125 0.003125 0.08984375
1 0.3140625 0.0484375 0.090625 0.096875
1 0.4046875 0.98984375 0.090625 0.0203125
1 0.2203125 0.6484375 0.09375 0.221875
1 0.225 0.046875 0.09375 0.09375
1 0.4015625 0.434375 0.090625 0.2171875
1 0.31875 0.87109375 0.09140625 0.22109375
1 0.134375 0.0484375 0.09765625 0.096875
1 0.40234375 0.871875 0.08984375 0.22265625
1 0.315625 0.21328125 0.0890625 0.215625
1 0.21875 0.209375 0.09140625 0.21640625
1 0.3171875 0.4328125 0.090625 0.21796875
1 0.40390625 0.6515625 0.09140625 0.22109375
1 0.31875 0.98984375 0.09375 0.0203125
1 0.04375 0.0453125 0.0875 0.08984375
1 0.31875 0.64921875 0.09140625 0.21953125
1 0.4046875 0.0515625 0.090625 0.103125
0 0.1328125 0.4515625 0.0765625 0.05390625