1 0.1859375 0.621875 0.1640625 0.09765625
1 0.35546875 0.44921875 0.1625 0.09375
1 0.7984375 0.746875 0.16796875 0.1
1 0.0703125 0.3515625 0.140625 0.09375
1 0.33515625 0.6296875 0.16484375 0.1015625
1 0.65234375 0.64296875 0.16953125 0.096875
1 0.49765625 0.54375 0.16015625 0.09609375
1 0.384375 0.20078125 0.159375 0.090625
1 0.9578125 0.14453125 0.084375 0.0859375
1 0.940625 0.66015625 0.11875 0.09375
1 0.20625 0.4421875 0.16015625 0.0890625
1 0.23671875 0.19609375 0.16171875 0.08515625
1 0.15546875 0.79765625 0.16484375 0.10390625
1 0.046875 0.69921875 0.09375 0.0921875
1 0.36328125 0.3609375 0.16171875 0.0921875
1 0.40078125 0.12265625 0.15625 0.08359375
1 0.53515625 0.20859375 0.1515625 0.08671875
1 0.05390625 0.6125 0.1078125 0.09453125
1 0.9515625 0.23046875 0.096875 0.0859375
1 0.5203125 0.36875 0.1609375 0.0953125
1 0.9484375 0.4 0.103125 0.09765625
1 0.934375 0.85 0.13125 0.10546875
1 0.0953125 0.19296875 0.15078125 0.084375
1 0.81328125 0.4734375 0.16484375 0.096875
1 0.325 0.71484375 0.1640625 0.09609375
1 0.1671875 0.70390625 0.1671875 0.10078125
1 0.78671875 0.92578125 0.1734375 0.103125
1 0.4796875 0.72734375 0.16640625 0.10390625
1 0.084375 0.26796875 0.14765625 0.08671875
1 0.8140625 0.565625 0.15859375 0.09296875
1 0.0640625 0.528125 0.1234375 0.09296875
1 0.803125 0.6546875 0.16640625 0.1
1 0.946875 0.48046875 0.10625 0.09375
1 0.6625 0.46015625 0.1671875 0.09609375
1 0.5296875 0.2875 0.15234375 0.0875
1 0.4890625 0.6375 0.1671875 0.09765625
1 0.82890625 0.30703125 0.1625 0.09375
1 0.9328125 0.9453125 0.134375 0.1015625
1 0.82578125 0.38671875 0.16171875 0.090625
1 0.9390625 0.75390625 0.121875 0.1015625
1 0.95 0.3140625 0.1 0.08984375
1 0.64296875 0.7375 0.171875 0.10234375
1 0.83671875 0.2203125 0.16796875 0.090625
1 0.47265625 0.81796875 0.16484375 0.1078125
1 0.06640625 0.43671875 0.1328125 0.08984375
1 0.5421875 0.1265625 0.14921875 0.0859375
1 0.675 0.29921875 0.15703125 0.09375
1 0.1984375 0.53046875 0.16015625 0.09765625
1 0.5109375 0.4578125 0.165625 0.09453125
1 0.6546875 0.5546875 0.16328125 0.10078125
1 0.9453125 0.56875 0.109375 0.09765625
1 0.14921875 0.88828125 0.16640625 0.1046875
1 0.634375 0.83125 0.17265625 0.10625
1 0.66875 0.375 0.1625 0.0984375
1 0.2140625 0.35859375 0.1546875 0.0890625
1 0.34609375 0.54375 0.16015625 0.09375
1 0.30625 0.9015625 0.1640625 0.09921875
1 0.31484375 0.80390625 0.1671875 0.1046875
1 0.84453125 0.140625 0.16328125 0.08671875
1 0.690625 0.13125 0.15 0.08359375
1 0.040625 0.78828125 0.08046875 0.09609375
1 0.79453125 0.840625 0.17265625 0.1015625
1 0.4609375 0.909375 0.16328125 0.1109375
1 0.68125 0.215625 0.153125 0.08984375
1 0.22890625 0.27421875 0.15625 0.08984375
1 0.62109375 0.915625 0.1828125 0.10703125
1 0.3765625 0.2796875 0.15859375 0.084375
1 0.409375 0.040625 0.15859375 0.07890625
1 0.9578125 0.071875 0.084375 0.08203125
1 0.11171875 0.11171875 0.15546875 0.0828125
1 0.84921875 0.06484375 0.16015625 0.08359375
1 0.03671875 0.884375 0.0734375 0.10078125
1 0.6984375 0.05078125 0.15078125 0.0796875
1 0.553125 0.0453125 0.14921875 0.08046875
1 0.253125 0.115625 0.14921875 0.08359375
1 0.26640625 0.03828125 0.1484375 0.0765625
1 0.02109375 0.11015625 0.04140625 0.0796875
1 0.01328125 0.190625 0.02578125 0.08203125
1 0.11875 0.03984375 0.16328125 0.06640625
1 0.02734375 0.03515625 0.0546875 0.0703125
1 0.11640625 0.05390625 0.159375 0.03359375
1 0.2609375 0.053125 0.14765625 0.040625
0 0.89296875 0.16640625 0.03515625 0.03203125
0 0.05859375 0.0578125 0.0328125 0.0234375
0 0.27265625 0.0890625 0.03359375 0.034375