1 0.9142243957044751 0.46190215600614815 0.13704369665368965 0.1467708509957919
1 0.41434382353790333 0.8210589674310445 0.29785386266130087 0.14926591233587
1 0.8810538210664454 0.8164631704341184 0.13678902866891213 0.14052085099579195
1 0.6956985942981501 0.7129364102673175 0.30110619665368965 0.15250003974053178
1 0.13450107431652178 0.9255208112552602 0.26900214863304356 0.12075896641955416
1 0.41864134578102474 0.7155902174310443 0.2948561966536897 0.15228178493120836
1 0.40389180178907347 0.9244022222403678 0.2924023587069682 0.1303522212288776
1 0.15058370695945086 0.5931076153389442 0.2979811966536896 0.15239091233587007
1 0.1565352069966319 0.47438489719010957 0.3130704139932638 0.15617067676384036
1 0.14718018125628834 0.7149280516366133 0.285544863649884 0.15351690271722324
1 0.7074730355146321 0.5962846236068285 0.3104811966536897 0.15282742195451676
1 0.9099122860089238 0.5868748741549827 0.1289128616727176 0.13868553248413756
1 0.6793865503061988 0.9218029787789718 0.2933918557412186 0.11634428493120837
1 0.6858686550588342 0.8201586332254754 0.29479252965749525 0.15071928493120837
1 0.14081075342286006 0.8228769608924406 0.2816215068457201 0.15195440271722313
1 0.8737586328157129 0.9189160478387801 0.11963602076024671 0.1024752139724832
1 0.723113917453305 0.3655976187975052 0.2949835306460784 0.15540678493120827
1 0.8964161773019554 0.7074874745178026 0.12872186068413427 0.13399803248413775
1 0.7077197277196975 0.4753545647138212 0.29954369665368963 0.15244547603820097
1 0.4219812044879929 0.5953322811333752 0.29179486364988405 0.15373515752654665
1 0.9191758339552077 0.3595311241549828 0.13503552768032884 0.135778787293461
1 0.00011015756747318695 0.9220287674231951 0.0002203151349463739 0.0934424651536098
1 0.17225175441144322 0.3676711057202973 0.29479252965749525 0.15071928493120837
1 0.009445348289663766 0.7101463263162027 0.018890696579327532 0.12658234736759474
1 0.0062765859323740845 0.828142358167368 0.012553171864748169 0.12809028366526398
1 0.009489110646953448 0.5961656718696988 0.018978221293906895 0.13266865626060226
0 0.33609407851800027 0.4056373532732266 0.04384284190105418 0.04209821996293304
0 0.025197035038931122 0.871336797460262 0.050394070077862244 0.04237103847458741
0 0.7086283117120864 0.47220228286265575 0.2816558596955513 0.1346577753125615
0 0.8782192756288005 0.637130334499269 0.0581600098858317 0.04883929328391083
1 0.4416556704190544 0.3613838670682247 0.27371602570316256 0.13125995680090713
1 0.4286688976816414 0.46949646743104434 0.27884919467652336 0.1423611479078998