1 0.54609375 0.796875 0.12421875 0.07421875
1 0.6515625 0.93984375 0.12265625 0.07578125
1 0.178125 0.978125 0.11875 0.04296875
1 0.65703125 0.87421875 0.12734375 0.07421875
1 0.66875 0.79609375 0.11875 0.07421875
1 0.18828125 0.9234375 0.1234375 0.0734375
1 0.53515625 0.93515625 0.12421875 0.07578125
1 0.78125 0.80078125 0.12109375 0.07109375
1 0.7671875 0.98828125 0.121875 0.0234375
1 0.54921875 0.7296875 0.125 0.06953125
1 0.53984375 0.86953125 0.1234375 0.075
1 0.43203125 0.7203125 0.11875 0.071875
1 0.646875 0.98828125 0.11875 0.0234375
1 0.8984375 0.87890625 0.11796875 0.07265625
1 0.0703125 0.9203125 0.13203125 0.0765625
1 0.315625 0.86015625 0.11171875 0.075
1 0.903125 0.80625 0.1265625 0.07265625
1 0.32265625 0.7171875 0.11796875 0.07421875
1 0.9734375 0.9546875 0.053125 0.07421875
1 0.77578125 0.87734375 0.12265625 0.075
1 0.30859375 0.92578125 0.12109375 0.06796875
1 0.08828125 0.853125 0.103125 0.07109375
1 0.8859375 0.9921875 0.121875 0.015625
1 0.6703125 0.73125 0.1203125 0.06875
1 0.9765625 0.88125 0.046875 0.07421875
1 0.76796875 0.94375 0.12265625 0.075
1 0.4234375 0.86484375 0.1125 0.07421875
1 0.890625 0.95390625 0.125 0.07265625
1 0.1984375 0.8578125 0.125 0.07578125
1 0.90234375 0.74296875 0.134375 0.07265625
1 0.7796875 0.73359375 0.1125 0.06875
1 0.296875 0.98046875 0.11875 0.0390625
1 0.2 0.784375 0.11875 0.07265625
1 0.9828125 0.74609375 0.034375 0.0703125
1 0.315625 0.7875 0.1125 0.071875
1 0.065625 0.97421875 0.125 0.0515625
1 0.42421875 0.92890625 0.1109375 0.0734375
1 0.4265625 0.79296875 0.1171875 0.07265625
1 0.978125 0.8109375 0.04375 0.07421875
1 0.5359375 0.984375 0.128125 0.03125
1 0.9703125 0.99765625 0.059375 0.0046875
1 0.4140625 0.98203125 0.115625 0.0359375
1 0.09765625 0.78125 0.10703125 0.0703125
1 0.90078125 0.0515625 0.1140625 0.0609375
1 0.575 0.03984375 0.115625 0.0640625
1 0.9765625 0.0484375 0.046875 0.05859375
1 0.16640625 0.040625 0.10390625 0.06015625
1 0.09453125 0.709375 0.11875 0.07421875
1 0.471875 0.03984375 0.1171875 0.06171875
1 0.2078125 0.71328125 0.1328125 0.07265625
1 0.0640625 0.04296875 0.121875 0.05859375
1 0.0234375 0.78046875 0.04609375 0.07109375
1 0.3234375 0.0375 0.21875 0.065625
1 0.68828125 0.0421875 0.115625 0.06171875
1 0.80078125 0.0484375 0.11171875 0.06171875
0 0.1546875 0.80625 0.03125 0.021875
0 0.82578125 0.7609375 0.02578125 0.03203125
0 0.93671875 0.90390625 0.021875 0.0359375