1 0.9434375926374552 0.5623364519347925 0.1131248147250897 0.17187761284152786
1 0.990113539494302 0.5782530458746189 0.019772921011395894 0.14941942496187507
1 0.6026776978903042 0.121723103626563 0.15226462903138546 0.18615831838861122
1 0.6860552781217625 0.15253865216354226 0.14586907981717356 0.182887848023889
1 0.7852034075674326 0.18684287661232704 0.14572353060296184 0.179762848023889
1 0.7875130401134746 0.5045206858828826 0.145723530602962 0.179762848023889
1 0.86772923304138 0.5344822492375008 0.13910965756743252 0.17180487765916688
1 0.7378468722069598 0.3262131947165978 0.1408904813887501 0.17652874525034729
1 0.7197346112487051 0.0713802243518756 0.10708906203449331 0.0539991286090973
1 0.5187030740262053 0.4132001291777782 0.14728603060296183 0.17979921561506948
1 0.9156850818840881 0.39122386492882016 0.1358391083532208 0.16860714247680564
1 0.6004817669541108 0.4431980601235768 0.14401548138875012 0.17660148043270846
1 0.6349036929279055 0.04287205822371581 0.105162688998964 0.04615026101791676
1 0.9718964247309405 0.15537859032753554 0.05620715053811907 0.06391833605604172
1 0.96736093610348 0.41531663478045217 0.06527812779304014 0.1690422471502085
1 0.6419692919755013 0.2951067054501741 0.14252575599585598 0.17812761284152784
1 0.8708883504953381 0.21693172653607712 0.14394270678164425 0.17503898043270844
1 0.8115967795695045 0.10005204464034789 0.10410961124870503 0.05705139342673621
1 0.5643515601724665 0.2706684434823269 0.14728603060296183 0.17979921561506956
1 0.5054559414801634 0.09526774676895874 0.14528688296032682 0.170387848023889
1 0.9454259700162106 0.24692965748187579 0.1091480599675787 0.1745662017473612
1 0.8305630651348652 0.35646569880066037 0.14074493217453857 0.17340374525034735
1 0.6992296360606985 0.4689085345723617 0.14216188296032684 0.17031511284152784
1 0.9906121914801634 0.2729661338305217 0.018775617039673165 0.16624324905006949
1 0.4678018918516669 0.2418875204203129 0.144088255995856 0.17816398043270842
1 0.9091460217116218 0.13353865149795213 0.11250430810555159 0.06973323138263901
1 0.5419884468568469 0.02510137034406295 0.09960189371369381 0.02729115824437508
1 0.4216632541338292 0.39065102232017396 0.14964905128112632 0.19702308320625014
0 0.6315005188161376 0.23789361749427132 0.035976041356328994 0.03517508700597229
0 0.9917884324841246 0.626563259305487 0.016423135031750746 0.03517508700597229