1 0.8721052990748042 0.8839117740881226 0.14040807326946272 0.2321764518237547
1 0.6358701486906915 0.9995656222069599 0.1390558559474652 0.0008687555860802832
1 0.6240295629811559 0.2867232896991898 0.1496192989592032 0.23765416542531542
1 0.8702418266644241 0.9907985519002989 0.08592421189493038 0.018402896199402365
1 0.9844181863414757 0.23928978742287824 0.02281113749381376 0.22707192224974104
1 0.6130268701965604 0.8980566261359012 0.1558692989592032 0.20388674772819754
1 0.941452758367743 0.2521686230310201 0.10759557326946272 0.2388142510334573
1 0.9430263037089016 0.11753891190614958 0.11050813206674732 0.0861986732831983
1 0.915811033470972 0.8759336087629965 0.05767746042459265 0.23804796360606986
1 0.8840232021724503 0.6755311943711383 0.15784123473485182 0.24583053846084474
1 0.7978898711010716 0.8874338033480409 0.16113000904511168 0.22513239330391813
1 0.6199196743556881 0.11110470553879004 0.14404432835784534 0.1610188908182096
1 0.8837310323393183 0.4718967721213973 0.15775934757972224 0.24426803846084474
1 0.8088539473112105 0.9973910002048878 0.13502345318850323 0.00521799959022431
1 0.6221827007021125 0.48634230003827206 0.15167312188998175 0.2471019400324213
1 0.8661362550883827 0.12022295615796257 0.14010710085908257 0.11563361621110375
1 0.7958569753510563 0.26574947187372827 0.1543067989592032 0.237872489246633
1 0.6188176040269013 0.6999874230738014 0.16153944482076027 0.25691358767505645
1 0.9399367667354859 0.4604177706736552 0.08884557326946307 0.23794095574818708
1 0.933733275103229 0.6684485944949727 0.0793067989592032 0.23437930810555194
1 0.7887515615108177 0.11740186310622262 0.1392815852552504 0.12962334160399788
1 0.7912215485089774 0.6829562425518927 0.15948562188998175 0.24746581306795062
1 0.79253282225341 0.4786133449092575 0.15940373473485217 0.2459033130679506
1 0.8846295482818348 0.2604862371752092 0.15923996042459265 0.2427783130679506
1 0.5293102894638657 0.8984718490475959 0.15406113749381412 0.2030563019048081
1 0.5339401515157667 0.287226249790603 0.15274429895920322 0.23779971463952715
1 0.7097701526474204 0.6979583502859411 0.15808689620024124 0.25051803846084475
1 0.7011696743556881 0.11488898510829462 0.1370573439616777 0.14666529238978615
1 0.7109143300553261 0.481860315339753 0.1626925090451115 0.24917386228216235
1 0.7066916610151633 0.8907920897419711 0.1611300090451115 0.21841582051605785
1 0.5377756439409931 0.7071770308078497 0.15463434757972222 0.24412248924663302
1 0.5362849807781231 0.10799251405862667 0.1493050384437538 0.17217471463952716
1 0.5302032406162042 0.49302248552257943 0.15471623473485216 0.245684989246633
1 0.7049077487568045 0.2826586819651415 0.1558692989592032 0.23794526385373888
1 0.7149811165785158 0.9974787373846062 0.14102779172311414 0.005042525230787476
0 0.6565389320460625 0.7722284501621065 0.03987472749876275 0.04705909057054072
0 0.6520650367503323 0.9831251389561828 0.03855788896415202 0.03374972208763438
0 0.6508952781554467 0.35689239453775407 0.035351001809022266 0.04996576674922295
0 0.6522065518998794 0.1525494968951189 0.03904921189493056 0.06104881596343472
0 0.9072781592061411 0.964032922245232 0.025976001809022264 0.049529119106588124
0 0.7366191734511769 0.14081793837528225 0.042508404567984215 0.03782963978475227