1 0.7682848290443982 0.45139283737806785 0.13091469847574827 0.21622186068413446
1 0.7949957573266705 0.8275587479484715 0.12282948770335977 0.16902852570316257
1 0.74986558538911 0.6638119243362061 0.13403060811666875 0.2147866946765234
1 0.9828684620489347 0.7558562084051446 0.025972668421519175 0.16820617193911022
1 0.8226400100571449 0.6405389090131669 0.13246810811666876 0.21472302768032883
1 0.6235081393492484 0.49946953452604903 0.12778969847574828 0.2160945266917457
1 0.5022341448101975 0.13262422722540596 0.1387726502711466 0.22435269566510643
1 0.8730147983027978 0.05578449600848625 0.09147040339440445 0.1115689920169725
1 0.8946468202637995 0.614953977188225 0.1387544695529872 0.22122769566510633
1 0.6915950640172834 0.476387520191593 0.1372101502711466 0.22428902866891215
1 0.7353557170189045 0.08631159581820583 0.1292885659621911 0.17262319163641165
1 0.8410774344305925 0.42499482205502853 0.13562946955298721 0.22110036167271763
1 0.4814484252572102 0.34904506467783586 0.1340669695529872 0.2210366946765233
1 0.5358581484244347 0.5288161363129349 0.13091469847574827 0.21622186068413446
1 0.7201296510567134 0.27058584775819117 0.1340669695529872 0.2210366946765233
1 0.9255842446372469 0.39890055426053145 0.1324862888348278 0.2178480276803289
1 0.8669798416356258 0.8058800661235296 0.11970448770335977 0.1689011917107738
1 0.6194539819478233 0.0016620231945235528 0.09859203610435348 0.0033240463890471055
1 0.5898250484009937 0.11343387543852002 0.12937037919390768 0.21928319368794008
1 0.94133949220136 0.778637133804296 0.1087942587805987 0.17314302273741297
1 0.689345200145078 0.863106270191593 0.18541130093507635 0.18563770555093803
1 0.5612495547457055 0.32626679787192187 0.1340669695529872 0.2210366946765233
1 0.6700462751824554 0.6897151911421201 0.12932492739850954 0.21147069368794008
1 0.8206074157892405 0.06821817041905445 0.13378516842151916 0.1364363408381089
1 0.7936898709042882 0.24649974893705476 0.1372101502711466 0.22428902866891204
1 0.5412335331774873 0.019691781597480536 0.1019079336450254 0.03938356319496107
1 0.9549485160090733 0.5875027978347409 0.08403060811666876 0.21274935079830276
1 0.5902178746167215 0.717180957948034 0.12933401775758924 0.21303319368794008
1 0.6587477652235064 0.09574760422116282 0.13562946955298721 0.19149520844232565
1 0.6395336360295987 0.2957396980622023 0.12931583703942984 0.20990819368794006
1 0.875085316649562 0.21818906513494638 0.13719196955298757 0.22116402866891205
1 0.4294733556807818 0.15355349254844514 0.1325135599120669 0.22253552768032892
1 0.9251580395221991 0.20365172125672584 0.09019879488495235 0.19894151878308036
1 0.9662865126894236 0.38396396235947733 0.06364538524403188 0.19942167984777565
1 0.39114262958669105 0.03720092241481133 0.10206246974937896 0.07440184482962266
1 0.46463467174116885 0.027437956008048735 0.09573065651766229 0.05487591201609747
1 0.643964522451981 0.8766713630812303 0.12281130698520056 0.16590352570316255
0 0.6630008687629889 0.8266886091268976 0.034629530054229286 0.045150673916276675
0 0.7287304078924045 0.8060458452867332 0.042478391490547905 0.051719008897248744
0 0.8101167632785987 0.7792976614846248 0.04092498184962743 0.053217841901054184
0 0.37789319584346975 0.027714505171471143 0.06440793364502548 0.055429010342942286
0 0.6293359585328934 0.4375279500393686 0.03935339149054773 0.05159167490485981
0 0.7834932351692772 0.11960166791041549 0.044031801131468026 0.05022017589344295
0 0.43923015076212585 0.08754649057127879 0.03621021077238851 0.04833934091247101
0 0.9052394074996212 0.5395401417129614 0.04715680113146803 0.0503475098858317
0 0.8426121424725064 0.5639618215607369 0.03935339149054791 0.05159167490485981
0 0.8324468021134269 0.5659381570360006 0.05188975292686635 0.05835101087441501
0 0.6308722292173486 0.17346545003936864 0.03618293969514959 0.043651840912471006
0 0.875848385931403 0.22128223163684918 0.0917067527304745 0.18963018577927473
0 0.9400149041799715 0.3350463012947819 0.03937157220870731 0.054716674904859805
0 0.7227985704601911 0.7516130132715106 0.033076120413308985 0.046649506920082115