0 0.817451769081314 0.9968543784972222 0.02220228246740419 0.006291243005555458
0 0.88317222646764 0.9950504686682556 0.0237920560063543 0.009899062663488677
0 0.8808381590972001 0.9552948558155807 0.020776150162155817 0.027390170950527093
0 0.7389154862068729 0.8447499921656967 0.01776024431795715 0.03351283695813834
0 0.8069524200542487 0.8436132565001527 0.01776024431795733 0.03351283695813834
0 0.802058188721935 0.6761074215191808 0.020830697240056484 0.030515170950527092
0 0.7308962548745592 0.677116823192336 0.02088524431795715 0.03364017095052709
0 0.8700542122608855 0.6773144358536368 0.020694329545304768 0.022702670950527092
0 0.9396672828777366 0.6754601171842872 0.01776024431795733 0.03351283695813834
0 0.9343173096630977 0.6236429491995097 0.01929547077900686 0.032014003954332716
0 0.7940116838506711 0.51003675254582 0.022420470779006864 0.03214133794672165
0 0.65253329586338 0.46361805589213045 0.02406479139585791 0.03689250494291585
0 0.6340868534912921 0.17672555094921455 0.022393197240056395 0.03057883794672147
0 0.6326704038156038 0.12350505045492292 0.019213650162155815 0.027326503954332716
1 0.9007174257329963 0.3986774412908443 0.08583986282348768 0.17681185079830275
1 0.8432638413197229 0.7340764304164293 0.08573076866768617 0.17056185079830258
1 0.9136308883976234 0.733816445245177 0.08581258928453721 0.17524935079830292
1 0.7528271708617323 0.2269085761580855 0.08583986282348768 0.17681185079830275
1 0.9601060625024715 0.40031553714623114 0.06388304220663663 0.17123301285158127
1 0.7768303177807725 0.7329330830781677 0.08257849512873605 0.16887201680591382
1 0.7607373080382447 0.4007917451314462 0.08583986282348768 0.17681185079830275
1 0.826319217939633 0.2267759249792219 0.08586713636243806 0.17837435079830274
1 0.6816788737838316 0.22713672783124067 0.08737508928453738 0.17531301779449712
1 0.9638354399397511 0.7241350391233975 0.05132849512873605 0.16759867688202607
1 0.905693477682161 0.5614957762718162 0.08583986282348768 0.17681185079830275
1 0.9443851996756883 0.09164353269760686 0.05810460064862326 0.1085420118629981
1 0.8849692893672628 0.09156793684221998 0.08631142126547431 0.11437551779449713
1 0.7064905442418222 0.7316305682494201 0.08583986282348768 0.17681185079830275
1 0.6985122232179342 0.5616536492760593 0.08570349512873605 0.16899935079830275
1 0.9627656379905865 0.5614758716329116 0.05919554220663699 0.17104201186299797
1 0.9506606988649097 0.224806201176676 0.0656637305182393 0.18379667984777565
1 0.8498296668078378 0.8953959323935958 0.08589440990138826 0.17993685079830257
1 0.8161783790588373 0.09111033900966674 0.08014324188232527 0.11880834980971958
1 0.8927936517870089 0.2255755223174835 0.08742963636243814 0.17843801779449714
1 0.7450300819809368 0.09133849068282193 0.08806483603812651 0.12537668479069153
1 0.6707976952114615 0.08909555836358833 0.08340460957707699 0.12674818380210837
1 0.8342566286550955 0.3990965939525826 0.0858125892845373 0.17524935079830276
1 0.9202103506552136 0.8943546972223434 0.08896486282348767 0.17693918479069168
1 0.8345179070653099 0.5632864279449714 0.08586713636243815 0.17837435079830274
1 0.9671671712720646 0.8915772071081751 0.03888304220663663 0.17021434091247087
1 0.7145779594215116 0.8953574872227807 0.08573076866768634 0.17056185079830258
1 0.6880265109603438 0.400956229808407 0.08586713636243815 0.17837435079830274
1 0.6020476952114615 0.08629421053103511 0.08340460957707699 0.12674818380210834
1 0.6449376152657103 0.8987743058921304 0.0842228157455871 0.17362318380210837
1 0.7873296668078378 0.89284925254582 0.0826603157455871 0.17355951680591417
1 0.6400161103944464 0.7328309709111585 0.08745690990138844 0.18000051779449713
1 0.7704008599874093 0.5638010811010014 0.08427736282348786 0.17674818380210838
1 0.6312429026010831 0.5636034684397006 0.08573076866768634 0.17056185079830274
1 0.6137510340922571 0.22202346349678465 0.08732054220663663 0.17218801779449713
1 0.6225924257329962 0.3873447159682426 0.08751145697928919 0.18312551779449712
1 0.8504551838539663 0.9864030039915137 0.0788068384737585 0.0271939920169725
1 0.9709176883181933 0.9862703528126502 0.025600017856907444 0.027459294374699537
1 0.9239745044708174 0.9863525951511306 0.07718979139585791 0.02729480969773874
1 0.7206722264676403 0.9849486153984952 0.07735343262956 0.030102769203009673
1 0.790258023545541 0.9856794565581118 0.06792388555165925 0.028641086883776267
1 0.6557466558507892 0.9859871919765102 0.07579093262955983 0.028025616046979708