1 0.35322767075790495 0.3864781255057451 0.10753501834240006 0.15516370435383653
1 0.18388663737181013 0.41268350535747766 0.1091429824490227 0.15678076805616742
1 0.2638696540648575 0.39974450653860394 0.11079641066226813 0.15996033175849825
1 0.20070676134927806 0.558821895376011 0.10753501834240006 0.15516370435383653
1 0.09684963862545135 0.42664929083684006 0.1074895542357774 0.1536012043538364
1 0.02910116363176899 0.43629959854872113 0.05820232726353798 0.1524008029025577
1 0.03713196664715865 0.5804761844835706 0.0742639332943173 0.14998513103285874
1 0.14873771371091127 0.14543400717157612 0.1045918747688908 0.16130457694917477
1 0.12874111394833812 0.05481893085537354 0.09538670783841652 0.05952382213985134
1 0.114496476709542 0.571197899004208 0.10592705423577739 0.15354664065150558
1 0.04315896661390515 0.06644096633473603 0.0863179332278103 0.05774306733052792
1 0.2483619775009648 0.2621453028177396 0.11235891066226814 0.16001489546082903
1 0.16752951464798338 0.2774553334877787 0.10914298244902279 0.1567807680561673
1 0.08049251590162461 0.2914211189671412 0.10909751834240007 0.15521826805616729
1 0.3043776114410557 0.026832796194317686 0.09828438730530316 0.05182044954451306
1 0.28312445625557087 0.5426760510036411 0.11217705423577744 0.153764895460829
1 0.2264224445105814 0.13101435390619878 0.10762594655564542 0.1582887043538365
1 0.36922108062875025 0.5342062973754441 0.10905205423577743 0.15365576805616749
1 0.02172658432316696 0.2991269807627063 0.04345316864633392 0.1517460384745874
1 0.33464045830063494 0.2474255491895426 0.10753501834240006 0.1551637043538365
1 0.3175702817367422 0.10988090917100912 0.11079641066226813 0.1599603317584982
1 0.012675844748008225 0.1706026766790223 0.02535168949601645 0.1525446466419554
1 0.21407527639297289 0.6894716946503716 0.10579066191590938 0.14885914065150557
1 0.06165525085792982 0.16096229265093862 0.10762594655564542 0.1582887043538365
1 0.12554397380654814 0.701148293832065 0.10574519780928666 0.14729664065150558
1 0.04846962608903903 0.7125247926509386 0.09693925217807806 0.14875001324684387
1 0.2134343626946969 0.04093499092950732 0.0952503155185485 0.054836322139851346
1 0.30247018665952957 0.6824825954686783 0.10762594655564542 0.15828870435383652
1 0.38330264951251103 0.6671725647986392 0.10588159012915473 0.1519841406515056
0 0.267382413631769 0.17172863394326568 0.043233174452321596 0.037410719962933124
0 0.10379963526023905 0.24143847713450922 0.046176318025830956 0.03126984736759484
0 0.21872698713438327 0.5027802265015371 0.035284282132453625 0.032450401451278844