1 0.5734375 0.0765625 0.071875 0.15234375
1 0.64921875 0.58359375 0.075 0.1734375
1 0.584375 0.759375 0.0703125 0.17421875
1 0.58359375 0.4078125 0.071875 0.17265625
1 0.22734375 0.240625 0.0703125 0.1703125
1 0.64921875 0.76171875 0.07578125 0.17578125
1 0.22890625 0.4078125 0.06875 0.1734375
1 0.5734375 0.24296875 0.071875 0.171875
1 0.2265625 0.07421875 0.071875 0.1484375
1 0.509375 0.24375 0.0703125 0.16875
1 0.22578125 0.9234375 0.07109375 0.153125
1 0.64921875 0.409375 0.0734375 0.17421875
1 0.3765625 0.0796875 0.071875 0.159375
1 0.65 0.2328125 0.07578125 0.17421875
1 0.29296875 0.40703125 0.07421875 0.1734375
1 0.29453125 0.23359375 0.0765625 0.17421875
1 0.509375 0.0765625 0.06875 0.15234375
1 0.5828125 0.58515625 0.071875 0.1734375
1 0.29296875 0.92421875 0.0765625 0.1515625
1 0.646875 0.078125 0.075 0.15625
1 0.084375 0.40703125 0.06875 0.17734375
1 0.3015625 0.078125 0.071875 0.15625
1 0.37578125 0.40859375 0.078125 0.1734375
1 0.6546875 0.92265625 0.0859375 0.1546875
1 0.37421875 0.234375 0.07109375 0.171875
1 0.29140625 0.58359375 0.0734375 0.171875
1 0.5015625 0.7578125 0.07109375 0.1734375
1 0.29296875 0.75859375 0.075 0.17421875
1 0.225 0.58203125 0.0703125 0.1703125
1 0.50234375 0.921875 0.0703125 0.14765625
1 0.5078125 0.415625 0.0703125 0.16875
1 0.50234375 0.5828125 0.07109375 0.171875
1 0.1515625 0.5875 0.07109375 0.17109375
1 0.22890625 0.7578125 0.06875 0.1734375
1 0.4359375 0.234375 0.0734375 0.17265625
1 0.153125 0.41328125 0.06953125 0.171875
1 0.4359375 0.4140625 0.06796875 0.16796875
1 0.1546875 0.2375 0.0703125 0.16796875
1 0.571875 0.9234375 0.0734375 0.153125
1 0.0921875 0.23671875 0.06796875 0.1703125
1 0.4359375 0.0796875 0.071875 0.159375
1 0.43515625 0.75859375 0.07109375 0.17578125
1 0.090625 0.58828125 0.065625 0.1703125
1 0.15546875 0.75546875 0.07109375 0.17265625
1 0.0859375 0.078125 0.065625 0.15625
1 0.36328125 0.75703125 0.0703125 0.171875
1 0.08359375 0.75625 0.06953125 0.17421875
1 0.1546875 0.0765625 0.071875 0.15234375
1 0.15390625 0.92265625 0.0703125 0.1546875
1 0.084375 0.921875 0.0703125 0.15625
1 0.028125 0.071875 0.05625 0.14375
1 0.434375 0.92265625 0.071875 0.1515625
1 0.36171875 0.5828125 0.0734375 0.16796875
1 0.02734375 0.92109375 0.0546875 0.1578125
1 0.028125 0.7546875 0.05546875 0.17421875
1 0.3640625 0.9234375 0.0703125 0.153125
1 0.02734375 0.23828125 0.05390625 0.1734375
1 0.434375 0.5828125 0.06875 0.16875
1 0.0265625 0.4109375 0.053125 0.178125
1 0.0265625 0.5828125 0.053125 0.16875
1 0.50859375 0.9875 0.07265625 0.02421875
0 0.11171875 0.1265625 0.0296875 0.0375
0 0.53203125 0.18125 0.02421875 0.0359375
0 0.459375 0.1796875 0.0265625 0.034375
0 0.41171875 0.58984375 0.03671875 0.04375
0 0.06328125 0.76640625 0.0265625 0.0359375