1 0.0859375 0.91015625 0.090625 0.1796875
1 0.5515625 0.91015625 0.090625 0.1796875
1 0.45546875 0.71015625 0.08984375 0.21875
1 0.55546875 0.7109375 0.096875 0.21953125
1 0.4515625 0.91015625 0.090625 0.1796875
1 0.08984375 0.7078125 0.09453125 0.2203125
1 0.09453125 0.490625 0.09453125 0.2171875
1 0.190625 0.709375 0.09140625 0.21953125
1 0.64140625 0.71171875 0.0921875 0.2203125
1 0.55859375 0.49140625 0.09375 0.21796875
1 0.1859375 0.91015625 0.090625 0.1796875
1 0.36875 0.91015625 0.0875 0.1796875
1 0.19453125 0.49140625 0.09140625 0.21640625
1 0.64296875 0.49296875 0.09140625 0.2171875
1 0.925 0.0890625 0.08828125 0.17578125
1 0.65703125 0.27109375 0.08984375 0.20859375
1 0.46015625 0.49140625 0.08984375 0.2171875
1 0.4765625 0.2703125 0.090625 0.20859375
1 0.75078125 0.08671875 0.09140625 0.1703125
1 0.73828125 0.27734375 0.0921875 0.2140625
1 0.37265625 0.709375 0.08984375 0.21875
1 0.6390625 0.91015625 0.090625 0.1796875
1 0.27265625 0.70859375 0.09375 0.21796875
1 0.57109375 0.08515625 0.09296875 0.16796875
1 0.725 0.7125 0.09375 0.21953125
1 0.2921875 0.27578125 0.09296875 0.215625
1 0.21171875 0.275 0.08671875 0.21328125
1 0.27734375 0.48828125 0.0921875 0.21640625
1 0.84375 0.084375 0.090625 0.16875
1 0.72578125 0.49140625 0.0921875 0.2171875
1 0.8390625 0.27890625 0.0921875 0.215625
1 0.39765625 0.08125 0.08984375 0.16171875
1 0.9078125 0.91171875 0.090625 0.1765625
1 0.12109375 0.28046875 0.09296875 0.21328125
1 0.39296875 0.275 0.09296875 0.2171875
1 0.8234375 0.71328125 0.09140625 0.21953125
1 0.3078125 0.08515625 0.0921875 0.1671875
1 0.9078125 0.71484375 0.08984375 0.2203125
1 0.91015625 0.4953125 0.09140625 0.215625
1 0.721875 0.91015625 0.09375 0.1796875
1 0.821875 0.91171875 0.09375 0.1765625
1 0.66015625 0.0828125 0.090625 0.165625
1 0.4796875 0.084375 0.09296875 0.1671875
1 0.26875 0.9078125 0.09375 0.18359375
1 0.0390625 0.28125 0.07734375 0.2125
1 0.128125 0.08671875 0.0953125 0.17109375
1 0.365625 0.48984375 0.0921875 0.21640625
1 0.82265625 0.49453125 0.0921875 0.21484375
1 0.21796875 0.08671875 0.09375 0.16875
1 0.5734375 0.27265625 0.08828125 0.21328125
1 0.91875 0.27265625 0.090625 0.19765625
1 0.0421875 0.08828125 0.084375 0.1734375
1 0.0296875 0.4921875 0.05859375 0.215625
1 0.0234375 0.9078125 0.046875 0.18359375
1 0.025 0.70703125 0.05 0.21875
0 0.1578125 0.1375 0.028125 0.040625
0 0.48671875 0.63203125 0.02890625 0.0359375
0 0.0796875 0.13828125 0.02890625 0.0421875
0 0.40546875 0.5671875 0.028125 0.040625
0 0.0671875 0.1390625 0.034375 0.04375