1 0.7122475587247244 0.2807873879272347 0.14009426881613757 0.2294777923897861
1 0.9597561054577367 0.6176173380938504 0.08048778908452654 0.22213617328319835
1 0.7679282861845331 0.4676666497140589 0.1333348465663967 0.21824919396136272
1 0.9394243347795722 0.21618327068267362 0.11345899420903152 0.22667812406898663
1 0.9720677067816442 0.4035355674156859 0.05586458643671151 0.2127226319268694
1 0.6172795452852703 0.005541408810286882 0.10018409057054053 0.011082817620573764
1 0.8690219435470781 0.23433826530599014 0.14819786724456102 0.23609166542531543
1 0.852211240899263 0.4449504336267897 0.13653262117350246 0.21995724317557439
1 0.9512512275622527 0.8023754818075443 0.09749754487549467 0.14579199710451585
1 0.7335638248547749 0.0845353959900053 0.13900264970954979 0.1690707919800106
1 0.9271919702210983 0.4242333651821556 0.14151121960192584 0.22642556699689198
1 0.6505886590151746 0.09821906038186345 0.14151121960192584 0.1964381207637269
1 0.7909889888323482 0.256763382964836 0.13867731803034927 0.23253001778268026
1 0.9066569540910481 0.6389337200207199 0.14321926881613756 0.22962334160399783
1 0.9900493810982999 0.7765728070766038 0.019901237803400206 0.15254711124870504
1 0.8794927549623989 0.06047500372405364 0.10898550992479769 0.12095000744810729
1 0.8096896772121397 0.07345019272301764 0.14437935442427943 0.1469003854460353
1 0.8304775978047416 0.6675360630724598 0.14478176881613755 0.2296961162111037
1 0.8811604561579627 0.8311597613770487 0.12508139081820957 0.14146837014004499