1 0.94528778410059 0.3256281365372787 0.10091441546256945 0.30890338001272666
1 0.8724210609829853 0.8724218678787782 0.14974934612402785 0.1923158640197264
1 0.949092663756527 0.8668434825350516 0.06515614057694456 0.1819590720082723
1 0.8615485637358677 0.33285083788196 0.1509871506449308 0.31261018268618096
1 0.9376435107335762 0.08929502593891189 0.08408797853284752 0.17859005187782379
1 0.7535255906182632 0.880053649228232 0.14985844889756966 0.19700336401972648
1 0.9472437954997563 0.6442690485360061 0.08216441546256945 0.3086852040101814
1 0.8697545751350342 0.6514190245465056 0.16043488582729176 0.31584427068745347
1 0.753657449660069 0.6394922838956412 0.1540757830537501 0.31108404535327167
1 0.7473769609623261 0.3388655752307774 0.15567465064493077 0.3126647266868172
1 0.6158801202535409 0.8879036065802313 0.1421186840799308 0.20003745735199913
1 0.8563753269379861 0.0907217132797752 0.14349934612402784 0.1814434265595504
1 0.7398781579600346 0.09532794462127482 0.1514936840799308 0.19065588924254964
1 0.6104218216196525 0.35061269191600386 0.1556019154625698 0.30953972668681723
1 0.6127415089306244 0.6536286039147312 0.15567465064493077 0.3126647266868172
1 0.606175305186493 0.10077906063018349 0.14702438962701408 0.20155812126036698
0 0.7744155056995832 0.1503206958943685 0.04811149810013902 0.05367044000636332
0 0.9017956232907636 0.14727641721041476 0.04825696846486096 0.05992044000636332