1 0.5809464404421968 0.9296854164766115 0.12188361621110388 0.13504768657189176
1 0.329991638541898 0.49118249444085504 0.12319355913900924 0.16317268657189174
1 0.2351692901134746 0.485482461165172 0.12475605913900915 0.16318177693097127
1 0.40658202543116617 0.6423404734618121 0.12155828453190334 0.1616010962128122
1 0.6035575711307212 0.5091274767814618 0.1249016083532208 0.16630677693097126
1 0.33780402274507904 0.20590352459328026 0.12490160835322098 0.16630677693097135
1 0.4869417293173264 0.9247620880213887 0.12551803846084475 0.14600336729005078
1 0.31682816666366054 0.6280148739293503 0.12148550992479742 0.16003859621281205
1 0.5080267473094036 0.5049944886853185 0.12468328453190339 0.16161927693097128
1 0.49806105003827206 0.6433711874556545 0.1249016083532208 0.16630677693097126
1 0.4146213496667685 0.4961603650505557 0.12319355913900924 0.16317268657189174
1 0.5937374230738014 0.6506291755517978 0.12184938296032684 0.16785109621281205
1 0.3122413281600346 0.7812080516224474 0.11821496071058571 0.15689541549465283
1 0.06390221980681368 0.6169829669207086 0.07744441149637402 0.15353406615858275
1 0.14183666707794532 0.47821083753040927 0.12468328453190329 0.16161927693097128
1 0.5897862853559637 0.8006928080653551 0.1250471575674325 0.16943177693097128
1 0.39776145119556383 0.7885251270526084 0.11985023531769157 0.15846700585373236
1 0.30496398324626783 0.9101915696746243 0.11861306699689197 0.1319045058537327
1 0.13659485711036662 0.6173415152235064 0.1184332845319033 0.1615829154946528
1 0.4239234592628437 0.20930980484390133 0.11843328453190338 0.1615829154946528
1 0.20910567369297386 0.8990273315784808 0.11370724317557449 0.12718973477649342
1 0.3927550816746912 0.9159325095661657 0.12068498924663303 0.14285109621281222
1 0.41484817390237083 0.3500257084346975 0.12319355913900924 0.16317268657189166
1 0.6057642723307943 0.35516668462698414 0.1249016083532208 0.16630677693097135
1 0.33096332547394736 0.344262042645457 0.1213399607105858 0.15691359621281203
1 0.2227506809316842 0.6215290454741274 0.11985023531769164 0.15846700585373236
1 0.07840975206691461 0.190220479020957 0.08511136228216229 0.1504545179539809
1 0.06327513523212912 0.7545238735365668 0.06367300992479745 0.15970225292686635
1 0.14760501592065348 0.3336068646577723 0.11970468610347988 0.15534200585373253
1 0.119460976836127 0.8870454820460191 0.10901974317557447 0.12716246369925485
1 0.1284463709641055 0.7611778736347627 0.12163105913900915 0.16316359621281223
1 0.2419372127775003 0.34556144311299525 0.11963191149637405 0.15377950585373243
1 0.06673600558157126 0.32548126815037265 0.09150691149637402 0.15361587939029936
1 0.06320224482820429 0.46772785548439016 0.09016273531769162 0.1582942890312197
1 0.49563602501688137 0.7926444796101322 0.12475605913900907 0.16318177693097127
1 0.22110690591029356 0.7707977924490653 0.11985023531769157 0.15846700585373252
1 0.6124594203877141 0.21368316657480735 0.12304800992479734 0.16004768657189172
1 0.5163292830841613 0.21346097365820382 0.12163105913900907 0.16316359621281207
1 0.508998434241453 0.3580740368899204 0.12475605913900907 0.16318177693097127
1 0.24447139970954973 0.19863190095851752 0.11985023531769157 0.15846700585373252
1 0.15422738937046754 0.19056084660559555 0.1184332845319033 0.1615829154946528
1 0.058940853800597715 0.8795829608705844 0.04132282092583346 0.11583407825883114
0 0.07362828432250632 0.7083574006639299 0.04429796360606986 0.04555793969514976
0 0.16332433105551866 0.6711068646577723 0.05047518899896399 0.04403180113146821