1 0.121875 0.409375 0.071875 0.17421875
1 0.2484375 0.07421875 0.071875 0.1484375
1 0.00625 0.2421875 0.0125 0.171875
1 0.00625 0.58984375 0.0125 0.171875
1 0.18359375 0.40703125 0.071875 0.175
1 0.3296875 0.40703125 0.06875 0.171875
1 0.40078125 0.2390625 0.07109375 0.1734375
1 0.325 0.0765625 0.075 0.15234375
1 0.12109375 0.59296875 0.071875 0.17421875
1 0.32578125 0.2390625 0.0703125 0.17421875
1 0.12421875 0.76484375 0.0734375 0.175
1 0.0515625 0.58828125 0.075 0.1734375
1 0.003125 0.4078125 0.00625 0.17578125
1 0.009375 0.7640625 0.01875 0.17578125
1 0.40625 0.75859375 0.0734375 0.17421875
1 0.0421875 0.078125 0.071875 0.15625
1 0.05390625 0.765625 0.07421875 0.1734375
1 0.05390625 0.928125 0.071875 0.14375
1 0.009375 0.92734375 0.01875 0.1453125
1 0.0546875 0.409375 0.078125 0.1765625
1 0.11796875 0.2375 0.0703125 0.16953125
1 0.396875 0.07421875 0.06875 0.1484375
1 0.3953125 0.41015625 0.0765625 0.1734375
1 0.33125 0.58203125 0.0703125 0.17734375
1 0.1234375 0.92734375 0.06953125 0.14453125
1 0.3328125 0.76171875 0.06953125 0.17578125
1 0.18671875 0.76328125 0.0703125 0.17578125
1 0.40390625 0.58828125 0.07421875 0.1734375
1 0.19375 0.590625 0.0703125 0.17109375
1 0.115625 0.078125 0.06875 0.15625
1 0.0078125 0.0765625 0.015625 0.15234375
1 0.2546875 0.4125 0.06953125 0.17109375
1 0.19375 0.9265625 0.0734375 0.146875
1 0.053125 0.23515625 0.07734375 0.1734375
1 0.4078125 0.9234375 0.071875 0.153125
1 0.47109375 0.91953125 0.0703125 0.1578125
1 0.1859375 0.078125 0.071875 0.15625
1 0.18984375 0.23671875 0.07265625 0.16796875
1 0.334375 0.92578125 0.0734375 0.1484375
1 0.46484375 0.23828125 0.06875 0.17578125
1 0.46640625 0.41328125 0.06953125 0.17109375
1 0.47890625 0.75625 0.06875 0.1765625
1 0.4609375 0.0765625 0.071875 0.15234375
1 0.26953125 0.76171875 0.0828125 0.1765625
1 0.46875 0.58671875 0.07109375 0.1734375
1 0.253125 0.23671875 0.07109375 0.1703125
1 0.25703125 0.5890625 0.0703125 0.17265625
1 0.2625 0.92109375 0.07265625 0.153125
0 0.0078125 0.65 0.015625 0.03515625