1 0.3571181733052793 0.8826008265567363 0.14303078130301117 0.20628898043270852
1 0.11737601687504098 0.18695709897381954 0.14201391832631982 0.22187761284152793
1 0.2511955224021546 0.6436091021079516 0.14681054573098154 0.22511171561506949
1 0.24598711179556512 0.06973584422416687 0.1419742235911302 0.131325348023889
1 0.3357168553417792 0.6721172682361114 0.14848217313564324 0.22827308320625014
1 0.3998760036281971 0.09517486815986145 0.13725200725639414 0.1749298776591668
1 0.3229315577118811 0.08245535619201416 0.13961311542376223 0.1531276128415279
1 0.27461808720079384 0.24135692429628497 0.1451389183263198 0.221950348023889
1 0.20553582593768444 0.833797037803403 0.14168653611233467 0.21250261284152785
1 0.0703324467189242 0.7845938587574653 0.09352185462398896 0.21918771751493066
1 0.1179986204027216 0.8083411364928821 0.14486609981466553 0.21413784802388908
1 0.4565501665970393 0.5110005431217365 0.14686510943331238 0.22667421561506948
1 0.07144350189891654 0.3693325346692709 0.12455359981466554 0.2136650693385418
1 0.16667163402808366 0.05618053086954874 0.13959326805616734 0.10785148043270845
1 0.4046131882814037 0.7002617584524656 0.1499901094333124 0.22674695079743062
1 0.19489338166583098 0.21608286094166682 0.1419047909216581 0.21875261284152794
1 0.16670147131369548 0.6158821859797918 0.1484276094333124 0.22671058320625015
1 0.2852605314726473 0.8590711011580211 0.14475697241000382 0.2110128480238891
1 0.379923179210911 0.48501796494947946 0.14670141832631983 0.22198671561506966
1 0.3480109471822604 0.26414176728618083 0.14670141832631972 0.22198671561506958
1 0.21645839073632364 0.43125391926229184 0.14034229092165812 0.21871624525034736
1 0.5068155175080131 0.31857796019982676 0.14335816351699632 0.21566398043270843
1 0.29780015997361736 0.45812685020809046 0.1434672909216581 0.21878898043270847
1 0.43255956197305034 0.2934311834143406 0.14028772721932725 0.21715374525034736
1 0.14427336668970653 0.3983491938635765 0.14357641832631982 0.22191398043270844
1 0.5547916821213179 0.1276633258911463 0.14664685462398896 0.22042421561506959
1 0.09241823392756722 0.5899541591943056 0.1468105457309815 0.22511171561506949
1 0.050920214690273524 0.5640086018236111 0.07030260943331239 0.2248922036472223
1 0.48158979509800937 0.11034723290125041 0.14130459019601868 0.2015651128415279
1 0.586510418874474 0.03004409669270882 0.0917708377489479 0.03492182028847231
0 0.2753670769491748 0.10632796086541689 0.03272321996293313 0.04291485182361114
0 0.2303845477147161 0.9194624340799308 0.03584821996293312 0.04298758700597247
0 0.3915823871081266 0.3494623246568753 0.03908234736759484 0.04618532218833336
0 0.20817469790005055 0.7081794419637154 0.04075397477225655 0.04934668977951375
0 0.28143114862568996 0.7270580349536113 0.03908234736759484 0.04618532218833345
0 0.17763399291324186 0.48187086189159734 0.045714293283910835 0.057268292553055565
0 0.46637405598260057 0.36759603523795176 0.04593254809323426 0.06351829255305556
0 0.3673562026245559 0.3933935094023961 0.032450401451278844 0.03510235182361114
0 0.43180061542376225 0.15992835239229203 0.03762897477225664 0.04927395459715278