1 0.9234375 0.45234375 0.0734375 0.16875
1 0.92421875 0.8015625 0.07578125 0.17578125
1 0.92265625 0.6296875 0.07578125 0.175
1 0.9796875 0.7984375 0.040625 0.17578125
1 0.9765625 0.0078125 0.046875 0.015625
1 0.92109375 0.2765625 0.071875 0.1734375
1 0.921875 0.00625 0.075 0.01171875
1 0.9796875 0.4515625 0.040625 0.16796875
1 0.975 0.1078125 0.05 0.17578125
1 0.975 0.2828125 0.05 0.17578125
1 0.9796875 0.6265625 0.040625 0.17578125
1 0.07421875 0.86875 0.07421875 0.171875
1 0.92265625 0.10703125 0.07421875 0.16875
1 0.0703125 0.71328125 0.07890625 0.1734375
1 0.140625 0.71328125 0.07578125 0.17578125
1 0.140625 0.86875 0.0765625 0.171875
1 0.92265625 0.9484375 0.075 0.103125
1 0.978125 0.9453125 0.04375 0.1015625
1 0.025 0.8671875 0.04921875 0.171875
1 0.02421875 0.71171875 0.0484375 0.1734375
1 0.08359375 0.97890625 0.0796875 0.0421875
1 0.14765625 0.98046875 0.078125 0.0375
0 0.95 0.5640625 0.01640625 0.02109375