0 0.698255051535537 0.9702553534412868 0.06164661201270878 0.040979524004104914
0 0.2907680596532118 0.8569893016224475 0.05402502678536116 0.05187157220870695
1 0.5520658441492108 0.965636552015231 0.21515344155801355 0.06374537919390769
1 0.32879198538291277 0.9763114733636163 0.21482615909060954 0.044995379193907684
1 0.5337134902541768 0.8094774556060271 0.2205773271096728 0.10596015027114661
1 0.7364645689887026 0.6973491185665972 0.22208528003177203 0.10284424063022612
1 0.1211140787279353 0.8509443555825861 0.1939330064928218 0.10111811416679331
1 0.7466810945562479 0.7902678715916593 0.22364778003177221 0.10285333098930564
1 0.544711265821722 0.9023916634515494 0.22213982710967278 0.10596924063022613
1 0.922665527189103 0.7618560043998042 0.15466894562179406 0.10097266842151917
1 0.7536226156595662 0.8746110553348807 0.22060460064862325 0.1075226502711466
1 0.932073529217698 0.9383730526044062 0.13585294156460392 0.08838176483072288
1 0.9328587333576133 0.8571139622453267 0.13428253328477346 0.10398858411256384
1 0.12900049106495567 0.9446579941462675 0.19862050649282176 0.10114538524403187
1 0.9180638019458695 0.6821912302975033 0.16387239610826115 0.10101812021691714
1 0.11404982669934041 0.7595699218393647 0.18930005357072247 0.1042158430895542
1 0.7635664058376082 0.9519048083599427 0.22167617694751698 0.07940674063022612
1 0.32627491151965093 0.9216330637226958 0.21739778003177204 0.1028169695529872
1 0.30985720454036186 0.7420228317748727 0.21427278003177203 0.10279878883482815
1 0.3176345227215809 0.8294864703385543 0.21114778003177212 0.10278060811666875
1 0.5250867382255819 0.7181121122218854 0.22055005357072233 0.10439765027114642
1 0.12818801338609004 0.9876358345053472 0.1910341030842551 0.024546523807713428