1 0.2109375 0.9296875 0.071875 0.140625
1 0.153125 0.2515625 0.07265625 0.17734375
1 0.14765625 0.5953125 0.075 0.175
1 0.07890625 0.59609375 0.0734375 0.17734375
1 0.22109375 0.2546875 0.0703125 0.178125
1 0.0765625 0.92734375 0.071875 0.1453125
1 0.01875 0.93125 0.0375 0.13671875
1 0.21640625 0.60625 0.07109375 0.17734375
1 0.14375 0.9296875 0.075 0.140625
1 0.2984375 0.61171875 0.07734375 0.17890625
1 0.01875 0.7734375 0.0375 0.1796875
1 0.2921875 0.9296875 0.071875 0.140625
1 0.0203125 0.5921875 0.040625 0.17578125
1 0.30234375 0.08828125 0.0765625 0.17265625
1 0.3015625 0.25625 0.0765625 0.17578125
1 0.30078125 0.43203125 0.07578125 0.17578125
1 0.146875 0.7765625 0.075 0.17734375
1 0.07890625 0.77421875 0.07734375 0.18046875
1 0.2140625 0.771875 0.071875 0.1796875
1 0.21796875 0.43203125 0.07421875 0.17578125
1 0.15078125 0.42734375 0.0734375 0.175
1 0.22890625 0.0859375 0.0703125 0.17109375
1 0.2953125 0.771875 0.07265625 0.178125
1 0.0234375 0.24609375 0.046875 0.171875
1 0.08671875 0.25234375 0.07109375 0.17890625
1 0.08515625 0.425 0.071875 0.17265625
1 0.021875 0.41796875 0.04375 0.171875
1 0.15625 0.08515625 0.071875 0.1671875
1 0.0296875 0.078125 0.059375 0.15625
1 0.0890625 0.0796875 0.07578125 0.159375
0 0.1859375 0.4828125 0.01796875 0.034375
0 0.24765625 0.10234375 0.02421875 0.04296875