1 0.43515625 0.515625 0.071875 0.1609375
1 0.9703125 0.046875 0.059375 0.09375
1 0.7734375 0.04765625 0.06875 0.0953125
1 0.5046875 0.51328125 0.0703125 0.16015625
1 0.4984375 0.9625 0.071875 0.07421875
1 0.85 0.6703125 0.07265625 0.1640625
1 0.23125 0.515625 0.07421875 0.1625
1 0.571875 0.34375 0.06796875 0.15703125
1 0.4328125 0.96484375 0.071875 0.0703125
1 0.50546875 0.84375 0.06953125 0.1640625
1 0.571875 0.67421875 0.06875 0.16484375
1 0.50546875 0.3453125 0.06875 0.1578125
1 0.8515625 0.9609375 0.071875 0.078125
1 0.58125 0.96640625 0.06875 0.0671875
1 0.77578125 0.84140625 0.0703125 0.1640625
1 0.971875 0.3359375 0.05625 0.1640625
1 0.7046875 0.840625 0.07109375 0.16171875
1 0.64140625 0.84375 0.06953125 0.1625
1 0.7796875 0.95859375 0.071875 0.0828125
1 0.85 0.84140625 0.06875 0.1640625
1 0.640625 0.9625 0.06875 0.07421875
1 0.63828125 0.3421875 0.06953125 0.159375
1 0.4359375 0.3484375 0.07265625 0.1625
1 0.9703125 0.17578125 0.059375 0.1640625
1 0.225 0.85234375 0.06796875 0.16328125
1 0.77890625 0.6703125 0.07109375 0.1609375
1 0.9734375 0.50390625 0.053125 0.1640625
1 0.70234375 0.34453125 0.071875 0.1609375
1 0.50078125 0.18828125 0.071875 0.1609375
1 0.7046875 0.95859375 0.071875 0.0828125
1 0.57265625 0.1796875 0.06953125 0.16015625
1 0.915625 0.9625 0.06875 0.07421875
1 0.57109375 0.50625 0.07109375 0.16171875
1 0.7765625 0.503125 0.07109375 0.16640625
1 0.70546875 0.04921875 0.0734375 0.0984375
1 0.903125 0.046875 0.07109375 0.09296875
1 0.76953125 0.3359375 0.0671875 0.16484375
1 0.43515625 0.840625 0.07109375 0.16484375
1 0.84453125 0.334375 0.06796875 0.1640625
1 0.9734375 0.671875 0.053125 0.1640625
1 0.43671875 0.6765625 0.07109375 0.16484375
1 0.29375 0.96640625 0.08125 0.0671875
1 0.640625 0.5046875 0.06796875 0.165625
1 0.7046875 0.18671875 0.07421875 0.15859375
1 0.8484375 0.5015625 0.07109375 0.16640625
1 0.5796875 0.846875 0.06640625 0.16875
1 0.36328125 0.84765625 0.07265625 0.165625
1 0.775 0.178125 0.0671875 0.16015625
1 0.70546875 0.671875 0.07109375 0.16171875
1 0.2265625 0.96875 0.065625 0.0625
1 0.70234375 0.5109375 0.07109375 0.1625
1 0.9125 0.66875 0.0703125 0.1625
1 0.29609375 0.8515625 0.0734375 0.165625
1 0.64296875 0.6734375 0.06875 0.165625
1 0.84296875 0.18359375 0.0703125 0.1609375
1 0.5375 0.0484375 0.1375 0.096875
1 0.50078125 0.675 0.071875 0.1640625
1 0.3671875 0.34921875 0.06796875 0.1578125
1 0.971875 0.9546875 0.05625 0.08984375
1 0.90703125 0.340625 0.06953125 0.16171875
1 0.36328125 0.51484375 0.06796875 0.16015625
1 0.4375 0.18203125 0.06640625 0.15859375
1 0.3625 0.6796875 0.071875 0.165625
1 0.975 0.828125 0.05 0.1640625
1 0.9140625 0.840625 0.07109375 0.16640625
1 0.640625 0.1796875 0.06484375 0.159375
1 0.63828125 0.04921875 0.0703125 0.0984375
1 0.90859375 0.5046875 0.06875 0.1671875
1 0.9078125 0.175 0.0703125 0.16015625
1 0.371875 0.96875 0.06875 0.0625
1 0.84296875 0.046875 0.07109375 0.09296875
1 0.29609375 0.68125 0.06953125 0.16484375
1 0.43828125 0.05078125 0.07109375 0.1015625
1 0.57109375 0.04921875 0.06875 0.09765625
1 0.37109375 0.0546875 0.0703125 0.109375
1 0.23203125 0.3515625 0.06875 0.15546875
1 0.5015625 0.05 0.0703125 0.1
1 0.22578125 0.68125 0.06796875 0.165625
1 0.23671875 0.1921875 0.0734375 0.1515625
1 0.375 0.1921875 0.07109375 0.1609375
1 0.23984375 0.05703125 0.06875 0.1109375
1 0.30546875 0.05078125 0.05859375 0.1015625
1 0.30546875 0.18984375 0.06328125 0.159375
1 0.303125 0.34609375 0.07578125 0.1578125
1 0.3 0.51328125 0.06875 0.1734375
0 0.2546875 0.41015625 0.02578125 0.034375
0 0.25390625 0.7421875 0.02109375 0.0359375
0 0.2546875 0.90234375 0.02578125 0.0359375
0 0.31953125 0.7421875 0.0265625 0.03671875
0 0.32890625 0.7421875 0.02578125 0.03515625
0 0.5328125 0.45078125 0.025 0.03671875
0 0.33125 0.903125 0.028125 0.0359375
0 0.2609375 0.0875 0.0171875 0.02890625
0 0.3875 0.45078125 0.021875 0.02734375
0 0.59453125 0.284375 0.01875 0.03046875