0 0.07355239461332064 0.39160507305248304 0.08833634134309047 0.07340231818121908
1 0.2233582065563687 0.8084362426963994 0.3047067760184537 0.14122856655636581
1 0.23682017520691492 0.926927144076371 0.30316245735199915 0.1427637930174157
1 0.23775541919959706 0.9808061205374209 0.29565794533736345 0.03484219886161455
1 0.2233582065563687 0.8084362426963994 0.3047067760184537 0.14122856655636581
1 0.23682017520691492 0.926927144076371 0.30316245735199915 0.1427637930174157
1 0.23775541919959706 0.9808061205374209 0.29565794533736345 0.03484219886161455
1 0.5038382365929579 0.5340639395327139 0.31257382001909007 0.1460524342511178
1 0.04916563387177862 0.943481218750412 0.08410337468172657 0.11238299756436802
1 0.04201729988864149 0.8194124732146388 0.07790791868236292 0.1169614034085665
1 0.8003581532463677 0.6265245803626742 0.30628745735199914 0.1428183400953163
1 0.4793205892743663 0.4259202029253946 0.30323518268618094 0.14901379301741552
1 0.7733705812778661 0.3950115276027307 0.31729768268618097 0.14925925486796868
1 0.5394179165340971 0.9669485775200052 0.29585794000636334 0.052029698861614196
1 0.8114854625636866 0.7442751420510716 0.2936783693507265 0.1332251517837136
1 0.81478209054746 0.8637245714342205 0.29843859468490813 0.13955697240056467
1 0.20657233792173088 0.5728396619332786 0.3015999573519991 0.14273651947846525
1 0.5228496765595504 0.7797758599874092 0.29847495735199914 0.14268197240056466
1 0.5315696012094603 0.903036081984232 0.29843859468490824 0.13955697240056467
1 0.9605700419319122 0.48469381615921475 0.06853291868236297 0.1167977621748646
1 0.21466555390677705 0.6828322706995765 0.3078135946849083 0.13972061363426674
1 0.032805765296797136 0.5977965718346671 0.06561153059359427 0.12153980925276535
1 0.5117860019096405 0.656556548299012 0.30788632001909005 0.14597061363426675
1 0.8209133645369604 0.9409455905089439 0.2977113413430906 0.07705697240056467
1 0.034917429622865655 0.7023886144483408 0.06983485924573131 0.11685230925276535
1 0.9587268259468662 0.3745921132371154 0.07171246268299925 0.12153980925276535
1 0.4861711206238201 0.30707474553906844 0.29847495735199914 0.14268197240056457
1 0.7853882285964577 0.5033734525216528 0.3047431386855447 0.144353566556366
1 0.02795118264641002 0.3604193027599435 0.05590236529282004 0.12603639448011297
1 0.03355574530554673 0.4767164586041422 0.06711149061109346 0.13719208279171563
1 0.19368362862032032 0.337956147322782 0.31402723201781735 0.136704707790068
1 0.2001143472708665 0.4565697796280303 0.3173885893539081 0.15707175486796868
1 0.7739256592934565 0.28018141437220584 0.3110295013526354 0.14758766071216733
1 0.9538676979630927 0.25516995739291676 0.07189427601845359 0.13716480925276534
0 0.6776842692552764 0.563054189939751 0.059884077339272326 0.04478639448011279
0 0.4848438832750027 0.4211372455390684 0.2982931440165446 0.12705697240056466
0 0.8688745326225474 0.30976772849623513 0.047347714672181594 0.0414432061685102
0 0.8849336952578216 0.540690446028831 0.05821248933799979 0.03538412094116268
0 0.9556569172899565 0.3027852970844912 0.048837489337999786 0.03522047970746058