1 0.2588717932822107 0.8741869548814932 0.2041084899708701 0.09219141926229177
1 0.4550995870931468 0.958469729482778 0.20727895407749278 0.08306054103444396
1 0.8629575511997695 0.9659500751318406 0.2070516335443795 0.06809984973631877
1 0.09329225738883337 0.8718944902163542 0.12750052586424748 0.08884690729444458
1 0.2596961588799015 0.9546524388295833 0.20415395407749282 0.09069512234083348
1 0.8582042035487675 0.8920401760992368 0.20884145407749272 0.09386302203583341
1 0.6589627214954561 0.8866220582237159 0.20727895407749272 0.09382665444465274
1 0.45425248944214475 0.8810766537790629 0.2056709899708702 0.09222778685347244
1 0.25538674359877983 0.9920978874428126 0.20054556927947215 0.015804225114374758
1 0.6598325511997695 0.9620236817051044 0.20723348997087018 0.0759526365897912
1 0.09487514093321281 0.9531263064207639 0.12281302586424747 0.08873780452090294
1 0.08932015973783128 0.7890456226251736 0.1274095976510021 0.08572190729444458
1 0.25960992768451996 0.7922284400638544 0.2041084899708702 0.09219141926229177
1 0.978968715293757 0.9694312921718058 0.042062569412486185 0.061137415656388326
1 0.9808661844149444 0.8967666565319453 0.038267631170111116 0.08426720364722229
1 0.9797295817493776 0.8202041565319453 0.04054083650124483 0.08739220364722229
1 0.6589423379510766 0.8054266096104866 0.20888691818411545 0.0954255220358334
1 0.45262414179114263 0.7982823375746533 0.2041084899708702 0.09219141926229177
1 0.857470766164322 0.8131702936904173 0.20723348997087002 0.09226415444465283