1 0.6077398709127438 0.93671875 0.14044577488562507 0.1265625
1 0.7133904588686466 0.94453125 0.1353945989738195 0.1109375
1 0.49745633434361186 0.93125 0.136012848023889 0.1375
1 0.37216539361416745 0.91875 0.13310605357097244 0.146875
1 0.6849958618915973 0.1609375 0.1521859747331252 0.2953125
1 0.8401166130289592 0.9515625 0.13506729065319467 0.096875
1 0.8103959053945834 0.178125 0.1584359747331252 0.2953125
1 0.5799810535709723 0.146875 0.15055073955076423 0.2921875
1 0.9177726475107988 0.19296875 0.15534734232430553 0.296875
1 0.97331086664125 0.203125 0.05337826671750001 0.29375
1 0.7834028731938545 0.46171875 0.15538370991548653 0.2984375
1 0.8625695752255563 0.775 0.15531097473312522 0.2953125
1 0.7544297669049312 0.7609375 0.15527460714194455 0.29375
1 0.6283212085843062 0.746875 0.15683710714194454 0.29375
1 0.6557136310776392 0.446875 0.15542007750666684 0.3
1 0.39476317296510477 0.71484375 0.1554564450978475 0.3015625
1 0.5194001502636811 0.7328125 0.15538370991548636 0.2984375
1 0.549899388961424 0.43203125 0.15225870991548635 0.2984375
1 0.890343857426285 0.49140625 0.15225870991548618 0.2984375
1 0.9293063995980912 0.95703125 0.10356271751493082 0.0859375
1 0.42529877925402815 0.415625 0.15225870991548635 0.2984375
1 0.9588334053945836 0.5 0.08233318921083281 0.2875
1 0.9437652973964239 0.78359375 0.1124694052071522 0.2890625
1 0.451637848023889 0.1375 0.150150696047778 0.275
1 0.3163413533422226 0.4 0.15538370991548636 0.2984375
1 0.2664420704759035 0.9078125 0.13782992116215292 0.1484375
1 0.34536966422829873 0.13671875 0.15011432845659742 0.2734375
1 0.2863506077106256 0.6890625 0.15225870991548635 0.2984375
0 0.4908841456109377 0.24609375 0.04193423328249999 0.05625
0 0.36572179787138914 0.30625 0.04484102773541672 0.046875
0 0.3192378025241326 0.79296875 0.03880923328250008 0.05625
0 0.5806610393220144 0.5453125 0.040262630508958355 0.0515625
0 0.8604303133546182 0.07890625 0.040189895326597024 0.0484375