1 0.5390793685993781 0.18110017059200345 0.210784852532014 0.10706925469445325
1 0.6429521953877301 0.6764297572406406 0.21114887357870132 0.11331925469445317
1 0.5242286423474886 0.24841493992682154 0.210784852532014 0.10706925469445332
1 0.19617809299689054 0.934581895965956 0.20527830517696727 0.09295221069381725
1 0.49119008724110846 0.41353140993000326 0.21252936305535752 0.11021243602799871
1 0.3938035218937334 0.8791933199395482 0.21280237884037323 0.11489993602799871
1 0.10316461991479609 0.4266704933163644 0.20632923982959217 0.11021243602799871
1 0.8858046372269911 0.3941059638765511 0.18743835779368573 0.10835903469127155
1 0.05711819510538143 0.8279790019891824 0.11423639021076286 0.1096669960216353
1 0.0837517081536803 0.5964926446530916 0.1675034163073606 0.10855902936027154
1 0.5928101692911324 0.9073257685789585 0.20471686305535766 0.11012152936027135
1 0.8289506085701446 0.7000292472151872 0.20931335779368573 0.1086135733609078
1 0.39182452196432055 0.95338479793923 0.20638577886860804 0.08515789202736243
1 0.5180325792780136 0.3413927805935943 0.20618835779368574 0.1085772106938169
1 0.4510223006211671 0.6474342426002758 0.20315436305535753 0.11010334802672617
1 0.7867120877352187 0.9292718518857779 0.2175808841020448 0.11651698002863498
1 0.5816759772401099 0.9644479252466859 0.20171368942018653 0.05855902936027135
1 0.11486978192296693 0.3601369739815463 0.21243835779368575 0.1086499360279987
1 0.20854085608048303 0.8563659892982288 0.2095863735787013 0.11330107336090797
1 0.8736693872975781 0.4684156205442783 0.20297235253201373 0.10697834802672598
1 0.08864360548049208 0.5105096913192279 0.17728721096098415 0.11170221069381689
1 0.050891310932749276 0.903805705323046 0.10178262186549855 0.10176358935390795
1 0.8955884318806145 0.30655141987591483 0.1778813472703419 0.10512494668999892
1 0.7762149325158992 0.9754565085535052 0.20329159997176519 0.03203289202736244
1 0.45782530844308766 0.5708444705999576 0.21114887357870132 0.11331925469445334
1 0.2730631715690325 0.5394233899586383 0.20784186305535757 0.11015789202736244
1 0.07090695029646611 0.6755261639879097 0.14181390059293222 0.10832267202418074
1 0.6219046770424658 0.7563081612428679 0.2060063472703421 0.1054522106938169
1 0.7019147556146077 0.3611132925684591 0.209222352532014 0.1070510733609078
1 0.6498462084713226 0.5982774852403224 0.2142738735787013 0.11335561736154424
1 0.25344164533126035 0.62162736262732 0.21252936305535758 0.11021243602799871
1 0.12718704237572348 0.28270231731381906 0.20940436305535762 0.1101760733609078
1 0.0649530819088495 0.7466653673217734 0.129906163817699 0.10979426535645338
1 0.23855312172432425 0.7029955412953653 0.21252936305535758 0.11021243602799871
1 0.43526152175255906 0.7303740119350939 0.20306335779368573 0.10854084802672617
1 0.8486176374387526 0.6170440245465055 0.20435284200867015 0.10387152936027136
1 0.9050159107633402 0.23851903520850573 0.16703485253201364 0.10656017735518084
1 0.42096453234648995 0.8015859406031393 0.2060063472703421 0.1054522106938169
1 0.16804580275789283 0.13076709997613745 0.20913134727034208 0.1054885733609078
1 0.9122361475385732 0.16817017254141486 0.16060284200867017 0.10336245202099903
1 0.818241350748224 0.776664472549369 0.20949536831702958 0.1117385733609078
1 0.8035803402954675 0.8541264012174145 0.20931335779368573 0.10861357336090798
1 0.14928882650600334 0.1981273226448192 0.21051183674699833 0.10238175469445325
1 0.7308727554734334 0.21243943523236827 0.21252936305535747 0.11021243602799871
1 0.22503738231825507 0.774198379296638 0.20931335779368573 0.1086135733609078
1 0.28827791886760934 0.4658586206238201 0.20618835779368574 0.1085772106938169
1 0.3367209370716993 0.23732454061904767 0.2060063472703421 0.10545221069381691
1 0.7175845292215438 0.27973602323364094 0.21060284200867016 0.10394425469445326
1 0.32325070029646613 0.3077461286203203 0.20922235253201382 0.1070510733609078
1 0.48333281363417235 0.49481777259709414 0.20765985253201397 0.10703289202736244
1 0.9563083110739236 0.5642633751989607 0.024862763083592653 0.0783613573360908
1 0.3608934554169636 0.1574097739497296 0.20931335779368573 0.1086135733609078
1 0.6839467346385074 0.4417365839035954 0.21096686305535747 0.11019425469445321
1 0.862778118952314 0.54817584587846 0.202881347270342 0.10541584802672617
1 0.669831755755782 0.5098235125716407 0.21096686305535747 0.11019425469445317
1 0.6040276613280374 0.8353689525780041 0.21096686305535747 0.11019425469445317
1 0.1851492737481105 0.06498755864100118 0.20582433674699835 0.10232721069381694
1 0.5639043343279239 0.11679222258913993 0.20435284200867015 0.10387152936027148
1 0.30624593984370957 0.3852353292886839 0.206006347270342 0.1054522106938169
1 0.3687584342996891 0.08939557061586598 0.2104208314853265 0.10081925469445327
1 0.7489849896178307 0.1427445532304593 0.209222352532014 0.1070510733609078
1 0.055720108005447244 0.1156789966581822 0.04241428413027985 0.08481135200509068
1 0.0679540684723212 0.05307899932368226 0.04205026308359246 0.07856135200509066
0 0.07488660793486007 0.04128752398950048 0.043355157850155465 0.04734771467218156
0 0.7054830164908872 0.7287911412317319 0.04253611049510884 0.033285214672181596
0 0.07814041055157857 0.025635251989182317 0.041610647326811766 0.04420453333863612
0 0.6555307061934225 0.9698343119032771 0.027745568401734033 0.02062158267027243
0 0.47899756924878006 0.8641490279280942 0.03132559471009326 0.028470445337363516
0 0.26758265613695276 0.9150137359564111 0.027654563140062205 0.019059082670272433
0 0.12345103746698746 0.6551494819780465 0.024529563140062206 0.019022720003181705