1 0.48850486281106054 0.9015625 0.15114538524403187 0.196875
1 0.5885594049655383 0.8921875 0.15123628883482815 0.2125
1 0.7058696248131131 0.87109375 0.1559328791939077 0.2140625
1 0.6915875363007452 0.103125 0.15744992739850955 0.20625
1 0.6221279674116879 0.359375 0.16574421642972936 0.2890625
1 0.4499792148776051 0.675 0.16888739714788858 0.2921875
1 0.510286497564113 0.38046875 0.16106580678880889 0.290625
1 0.4070705939733169 0.39609375 0.1704680778660478 0.2953125
1 0.4664375453759315 0.12890625 0.16087490924813697 0.2578125
1 0.37203952547704305 0.91171875 0.14946471057599683 0.1765625
1 0.6666809015476927 0.62421875 0.16735216822512733 0.296875
1 0.8064903736347627 0.09296875 0.1557692527304745 0.1859375
1 0.5532223895456402 0.6546875 0.1657533067888089 0.290625
1 0.8177020043016082 0.8515625 0.1496737888348279 0.2125
1 0.7370762565411035 0.34140625 0.1657623971478886 0.2921875
1 0.5766665182485685 0.11640625 0.15916696350286302 0.2328125
1 0.9560297478587007 0.575 0.08294080678880889 0.290625
1 0.9819781277399795 0.81484375 0.02775333703943019 0.2046875
1 0.887758554352922 0.08984375 0.12135789129415606 0.1796875
1 0.9303040817748727 0.296875 0.12665444535249043 0.284375
1 0.2952382144848217 0.415625 0.16578966822512733 0.296875
1 0.8520427263886784 0.3203125 0.1657623971478884 0.2921875
1 0.8988803231906657 0.5953125 0.1673430778660478 0.2953125
1 0.3373746757481896 0.69296875 0.1626464875069681 0.29375
1 0.7839047629840111 0.61796875 0.1673339875069683 0.29375
1 0.9256690404059619 0.825 0.14037151170746504 0.225
1 0.37652561768283443 0.140625 0.1405896803253758 0.2625
1 0.25377846409203825 0.15625 0.16241922852997764 0.2546875
0 0.3641165212736306 0.125 0.09659424063022612 0.2203125
0 0.35485358811958445 0.50859375 0.03783634328594587 0.0578125
0 0.3614212298065239 0.58828125 0.05346134328594587 0.0578125
0 0.4588871031466991 0.48671875 0.05820338544042354 0.0671875
0 0.8048581332991243 0.5078125 0.0738829275949012 0.0765625
0 0.4044207543016084 0.8515625 0.04881929508134388 0.065625