1 0.72109375 0.6312417311793531 0.115625 0.24757282092583352
1 0.51171875 0.977885367244561 0.1046875 0.04422926551087798
1 0.53046875 0.8536132291124385 0.1171875 0.2507705955329393
1 0.97265625 0.6484271929233962 0.0546875 0.24004711124870504
1 0.95546875 0.883351001962216 0.053125 0.23329799607556784
1 0.890625 0.9937223447043697 0.10625 0.012555310591260494
1 0.846875 0.17850633705137472 0.11875 0.23365587014004516
1 0.5265625 0.616712542594674 0.1203125 0.25091614474715096
1 0.8328125 0.405976365587422 0.115625 0.24601032092583336
1 0.78515625 0.9913207826698764 0.1015625 0.017358434660247113
1 0.9875 0.2006810516909019 0.025 0.22928939371369372
1 0.940625 0.19537281347772617 0.11875 0.24303087014004515
1 0.55546875 0.1477463728261323 0.1203125 0.24935364474715102
1 0.61953125 0.8468238817174726 0.1140625 0.24750004631872774
1 0.7359375 0.4014643399468588 0.1171875 0.24764559553293938
1 0.75 0.17243181141081157 0.115625 0.24757282092583344
1 0.98125 0.4160149532624785 0.0375 0.23924659057054054
1 0.7953125 0.8788753636252059 0.1171875 0.24224927274958824
1 0.9 0.8770164379632522 0.1171875 0.24596712407349566
1 0.53984375 0.38061237675507376 0.121875 0.2509889193542569
1 0.59765625 0.981485556243525 0.1015625 0.03702888751294999
1 0.63203125 0.6122498285743193 0.1203125 0.24779114474715094
1 0.46484375 0.13805669561399259 0.1203125 0.23841614474715103
1 0.93046875 0.4066185285315381 0.1203125 0.24779114474715094
1 0.6578125 0.15798185959156597 0.115625 0.24288532092583348
1 0.81171875 0.6307751583914929 0.1171875 0.24764559553293922
1 0.44765625 0.37241242493582816 0.115625 0.25069782092583354
1 0.4359375 0.6007728653825343 0.1171875 0.24764559553293922
1 0.41328125 0.9716867171207266 0.1046875 0.05662656575854683
1 0.70703125 0.8571492597154006 0.1203125 0.24622864474715095
1 0.915625 0.6426459197640325 0.1171875 0.24764559553293922
1 0.70390625 0.9839598928851242 0.1015625 0.032080214229751644
1 0.646875 0.37778493734182494 0.1171875 0.2492080955329393
1 0.421875 0.8430866439185815 0.11875 0.24928087014004524
0 0.45859375 0.7526093471855692 0.0359375 0.05167381596343468
0 0.5875 0.8843945022718025 0.0515625 0.05396406203449331
0 0.47421875 0.45724334325662774 0.0375 0.04549659057054054
0 0.5078125 0.05958924730940366 0.0296875 0.04669521753501129
0 0.56953125 0.526526344290085 0.0375 0.05174659057054054
0 0.68359375 0.3091826406088126 0.0390625 0.054944365177646406