1 0.7346323789255259 0.3111839423042237 0.1253422954602888 0.23209337014004516
1 0.8127145441401407 0.7423654758026696 0.11909229546028888 0.2318022717116218
1 0.8346323789255259 0.31584151715899855 0.11909229546028888 0.2318022717116218
1 0.5402939748606683 0.7109526941662505 0.11435933135366608 0.23002144789030404
1 0.9199022891920826 0.32371398324626777 0.11909229546028896 0.2318022717116217
1 0.5489546063599837 0.49914405293375613 0.11614915188677948 0.23790672249741007
1 0.9688385797043134 0.3278235944949728 0.062322840591373205 0.23437930810555194
1 0.5300935754146643 0.9104067688161376 0.11988190564770314 0.1791864623677249
1 0.8427079887172291 0.13755385131939835 0.11681909012915463 0.1536772717116217
1 0.6313963479802066 0.7315798713783902 0.12387072367353405 0.2351455955329392
1 0.6153634856812211 0.9163507078151018 0.1149670851145899 0.16729858436979655
1 0.7282700333195878 0.5215392454473768 0.11909229546028861 0.2318022717116218
1 0.558055507059629 0.27565304900481474 0.11936508010002492 0.2411772717116218
1 0.898166310833188 0.756487941889939 0.1142229390337981 0.22533394789030403
1 0.9240261848771629 0.14368188088890294 0.1118588054894186 0.14408394789030415
1 0.9747643192794723 0.15943746753050209 0.050471361441055504 0.1555265620344933
1 0.7072685261934518 0.7382344398230243 0.11601275956691133 0.23321922249741006
1 0.7348500246106062 0.1309699034290942 0.10946123119538154 0.16893839867609245
1 0.8222700859060126 0.5344994718737283 0.11605822367353405 0.23478172249741008
1 0.8882925203209571 0.932129873240417 0.1097340158351173 0.13574025351916602
1 0.6483896873844455 0.10899855003827204 0.10569973370266403 0.14691784946188072
1 0.7990936280010891 0.9253319096343471 0.1131318004748536 0.14933618073130575
1 0.9535224344149444 0.9369650765074047 0.09295513117011112 0.12606984698519064
1 0.9578527501646021 0.7736797499954908 0.08429449967079564 0.22311647642635143
1 0.9075854602791921 0.5439344379609976 0.11610368778015712 0.23634422249741008
1 0.6959231638944664 0.9212950729927482 0.11947272868809904 0.15740985401450375
1 0.5623157950645774 0.10030844664744987 0.11369409012915473 0.15353172249741004
1 0.6403368096460538 0.28806746587787224 0.11895590314042082 0.2271147717116217
1 0.6335796589464084 0.5116676317174724 0.12092758010002491 0.24125004631872754
1 0.9634955133278351 0.5508608341558906 0.07300897334432968 0.23517982878371627
0 0.6789794239901032 0.382710031841307 0.041897994985435005 0.04564213978475227