1 0.23030266904410998 0.6724302441275053 0.18107143992586622 0.08955790815498563
1 0.5771677784774224 0.9057334552646271 0.18096231252120454 0.08643290815498546
1 0.5740452676776492 0.9647954204602888 0.17783731252120455 0.07040915907942243
1 0.916861412061793 0.8549571830947962 0.16627717587641405 0.08955790815498546
1 0.3976265782999372 0.6812011535361322 0.17476687622353532 0.08781355172849495
1 0.4071131949048256 0.7517182420159342 0.17783731252120455 0.08634197994174038
1 0.5737104509800934 0.9987797954602888 0.17242063702330857 0.0024404090794224232
1 0.9154638477688989 0.930579308721617 0.16907230446220217 0.08799540815498545
1 0.23178581269084053 0.7372512620741939 0.1763293762235354 0.08785901583511765
1 0.40606161559339815 0.8110023138026887 0.17649306733052797 0.09254651583511767
1 0.23136420515644468 0.8816233877010144 0.17476687622353532 0.08781355172849495
1 0.5729837315653146 0.7635686873179384 0.18118056733052795 0.09268290815498563
1 0.5712277694069298 0.6909351693712498 0.18085318511654283 0.08330790815498564
1 0.7438468469890767 0.9183878826199425 0.17950893992586608 0.08951244404836274
1 0.3980705555192644 0.8950590650563301 0.17482143992586624 0.08937605172849494
1 0.2321479443566715 0.9487654235943918 0.1732043762235353 0.08776808762187223
1 0.9155655241314351 0.779153201041485 0.1688689517371298 0.0863874440483631
1 0.7492089587846419 0.9708343033778476 0.18079862141421188 0.058331393244304766
1 0.9159412636057389 0.7129288074679756 0.1681174727885221 0.0896943004748536
1 0.7464460242162531 0.70227714931299 0.18096231252120454 0.08643290815498564
1 0.7442982255748648 0.841916310833188 0.1810168762235353 0.08799540815498545
1 0.9146429195922643 0.9756558471887837 0.17071416081547142 0.04868830562243254
1 0.0911409984403555 0.9337361539983504 0.12007937622353534 0.08622230799670091
1 0.23410477003990188 0.803657512074194 0.1810168762235354 0.08799540815498555
1 0.7465849226723071 0.773302703153056 0.1844146947351895 0.09589883636823107
1 0.5714237207655414 0.8306425270513816 0.17783731252120455 0.08634197994174038
1 0.40025310361249866 0.9568034125427299 0.17789187622353536 0.08639317491454009
1 0.08599959753723084 0.6971083322115958 0.1282391058051153 0.1410916644231918
1 0.08628482893290934 0.7946736539983505 0.1204067584375205 0.0955973079967011
1 0.08329374898850968 0.7313696719450392 0.1184623125212045 0.08461434389007838
1 0.09046638664479041 0.8697191181049732 0.12309524881887364 0.08318823620994635
1 0.08083838238362115 0.6610571719450392 0.11835318511654278 0.08148934389007838
0 0.33991082593768446 0.8387348572179135 0.040044646641955416 0.029261602665566856