0 0.799775723560008 0.4133877888531055 0.032976126463433175 0.029270837748947943
1 0.7451710785534188 0.13253958213701633 0.20228063836728988 0.1304762176006804
1 0.8932535336684666 0.3226412485644196 0.1976022287263696 0.13187502649368782
1 0.12390409085005896 0.3182638719623661 0.19916472872636942 0.1319295901960187
1 0.9136438226014905 0.17430295228528392 0.17103972872636958 0.13094744355406326
1 0.7091376089022356 0.2845485154394606 0.2054147287263694 0.1321478450053421
1 0.923409708041914 0.10678807007129879 0.1522533672900508 0.12404267912609299
1 0.9770422055078314 0.4204760586385534 0.04113406010845892 0.08891865626060227
1 0.3967159187161067 0.022214761980899552 0.20656816256778665 0.044429523961799104
1 0.7275608768562165 0.20579603286265574 0.19917381908544912 0.13349209019601868
1 0.7572988947120016 0.06181785436953493 0.19442268657189174 0.12239089908902612
1 0.3056580848981306 0.35956345064082135 0.2022988190854491 0.1336012176006804
1 0.8740626512531051 0.3990772629923899 0.1975931383672897 0.13031252649368782
1 0.5786244488685318 0.040089253543379055 0.20212610226293642 0.08017850708675811
1 0.520352364854164 0.24349447342149416 0.20699540944452863 0.13532740870767296
1 0.904631916083828 0.24647805264810363 0.18824540944452864 0.13467264427970269
1 0.5579437893258073 0.09221222641671904 0.2054238190854491 0.13371034500534212
1 0.14311315398357963 0.23870285753439582 0.19444086729005097 0.1255158990890261
1 0.9829518379231927 0.3445038356803954 0.030242011903856537 0.09634921034428619
1 0.5403017713718264 0.17093742714235843 0.20853972872636942 0.13225697241000384
1 0.6899467264868742 0.3609845298674309 0.20071813836728972 0.13042165389834953
1 0.32487169321119114 0.27922118621285114 0.1991374576491305 0.12724209019601868
1 0.19663865066392994 0.03879711597191633 0.18484769867214013 0.07759423194383266
1 0.3753903645595764 0.060473691971632826 0.206986319085449 0.12094738394326565
1 0.35619948214421504 0.13050094401739945 0.20853972872636942 0.13225697241000384
1 0.5034961420797229 0.3214111422959681 0.2101294998036082 0.1369990361123347
1 0.9680030279129299 0.4973386590013732 0.05832156010845857 0.0895188569862416
1 0.18146764773706373 0.0905183286784553 0.19291472872636942 0.13171133538669527
1 0.16459778942400322 0.1707787475529293 0.19916472872636942 0.1319295901960187
1 0.49288991930528187 0.3991095563611187 0.20697722872636942 0.13220240870767297
1 0.3424591690106943 0.2098709854872117 0.2054238190854491 0.13371034500534212
1 0.6723183440715127 0.43736598059307025 0.2022988190854491 0.1336012176006804
1 0.8587643832991242 0.47772061816453304 0.20853972872636958 0.13225697241000384