1 0.54645102837853 0.9498230218238686 0.19003850180902226 0.05826395861557003
1 0.3511385283785301 0.9600589162150875 0.19628850180902227 0.05859150723608906
1 0.35386405868168336 0.9074285611721337 0.19800813206674714 0.09140400723608906
1 0.16956654454818915 0.7541408661242306 0.19463747060135783 0.08655273292582973
1 0.9148602758921391 0.931486943127339 0.17027944821572163 0.0553027329258299
1 0.0629933972162941 0.9179720720262672 0.033618083446228096 0.07655585594746554
1 0.7321937765695077 0.8915181196307337 0.20096935775648744 0.08844278154634892
1 0.05898092661493626 0.8414095720262672 0.033781857756487586 0.07968085594746555
1 0.16676352837853006 0.9697216005203984 0.18378850180902231 0.05793640999505101
1 0.7324704155336598 0.9416409503634281 0.19612472749876275 0.055466507236089056
1 0.3557740394598065 0.8242885125516146 0.19488313206674715 0.0912402329258298
1 0.17170997794898873 0.9146246647447496 0.18994997060135782 0.08630707146044045
1 0.5476959458368131 0.8988370539360442 0.19315685775648764 0.08803334577069996
1 0.9143534642119793 0.8837078623946443 0.17129307157604146 0.0881152329258299
1 0.05468185097062428 0.7593783220262674 0.03378185775648759 0.07968085594746518
1 0.730156563770066 0.807801538898039 0.2012150192218769 0.09313028154634884
1 0.16815120872711187 0.8317712211671846 0.19027751922187686 0.09255707146044045
1 0.5456996766149362 0.8159017232033496 0.19159435775648764 0.08795145861557004
1 0.5464156495911433 0.7398748117379604 0.19480124491161738 0.08967773292582973
1 0.35394154454818916 0.7444781818189199 0.19768058344622813 0.08515400723608924
1 0.7269253431687082 0.731198095320474 0.18534435775648744 0.08762390999505136
1 0.911101771821839 0.7291874587311712 0.177796456356322 0.08917976594251656
1 0.9129442328122584 0.8007315880843848 0.17411153437548316 0.08984150723608915