0 0.35234375 0.23359375 0.01953125 0.025
1 0.11875 0.34921875 0.06953125 0.16953125
1 0.1125 0.0453125 0.06875 0.08984375
1 0.2546875 0.17265625 0.07421875 0.16328125
1 0.409375 0.859375 0.07265625 0.1734375
1 0.11640625 0.1734375 0.0703125 0.17421875
1 0.0109375 0.5234375 0.021875 0.171875
1 0.1796875 0.0453125 0.071875 0.08984375
1 0.25859375 0.34453125 0.071875 0.171875
1 0.009375 0.35 0.01875 0.16796875
1 0.0515625 0.17578125 0.0734375 0.171875
1 0.31875 0.04296875 0.06875 0.0859375
1 0.053125 0.69609375 0.07578125 0.17421875
1 0.0109375 0.696875 0.021875 0.17578125
1 0.0546875 0.875 0.0734375 0.17890625
1 0.1859375 0.346875 0.0734375 0.16796875
1 0.05390625 0.3578125 0.07265625 0.16328125
1 0.40625 0.68359375 0.07265625 0.16875
1 0.325 0.171875 0.0703125 0.165625
1 0.05 0.525 0.0734375 0.17109375
1 0.2609375 0.52109375 0.07265625 0.17421875
1 0.1828125 0.17265625 0.07265625 0.1734375
1 0.12109375 0.52421875 0.071875 0.17265625
1 0.33671875 0.8609375 0.0703125 0.1734375
1 0.2484375 0.046875 0.071875 0.09375
1 0.19375 0.52109375 0.071875 0.1765625
1 0.32890625 0.34375 0.07109375 0.16875
1 0.3328125 0.68515625 0.06875 0.16796875
1 0.0484375 0.046875 0.071875 0.09375
1 0.1265625 0.8734375 0.07265625 0.1765625
1 0.00625 0.046875 0.0125 0.09375
1 0.125 0.69453125 0.07265625 0.17421875
1 0.19609375 0.69296875 0.071875 0.175
1 0.33203125 0.51796875 0.07421875 0.1765625
1 0.390625 0.040625 0.06875 0.08125
1 0.00625 0.178125 0.0125 0.17578125
1 0.1984375 0.86796875 0.07265625 0.175
1 0.27109375 0.8625 0.07265625 0.17890625
1 0.403125 0.50859375 0.0703125 0.17421875
1 0.26875 0.6859375 0.07265625 0.1734375
1 0.0109375 0.8765625 0.021875 0.17578125
1 0.4 0.33984375 0.07265625 0.1703125
1 0.396875 0.165625 0.0703125 0.17421875
1 0.41015625 0.97265625 0.0703125 0.0546875
1 0.3390625 0.975 0.06953125 0.05
1 0.2015625 0.97734375 0.071875 0.04453125
1 0.0546875 0.98125 0.0734375 0.0359375
1 0.0125 0.978125 0.025 0.03515625
1 0.271875 0.975 0.07109375 0.04921875
1 0.128125 0.98046875 0.07421875 0.03828125