1 0.9796875 0.3359375 0.040625 0.1640625
1 0.92578125 0.6703125 0.07109375 0.1625
1 0.98125 0.8359375 0.0375 0.171875
1 0.928125 0.95859375 0.06875 0.0828125
1 0.7921875 0.8390625 0.0703125 0.16875
1 0.71953125 0.50078125 0.0703125 0.1671875
1 0.98125 0.6640625 0.0375 0.1640625
1 0.72578125 0.8421875 0.06953125 0.16953125
1 0.7171875 0.9609375 0.071875 0.078125
1 0.928125 0.8390625 0.07109375 0.1703125
1 0.92421875 0.340625 0.0703125 0.17109375
1 0.98125 0.95859375 0.0375 0.0828125
1 0.71875 0.3375 0.07109375 0.16796875
1 0.86015625 0.3359375 0.06875 0.1671875
1 0.790625 0.95859375 0.06875 0.0828125
1 0.86171875 0.8375 0.06953125 0.1671875
1 0.9265625 0.046875 0.06953125 0.09375
1 0.978125 0.0484375 0.04375 0.096875
1 0.8609375 0.95859375 0.071875 0.0828125
1 0.86171875 0.66640625 0.06796875 0.165625
1 0.790625 0.3390625 0.0703125 0.16796875
1 0.9234375 0.17734375 0.0703125 0.16015625
1 0.9796875 0.1796875 0.040625 0.15625
1 0.98125 0.50390625 0.0375 0.1640625
1 0.78515625 0.66875 0.07109375 0.1734375
1 0.92421875 0.50703125 0.06953125 0.1671875
1 0.725 0.175 0.06875 0.1640625
1 0.71640625 0.67265625 0.0765625 0.171875
1 0.8609375 0.1765625 0.06875 0.15859375
1 0.7859375 0.49921875 0.0703125 0.1640625
1 0.790625 0.1796875 0.07109375 0.1625
1 0.86171875 0.046875 0.06953125 0.09375
1 0.8625 0.5046875 0.06796875 0.16328125
1 0.78984375 0.0484375 0.07109375 0.096875
1 0.75859375 0.04921875 0.1453125 0.0984375
1 0.72578125 0.046875 0.06953125 0.09296875
0 0.95234375 0.27890625 0.02109375 0.0234375
0 0.74765625 0.11171875 0.0203125 0.02421875
0 0.81796875 0.27578125 0.0171875 0.0234375