1 0.9205036738469324 0.1981676254938066 0.07308743145709187 0.1300344924781526
1 0.7382441816688532 0.1161721647523962 0.32380006299888786 0.1763257854311589
1 0.15618596320359063 0.18595553503544748 0.31237192640718126 0.1794053213245362
1 0.14449345264495336 0.08469691191590935 0.2889869052899067 0.11314382383181869
1 0.45145754223454915 0.14930394734706826 0.32223756299888784 0.17628032132453622
1 0.007760021117274566 0.20502848079967012 0.015520042234549131 0.1381819615993402
1 0.9133652790097824 0.09231243058751383 0.06674642619541978 0.1282901360516619
1 0.7453370738751673 0.22280860965868898 0.3221465577372159 0.17471782132453623
1 0.17292447660482535 0.3094528710079671 0.32361805247554415 0.17320078543115888
1 0.4276475868881727 0.06096286137454865 0.3134548262236546 0.1058314290046682
1 0.45928618181002745 0.25674437430667235 0.3253625629988878 0.1763712495377816
1 0.7306206684440864 0.045518683952726104 0.3106336631118273 0.05739392900466818
1 0.012478342220431697 0.3083808013327835 0.024956684440863394 0.13238660266556704