1 0.1025224318965096 0.7706388107606841 0.13406696955298725 0.22103669467652337
1 0.040320472970832806 0.19365715809894582 0.08064094594166561 0.18456068380210838
1 0.17451560656454462 0.7473976289357422 0.13406696955298725 0.22103669467652337
1 0.10135744603986148 0.16536106174926735 0.12288402985783757 0.17840352570316256
1 0.11402703757729146 0.9412232247911291 0.0615647347764936 0.11029551285158128
1 0.15551964598854784 0.9246922993919776 0.13204995159900634 0.14284802768032884
1 0.17410914481019746 0.14599429642622816 0.11977721057599684 0.18140119171077376
1 0.2480849167711991 0.7217490301146057 0.1403169695529872 0.2212913626613009
1 0.22823952850210513 0.9107942840689385 0.136864716626121 0.16491402866891214
1 0.3380695673369332 0.6938694278334283 0.13092378883482797 0.21778436068413445
1 0.2231092053114395 0.3158319525480076 0.12780787919390765 0.2192195266917457
1 0.11937917555179782 0.5582833907987403 0.13563855991206686 0.2226628616727176
1 0.2845365429400446 0.49766027270023194 0.13410333098930566 0.22728669467652335
1 0.030436412862374213 0.3877891600761122 0.060872825724748426 0.22129667984777565
1 0.05721201541989811 0.5819874876427104 0.11442403083979621 0.22352502471457925
1 0.3885321338882994 0.8808309169590134 0.13244992739850953 0.21159802768032882
1 0.06722106796570144 0.3636049021674468 0.1344421359314029 0.22422536167271767
1 0.2046672357584523 0.5321572895061459 0.13564765027114645 0.2242253616727176
1 0.3079815706565829 0.8981722672630245 0.13072380093507635 0.18340936068413427
1 0.1503438710024841 0.33754246787104686 0.13093287919390764 0.21934686068413453
0 0.02666651824856848 0.11529207756659816 0.02668067466803503 0.021394838935304694