1 0.0296875 0.63671875 0.059375 0.1640625
1 0.30390625 0.64375 0.06953125 0.1703125
1 0.028125 0.31640625 0.05625 0.1640625
1 0.36953125 0.6453125 0.0703125 0.165625
1 0.0984375 0.31484375 0.06953125 0.16328125
1 0.1640625 0.815625 0.06796875 0.1640625
1 0.22890625 0.31875 0.06796875 0.16015625
1 0.1 0.64453125 0.0703125 0.16484375
1 0.16328125 0.64765625 0.0671875 0.16796875
1 0.22734375 0.8171875 0.0703125 0.17109375
1 0.4296875 0.040625 0.0671875 0.08046875
1 0.3015625 0.31875 0.06953125 0.1609375
1 0.37265625 0.81796875 0.06953125 0.1703125
1 0.03125 0.0328125 0.0625 0.065625
1 0.03125 0.946875 0.0625 0.10546875
1 0.1 0.81640625 0.071875 0.165625
1 0.225 0.6484375 0.0703125 0.16796875
1 0.0296875 0.8125 0.059375 0.1640625
1 0.3671875 0.3140625 0.06953125 0.16484375
1 0.3046875 0.8078125 0.06796875 0.1703125
1 0.228125 0.03515625 0.06875 0.0703125
1 0.3 0.1546875 0.06796875 0.16328125
1 0.09765625 0.15 0.0703125 0.15859375
1 0.028125 0.146875 0.05625 0.16015625
1 0.1 0.475 0.071875 0.16640625
1 0.4421875 0.815625 0.06796875 0.1671875
1 0.0296875 0.4765625 0.059375 0.1640625
1 0.0984375 0.946875 0.071875 0.10546875
1 0.165625 0.31015625 0.07578125 0.16484375
1 0.42578125 0.3140625 0.06796875 0.165625
1 0.4328125 0.94296875 0.071875 0.1140625
1 0.1625 0.146875 0.07265625 0.1609375
1 0.0953125 0.03515625 0.06875 0.0703125
1 0.30546875 0.478125 0.07109375 0.16484375
1 0.22734375 0.1546875 0.06953125 0.16328125
1 0.296875 0.03671875 0.06875 0.0734375
1 0.225 0.478125 0.0703125 0.16640625
1 0.3046875 0.946875 0.065625 0.10546875
1 0.42890625 0.48125 0.06953125 0.1640625
1 0.16875 0.946875 0.06875 0.10546875
1 0.3703125 0.946875 0.071875 0.10546875
1 0.43984375 0.6484375 0.06796875 0.16640625
1 0.234375 0.946875 0.075 0.10546875
1 0.16328125 0.478125 0.06796875 0.1671875
1 0.3671875 0.4796875 0.06796875 0.1625
1 0.36640625 0.15078125 0.078125 0.16328125
1 0.3578125 0.03671875 0.06640625 0.0734375
1 0.43125 0.15625 0.06796875 0.159375
1 0.15546875 0.0359375 0.0703125 0.071875
1 0.384375 0.03984375 0.1109375 0.0796875
0 0.41875 0.5796875 0.02578125 0.0328125