1 0.2881848966091779 0.07913676044923587 0.22708053846084475 0.1504403303564585
1 0.4965067030620999 0.34820949629718706 0.23660108767505647 0.15378353590354185
1 0.4950983684874153 0.21089133425308987 0.22729886228216234 0.1551278303564585
1 0.29293655500517995 0.21169468731097196 0.23347608767505648 0.1537108007211808
1 0.5014661466091779 0.07547762471565955 0.22722608767505642 0.1509552494313191
1 0.2895118403656528 0.35224695212861085 0.23958053846084476 0.15073127108590292
1 0.10008989123249434 0.014643728248506937 0.1685702175350113 0.029287456497013874
1 0.09685674844981404 0.35771962139090274 0.19371349689962808 0.15320165444465292
1 0.09625210773404834 0.07814122416444436 0.18311221463952718 0.14473453780340292
1 0.903538068858919 0.060057492497464934 0.19190501778268043 0.12011498499492987
1 0.7168193188589189 0.06593701092420114 0.22537248924663303 0.13187402184840227
1 0.7211621007047351 0.3336157469627771 0.23347608767505648 0.1537108007211808
1 0.09686105655536592 0.22336280518649296 0.19372211311073184 0.15294708130638907
1 0.9020674983473702 0.3200402901814228 0.17097608767505648 0.1522560970739585
1 0.9007319383797915 0.1811596281373256 0.18630998924663303 0.14636977298576404
1 0.7096702907371564 0.19497147426135358 0.22886136228216217 0.15516419794763908