1 0.2484375 0.98828125 0.071875 0.0234375
1 0.325 0.89765625 0.071875 0.165625
1 0.24921875 0.89921875 0.07265625 0.171875
1 0.0046875 0.3984375 0.009375 0.171875
1 0.32421875 0.57265625 0.07109375 0.17265625
1 0.24921875 0.5625 0.075 0.16796875
1 0.325 0.9921875 0.075 0.015625
1 0.3828125 0.5703125 0.0703125 0.17265625
1 0.0453125 0.565625 0.0734375 0.171875
1 0.0421875 0.9921875 0.071875 0.015625
1 0.18046875 0.39453125 0.07109375 0.16875
1 0.396875 0.98828125 0.06875 0.0234375
1 0.24765625 0.72578125 0.0703125 0.1703125
1 0.18125 0.5640625 0.06953125 0.165625
1 0.0421875 0.8984375 0.0734375 0.171875
1 0.03828125 0.3984375 0.07265625 0.16796875
1 0.45078125 0.4 0.0671875 0.1625
1 0.321875 0.73359375 0.06953125 0.16875
1 0.3859375 0.39609375 0.0703125 0.16640625
1 0.115625 0.9921875 0.06875 0.015625
1 0.003125 0.8984375 0.00625 0.171875
1 0.0078125 0.98984375 0.015625 0.0203125
1 0.440625 0.23359375 0.07265625 0.16953125
1 0.31640625 0.4015625 0.06796875 0.1671875
1 0.17890625 0.23125 0.06953125 0.16640625
1 0.040625 0.73359375 0.071875 0.165625
1 0.246875 0.39296875 0.0703125 0.16953125
1 0.24375 0.2328125 0.06875 0.16328125
1 0.44375 0.0734375 0.06875 0.14296875
1 0.178125 0.89921875 0.06953125 0.171875
1 0.1859375 0.9921875 0.071875 0.015625
1 0.3734375 0.0703125 0.0703125 0.13984375
1 0.30859375 0.071875 0.06953125 0.1390625
1 0.396875 0.89765625 0.0703125 0.1640625
1 0.1109375 0.56328125 0.0703125 0.16796875
1 0.0046875 0.7328125 0.009375 0.16796875
1 0.378125 0.2328125 0.06953125 0.165625
1 0.17890625 0.7265625 0.0703125 0.16796875
1 0.4546875 0.5609375 0.06953125 0.171875
1 0.4578125 0.90234375 0.0671875 0.1703125
1 0.4609375 0.98984375 0.071875 0.0203125
1 0.3859375 0.728125 0.07265625 0.16953125
1 0.45546875 0.73359375 0.06953125 0.17265625
1 0.0015625 0.2265625 0.003125 0.1640625
1 0.115625 0.896875 0.07109375 0.1671875
1 0.10703125 0.22890625 0.0703125 0.1640625
1 0.16875 0.06796875 0.06875 0.1359375
1 0.109375 0.39765625 0.0703125 0.165625
1 0.0375 0.23046875 0.06953125 0.16796875
1 0.1046875 0.0671875 0.06875 0.13359375
1 0.003125 0.0640625 0.00625 0.128125
1 0.11328125 0.73515625 0.07265625 0.1671875
1 0.240625 0.07109375 0.06875 0.13671875
1 0.3140625 0.23203125 0.06953125 0.16484375
1 0.040625 0.06875 0.08125 0.13671875
0 0.06875 0.7875 0.0265625 0.0375
0 0.003125 0.4453125 0.00625 0.03125