1 0.64140625 0.22265625 0.096875 0.23125
1 0.9859375 0.0640625 0.028125 0.128125
1 0.55390625 0.2203125 0.096875 0.22890625
1 0.984375 0.2265625 0.03125 0.2265625
1 0.90859375 0.46875 0.0921875 0.22734375
1 0.6421875 0.05859375 0.096875 0.1171875
1 0.9796875 0.4703125 0.040625 0.23046875
1 0.7296875 0.05859375 0.096875 0.1171875
1 0.728125 0.2234375 0.09609375 0.22890625
1 0.55625 0.053125 0.1 0.10546875
1 0.54453125 0.45859375 0.10234375 0.225
1 0.45 0.2171875 0.096875 0.22578125
1 0.6359375 0.46015625 0.09609375 0.22421875
1 0.453125 0.053125 0.09375 0.10546875
1 0.8328125 0.0609375 0.096875 0.12109375
1 0.72265625 0.46328125 0.1 0.2265625
1 0.915625 0.22734375 0.0921875 0.228125
1 0.44453125 0.45625 0.09296875 0.2265625
1 0.915625 0.0625 0.09375 0.125
1 0.82421875 0.465625 0.09296875 0.22734375
1 0.82734375 0.23046875 0.09765625 0.22734375
0 0.47890625 0.53125 0.0328125 0.03671875
0 0.48046875 0.3625 0.0296875 0.03359375
0 0.57578125 0.36796875 0.0296875 0.03515625
0 0.48828125 0.07578125 0.025 0.0390625