0 0.26257496087442445 0.7326557923757235 0.03569345909205772 0.047314615756780753
1 0.19468671120362882 0.11734858176767518 0.12746708511458976 0.19928591041040425
1 0.10289401629733601 0.13595363957547835 0.12746708511458976 0.1992859104104042
1 0.3230066248353978 0.2908176318947321 0.1302571159934022 0.24156441567207604
1 0.41975566039957074 0.9060037451618512 0.11958037727617317 0.14267188936371653
1 0.2881101022698556 0.09717186063628316 0.12581365690134447 0.19434372127256633
1 0.039783914027480397 0.15466511319653192 0.07956782805496079 0.20316977360693614
1 0.05663278173674221 0.3543087974256338 0.11326556347348442 0.23825740514873237
1 0.025856491686729786 0.5894951395048912 0.05171298337345957 0.23038472099021767
1 0.23651125138665524 0.9314951107774576 0.11871655925034234 0.11298438936371653
1 0.33207380397308 0.9173500398154747 0.11921666442319179 0.13017188936371688
1 0.14250077091618954 0.32940823698699473 0.13021165188677947 0.24000191567207602
1 0.22962869787579368 0.31029494496420706 0.13333665188677948 0.24018392619541978
1 0.14476402058698512 0.9485376685852607 0.11647209765100212 0.08945588410204479
1 0.06487193210718306 0.9602101869305251 0.07543792069139796 0.07302724729857672
1 0.08306462028305128 0.5762069132530017 0.13494461599340216 0.2418374314570917
1 0.041469468329764794 0.8080330369022901 0.08293893665952959 0.2405787683452644
1 0.3922169967678017 0.7266648556569599 0.13356397241989287 0.24799642619541978
1 0.11339566330256459 0.7935995396037132 0.13526286473976096 0.2527749314570915
1 0.16789426134927812 0.5556676291227218 0.13333665188677948 0.24018392619541978
1 0.008013425310251489 0.36572371053746117 0.016026850620502978 0.22480257892507768
1 0.26136311652212757 0.5330653160532468 0.13329118778015678 0.23862142619541976
1 0.357820579375109 0.5149684924604281 0.13012072367353422 0.2368769156720761
1 0.20521109026216872 0.7742132317959101 0.13526286473976096 0.2527749314570915
1 0.30081910695521613 0.7585056608339273 0.1351719365265156 0.2496499314570917