1 0.3612499293765584 0.9437739273391367 0.25928527110331834 0.0948800543720747
1 0.299948596181101 0.5670960222059404 0.2665171185055306 0.1513847223568522
1 0.3476317142795945 0.8802207633086919 0.26328302434972917 0.14500738836446345
1 0.609414693987055 0.9180258749442285 0.256705741882325 0.12600272037968593
1 0.15116581736384957 0.9116803048291852 0.1755648360381265 0.12894203657757758
1 0.16230391476606182 0.9675164693539215 0.16967730032431158 0.06000103558899426
1 0.5947288567311124 0.8380982944118808 0.2585955243497292 0.14481638737588015
1 0.7879201546230874 0.4846682523970959 0.26023984496658026 0.1495675543720747
1 0.8464237702859488 0.8802234915226809 0.2552250624991763 0.13062655338349174
1 0.5509519886326191 0.5248143858186433 0.2649546185055307 0.15132105536065765
1 0.10115258603483124 0.5994323142207254 0.17561938311602718 0.13206703657757757
1 0.775346242286067 0.3913639213704566 0.25862279788867965 0.14637888737588015
1 0.8332595227215809 0.797888493994139 0.25856825081077905 0.14325388737588013
1 0.9507478425309482 0.4661053003061988 0.09850431493810348 0.1262043557412186
1 0.2850036603051302 0.4723246916735927 0.26331029788867955 0.14656988836446344
1 0.9791979452081663 0.8502428783670885 0.04160410958366754 0.10385451186299796
1 0.1336589431762761 0.8045044747911291 0.17564665665497756 0.13362953657757748
1 0.5360070527566483 0.43004305528629566 0.2649273449665802 0.14975855536065782
1 0.5669509098980932 0.6351788828528939 0.2618023449665802 0.1496312213682689
1 0.3167424042160503 0.6782099357420937 0.26657166558343126 0.1545097223568522
1 0.33087881655307066 0.7714505997725385 0.26331029788867955 0.14656988836446327
1 0.9633626651763942 0.657847131332838 0.0732746696472116 0.12531301779449713
1 0.9610365060857846 0.5672857983290325 0.07792698782843069 0.11919035178688589
1 0.8047139626580367 0.5957821659332492 0.26177507142762985 0.1480687213682689
1 0.1187003705308302 0.7089518942587814 0.17564665665497753 0.13362953657757756
1 0.09321162661991014 0.5028119822055028 0.1709318831160272 0.13187603558899424
1 0.9448106010540126 0.36479746829097637 0.11037879789197476 0.12027269072219057
1 0.5787435722351135 0.7285150473776303 0.26018529788867967 0.1464425543720745
1 0.8203583279171565 0.6858341629674995 0.2618023449665802 0.1496312213682689
1 0.9745143993480816 0.7691520458575745 0.05097120130383672 0.11979784684397003
0 0.8663667086008469 0.4103274855911819 0.04443183847375849 0.04084517589344294
0 0.7265713717486462 0.6427473492410659 0.04750229139585791 0.0378475098858317
0 0.9539406209378672 0.5005758008004904 0.049092064934808374 0.03947367688202626
0 0.45245025892515844 0.48035607308079287 0.0506545649348082 0.03953734387822046
0 0.8654900012145207 0.40489056908927906 0.05558752678536116 0.053790844866803765
0 0.18918401460390602 0.9398397969205197 0.053943206168510206 0.04903967787060921