1 0.61015625 0.14375 0.12578125 0.07890625
1 0.3671875 0.128125 0.12421875 0.07578125
1 0.134375 0.0453125 0.1203125 0.07890625
1 0.125 0.121875 0.12265625 0.07734375
1 0.6046875 0.221875 0.12578125 0.078125
1 0.24296875 0.12578125 0.12421875 0.0765625
1 0.49609375 0.06953125 0.1265625 0.08125
1 0.9546875 0.1546875 0.090625 0.08203125
1 0.37421875 0.06171875 0.121875 0.07734375
1 0.95625 0.08984375 0.0875 0.078125
1 0.140625 0.00625 0.1125 0.01171875
1 0.496875 0.015625 0.125 0.03125
1 0.25234375 0.05546875 0.125 0.07578125
1 0.61640625 0.07421875 0.12109375 0.078125
1 0.378125 0.01171875 0.125 0.0234375
1 0.03828125 0.0453125 0.0765625 0.0765625
1 0.95625 0.02734375 0.0875 0.0546875
1 0.4890625 0.1375 0.128125 0.08125
1 0.8546875 0.15234375 0.128125 0.07734375
1 0.853125 0.23046875 0.12734375 0.07890625
1 0.23828125 0.20234375 0.11953125 0.07890625
1 0.2328125 0.27265625 0.125 0.0765625
1 0.2578125 0.0078125 0.128125 0.015625
1 0.859375 0.08203125 0.1265625 0.0765625
1 0.60078125 0.30078125 0.12578125 0.08046875
1 0.725 0.146875 0.1234375 0.075
1 0.48359375 0.21484375 0.12890625 0.08203125
1 0.35625 0.284375 0.12890625 0.078125
1 0.72265625 0.22265625 0.12578125 0.08046875
1 0.7375 0.01953125 0.125 0.0390625
1 0.73359375 0.0796875 0.1265625 0.0765625
1 0.3609375 0.20546875 0.1296875 0.07734375
1 0.040625 0.00625 0.08125 0.01171875
1 0.8578125 0.0234375 0.128125 0.046875
1 0.61875 0.0171875 0.11875 0.034375
1 0.9515625 0.3125 0.096875 0.078125
1 0.953125 0.2359375 0.09375 0.08203125
1 0.121875 0.19609375 0.12421875 0.08046875
1 0.11328125 0.26484375 0.1265625 0.08359375
1 0.478125 0.28828125 0.125 0.08046875
1 0.84453125 0.3078125 0.125 0.07734375
1 0.71953125 0.30234375 0.1296875 0.08125
1 0.034375 0.14609375 0.06875 0.15078125
1 0.0328125 0.18828125 0.065625 0.0859375
1 0.02734375 0.2625 0.0546875 0.08359375