1 0.6182579100761122 0.02219242541307793 0.20410917984777566 0.04438485082615586
1 0.4139989026245573 0.4466046044543529 0.2184210306460784 0.15273316351699648
1 0.7812660211801761 0.6615797521926167 0.22004719764227296 0.15435022721932726
1 0.7988354535365907 0.19210306589494755 0.21373353064607842 0.15256947241000382
1 0.2393649530422992 0.2139806213293939 0.21386086463846715 0.15569447241000384
1 0.7865039609137836 0.5521774703414513 0.21698586463846717 0.15580359981466554
1 0.06657076948733665 0.6791393737764647 0.1331415389746733 0.15836311542376222
1 0.22893815311884888 0.45072665318055927 0.2090460306460784 0.15240578130301122
1 0.7923467371112377 0.4279314384902858 0.21242569863085592 0.15876490870767287
1 0.9253209935742094 0.01491809483570609 0.07435801285158128 0.02983618967141218
1 0.6095979041074321 0.43275289166299596 0.21373353064607842 0.15256947241000382
1 0.9240039609137835 0.5473758645363359 0.1103538626613009 0.1427182680561673
1 0.9220820221687592 0.6519815189828396 0.10566636266130089 0.1425545769491748
1 0.9266659762740037 0.07998003341080992 0.08991402866891178 0.1388839399258662
1 0.6056836783277199 0.3182092420258157 0.21523236364988402 0.1510615361123347
1 0.421340511825817 0.32386650890085666 0.20885502965749528 0.14771828130301126
1 0.4080752133852415 0.5536904181566837 0.21248936562705048 0.16032740870767306
1 0.614819892281615 0.09399049202581566 0.21510502965749528 0.14793653611233468
1 0.6145559540308824 0.19619783276998853 0.21054486364988403 0.15089784500534212
1 0.5906410211801761 0.6682365238769811 0.22304486364988385 0.15133435462398898
1 0.6010757968833387 0.5461705509188232 0.21366986364988402 0.15100697241000383
1 0.8047909762740039 0.08423600219261669 0.20560269566510633 0.14448415389834954
1 0.427773537034688 0.2042806951985258 0.2056026956651064 0.14448415389834954
1 0.9283479041074321 0.4216218963875013 0.11159802768032882 0.1349603317584982
1 0.08369456768076641 0.21572171452063751 0.16738913536153283 0.14668157095872497
1 0.08429674555137572 0.10952627822296837 0.16859349110275143 0.14657244355406326
1 0.07299980680635149 0.3238343148834572 0.14599961361270297 0.15545637023308556
1 0.24262526281440025 0.32542655281773963 0.20761086463846717 0.1554762176006804
1 0.08461508053234768 0.04468252822296835 0.16923016106469535 0.048134943554063295
1 0.394674605172565 0.6719592685195035 0.21724053262324466 0.16205359981466555
1 0.07295604444906181 0.43781496932996095 0.14591208889812363 0.14937006134007813
1 0.43360172577971223 0.09953863149619495 0.20534802768032884 0.13823415389834953
1 0.4346641600761122 0.025329838297102142 0.19629667984777566 0.050659676594204284
1 0.2189490463890471 0.5618551261387174 0.213988198630856 0.15881947241000383
1 0.25690657460084865 0.03268228062763007 0.1914818458553869 0.06536456125526013
1 0.07056853209177212 0.557346219329961 0.14113706418354424 0.15405756134007814
1 0.7927207633086919 0.3038763795972784 0.20761086463846717 0.1554762176006804
1 0.9294315375289794 0.18442199675032106 0.09252969269935676 0.12649306733052795
1 0.21345643867066216 0.6775074079898828 0.2044221976422728 0.1538045901960187
1 0.9315922623201086 0.3037077100898323 0.10059686068413427 0.13301588584218216
1 0.24922672577971222 0.10597714837123592 0.2088550296574952 0.14771828130301126
1 0.8042909105704037 0.016520289570895727 0.19454317885919253 0.033040579141791454
0 0.22881606669218324 0.0708035402038679 0.0506021778706093 0.05481647477225653