1 0.8294003434943671 0.08024177295146312 0.1735571719450391 0.06682008706427271
1 0.9536418255476782 0.0859705517842784 0.09189799498543536 0.048499454997525636
1 0.48029525376092363 0.05803374377996358 0.18315949247815264 0.07512390999505122
1 0.3224827537609237 0.04976314111185863 0.1956594924781526 0.07577900723608924
1 0.4862922910409562 0.9925504274079057 0.16827863855894448 0.014899145184188712
1 0.6623719678675464 0.06601109735257966 0.1782446719450393 0.06706574852966196
1 0.14047423581423504 0.039442037539242546 0.1565515283715299 0.07216932835784544
1 0.07643446786754637 0.035303414178922715 0.12838106426490725 0.06913285956550991
1 0.25269854104095624 0.9858201919378846 0.30407974623907624 0.02835961612423077
1 0.3270082192542016 0.9856619402982044 0.19649456677218965 0.028676119403591115
0 0.7211673962138058 0.9931960982013199 0.050909282132453625 0.013607803597360047