1 0.12421875 0.6125 0.07109375 0.1671875
1 0.19765625 0.61171875 0.0671875 0.16484375
1 0.0515625 0.1234375 0.07109375 0.16640625
1 0.2734375 0.93125 0.071875 0.13671875
1 0.05703125 0.28984375 0.06875 0.1640625
1 0.11953125 0.29140625 0.06796875 0.16484375
1 0.403125 0.62109375 0.07109375 0.1640625
1 0.396875 0.29375 0.06640625 0.1703125
1 0.33125 0.62265625 0.0703125 0.16640625
1 0.0125 0.6171875 0.025 0.1640625
1 0.00625 0.11328125 0.0125 0.1640625
1 0.325 0.29609375 0.06953125 0.1671875
1 0.33125 0.93125 0.075 0.13671875
1 0.325 0.1265625 0.0703125 0.16328125
1 0.4015625 0.45546875 0.06953125 0.16640625
1 0.0609375 0.61796875 0.0703125 0.1671875
1 0.1984375 0.93515625 0.071875 0.1296875
1 0.40625 0.93515625 0.06875 0.1296875
1 0.1265625 0.93125 0.071875 0.13671875
1 0.271875 0.621875 0.07734375 0.16796875
1 0.33046875 0.45390625 0.0703125 0.16640625
1 0.20078125 0.78359375 0.0703125 0.16875
1 0.19609375 0.44921875 0.06953125 0.16328125
1 0.05390625 0.45 0.0703125 0.16484375
1 0.12265625 0.1234375 0.071875 0.16328125
1 0.1296875 0.78359375 0.06953125 0.16953125
1 0.2546875 0.2890625 0.06796875 0.1640625
1 0.009375 0.93125 0.01875 0.13671875
1 0.12578125 0.44921875 0.07109375 0.1640625
1 0.184375 0.11875 0.0703125 0.16171875
1 0.25234375 0.12421875 0.06875 0.1625
1 0.38671875 0.12109375 0.06953125 0.1625
1 0.18515625 0.28359375 0.07109375 0.1671875
1 0.0078125 0.4515625 0.015625 0.16796875
1 0.32109375 0.0234375 0.065625 0.04609375
1 0.0125 0.78515625 0.025 0.171875
1 0.390625 0.0234375 0.07109375 0.04609375
1 0.271875 0.778125 0.07109375 0.16953125
1 0.40703125 0.784375 0.06953125 0.16953125
1 0.0625 0.93515625 0.06875 0.1296875
1 0.33359375 0.77734375 0.07265625 0.16875
1 0.0078125 0.28125 0.015625 0.171875
1 0.06328125 0.784375 0.0703125 0.16875
1 0.26484375 0.45546875 0.07109375 0.16640625
1 0.25 0.021875 0.0671875 0.04296875
1 0.11953125 0.02109375 0.0671875 0.0421875
1 0.18984375 0.021875 0.0703125 0.04296875
1 0.04921875 0.01953125 0.0671875 0.0390625
1 0.0109375 0.01953125 0.021875 0.0390625
1 0.08203125 0.0203125 0.1203125 0.040625
1 0.2875 0.0234375 0.13125 0.046875