1 0.9421875 0.00625 0.115625 0.01171875
1 0.9984375 0.040625 0.003125 0.07421875
1 0.1 0.02734375 0.125 0.0546875
1 0.3296875 0.1 0.12578125 0.07734375
1 0.821875 0.00390625 0.11875 0.0078125
1 0.32578125 0.16953125 0.1234375 0.078125
1 0.996875 0.1171875 0.00625 0.078125
1 0.996875 0.19375 0.00625 0.07421875
1 0.7015625 0.0015625 0.121875 0.003125
1 0.2078125 0.1640625 0.12421875 0.075
1 0.9421875 0.0375 0.115625 0.07421875
1 0.9375 0.190625 0.12265625 0.07578125
1 0.44921875 0.10234375 0.12265625 0.0734375
1 0.9375 0.11328125 0.125 0.078125
1 0.575 0.1046875 0.1203125 0.07265625
1 0.81796875 0.1125 0.1234375 0.0796875
1 0.21484375 0.09765625 0.11875 0.078125
1 0.81640625 0.1890625 0.1234375 0.07578125
1 0.45234375 0.17578125 0.1234375 0.078125
1 0.8203125 0.0375 0.121875 0.07421875
1 0.3359375 0.0296875 0.121875 0.05859375
1 0.09609375 0.09609375 0.12421875 0.07734375
1 0.2171875 0.0296875 0.115625 0.05859375
1 0.69375 0.03515625 0.11875 0.0703125
1 0.4546875 0.03125 0.121875 0.0625
1 0.578125 0.0328125 0.125 0.065625
1 0.0953125 0.16015625 0.12578125 0.078125
1 0.56796875 0.18046875 0.11796875 0.07578125
1 0.68671875 0.18515625 0.125 0.07578125
1 0.69140625 0.10859375 0.1203125 0.075
1 0.021875 0.02734375 0.04375 0.0546875
1 0.015625 0.15625 0.03125 0.08046875
1 0.01953125 0.08984375 0.0390625 0.07734375
0 0.61171875 0.1296875 0.02421875 0.028125
0 0.89609375 0.06328125 0.01875 0.03203125