1 0.15354418362678973 0.8330421452908918 0.15211477171162172 0.11506371266133186
1 0.7050425252307877 0.7097481103845604 0.1537500463187275 0.11665348620028233
1 0.41241191542982464 0.814886029217698 0.15204199710451594 0.11350121266133195
1 0.39389304777097883 0.8935331805976696 0.14869867328319836 0.10875916558343128
1 0.7640920777547682 0.9618643948838546 0.15571065260503386 0.0762712102322908
1 0.8521016158013281 0.6747845495069421 0.15694782092583354 0.1182705332781829
1 0.43182119499932925 0.7339087646072013 0.15843754631872753 0.11673530681713337
1 0.13787848821768495 0.9007927069792891 0.1419392510334573 0.09771257142762976
1 0.6383300984329325 0.9451211797868908 0.16014559553293922 0.10975764042621847
1 0.3317912698541041 0.6320814374975285 0.15382282092583344 0.11821598620028233
1 0.682508245661283 0.7906708279171564 0.15694782092583354 0.1182705332781829
1 0.04659444024181829 0.8667704886359143 0.09318888048363658 0.0991659772718286
1 0.905203037017612 0.7601550336786296 0.04597177956950453 0.08198638555165924
1 0.20962732547845658 0.6025830779204517 0.15709337014004515 0.12139553327818291
1 0.7852629104674259 0.9011464521047298 0.1536772717116218 0.11509098620028232
1 0.8353848808979214 0.9754962467502939 0.03892125889134022 0.0490075064994123
1 0.5152757421466264 0.9230179034052715 0.14735449710451576 0.11341939204448082
1 0.6615728533953315 0.8708395689887027 0.16014559553293922 0.11988758035608385
1 0.3143447506236817 0.7044922256469756 0.15062504631872758 0.11659893912238176
1 0.08433838110280911 0.5730301712654742 0.1538955955329393 0.11977848620028234
1 0.5580369385891885 0.760350308031654 0.15226032092583353 0.11818871266133187
1 0.8105947043049542 0.8273095316500345 0.15709337014004526 0.12139553327818291
1 0.29489908375062424 0.7862507402574721 0.14735449710451584 0.11341939204448082
1 0.7241243190683159 0.6358020957740639 0.16014559553293922 0.11988758035608367
1 0.07344594251587527 0.6447142564928218 0.14689188503175055 0.11509098620028232
1 0.9274098308551402 0.6862635661460337 0.05095037799792799 0.08831820616851012
1 0.3512369367271616 0.5503229228870319 0.15694782092583354 0.1182705332781829
1 0.6240471205588392 0.9817444724005646 0.15374573821317572 0.03651105519887068
1 0.4519753372652809 0.6537263867661799 0.1552397717116218 0.11511825973923262
1 0.46945824379925616 0.5805343486167329 0.15687504631872767 0.11670803327818291
1 0.1937796935515872 0.674239889608849 0.14906254631872756 0.11657166558343128
1 0.5401901590196839 0.8413548461811009 0.15382282092583352 0.11821598620028233
1 0.8748178318885975 0.5899555819743462 0.16185364474715094 0.12303985389503395
1 0.4913204352794196 0.49725424431466186 0.16334337014004524 0.12150462743398442
1 0.05604436890170008 0.8044477666390915 0.11208873780340016 0.11498189204448091
1 0.8347642584815645 0.744851587656389 0.15375004631872774 0.11665348620028233
1 0.25215715798622657 0.9317171988616142 0.14691784946188075 0.10404439204448082
1 0.8571914143963675 0.9180396716659207 0.04299232878371626 0.08505683847375849
1 0.17209943858918847 0.7536137439109201 0.15055227171162175 0.11503643912238175
1 0.2764529906988843 0.8633353916374439 0.14244867328319835 0.10865007142762977
1 0.06574900868645236 0.7249920917201693 0.13149801737290473 0.11818871266133187
1 0.5789723308551402 0.6801815669601078 0.15382282092583352 0.11821598620028233
1 0.22903660504796122 0.5216058133099551 0.15694782092583343 0.1182705332781829
1 0.7450960986378204 0.5548521047025176 0.16021837014004525 0.12145008035608366
1 0.10065904797586664 0.4912171095770768 0.15702059553293934 0.11983303327818291
1 0.11854221484892413 0.40943132142762995 0.16490587014004515 0.12153190097293458
1 0.5947835754784567 0.6093060052717105 0.15553087014004524 0.12136825973923263
1 0.5027907047192389 0.967440464689927 0.1456079065339754 0.06511907062014614
1 0.3776280388796387 0.953040999592963 0.1515325748547749 0.09391800081407417
1 0.002050381721981661 0.7026437589284538 0.004100763443963322 0.10528751785690744
1 0.9476367477281975 0.6045186883050121 0.05436647642635144 0.09462275324641087
1 0.61430201695862 0.525984990661214 0.15396837014004525 0.12134098620028233
1 0.37217232899311326 0.47015418181548563 0.15062504631872758 0.11659893912238176
1 0.2505713107961482 0.44535695900788397 0.14877144789030422 0.11032166558343129
1 0.00997419768541638 0.6300966030842551 0.01994839537083276 0.10394320616851012
1 0.015663425559509888 0.5496960369316309 0.031326851119019776 0.09626707386326191
1 0.02455042804070925 0.46935001785690744 0.0491008560814185 0.09495003571381488
1 0.035744793218355685 0.3929784326295599 0.07148958643671137 0.09834777110331841
0 0.33764089371820294 0.9261723567344078 0.043788541356328814 0.03511138555165942