1 0.07290673194383265 0.35614377939864217 0.1458134638876653 0.30958744120271564
1 0.29200635137431 0.7044706575086603 0.19178079454985522 0.3110614099950514
1 0.38773561297669146 0.00706779228894093 0.12452877404661714 0.01413558457788186
1 0.18800089765344571 0.6904258469023536 0.18558535825218603 0.3122963613745323
1 0.13404254003423188 0.8733921551338113 0.13410715988879934 0.13335913387576923
1 0.26498258222183435 0.40643594923177445 0.1886557945498552 0.3108976356847917
1 0.3710589674310444 0.4281704291053864 0.19345242195451692 0.31426829715018095
1 0.044117010714955184 0.8477514252601992 0.08823402142991037 0.1388721494796016
1 0.08389753448749522 0.6659758028043905 0.16779506897499044 0.3123782485296619
1 0.23400533449926905 0.8915479336279422 0.14353672359113015 0.13541295680654813
1 0.13254462677168952 0.11813916836279421 0.17553574645662096 0.23627833672558843
1 0.34567954383206495 0.13921522896910082 0.1867659123358701 0.27843045793820165
1 0.4577876742319516 0.1553670149264637 0.1885466671451935 0.3077726356847917
1 0.028960780585221065 0.6363159582768859 0.05792156117044213 0.3023680834462281
1 0.17288685145912802 0.3863082349619947 0.19975698565684774 0.31615834577069996
1 0.25004958530187726 0.12847248077812315 0.18740082939624553 0.2569449615562463
0 0.041073856268451475 0.3869776995704587 0.06679068511654279 0.08148237336031983