0 0.0484375 0.503125 0.03203125 0.04921875
0 0.14375 0.13515625 0.025 0.0390625
0 0.21328125 0.121875 0.0265625 0.03671875
1 0.3140625 0.0640625 0.090625 0.128125
1 0.2765625 0.22578125 0.0984375 0.18046875
1 0.0625 0.2625 0.096875 0.18203125
1 0.3015625 0.39921875 0.1015625 0.18828125
1 0.20546875 0.23671875 0.0984375 0.18125
1 0.0421875 0.09765625 0.084375 0.1796875
1 0.34296875 0.2125 0.096875 0.178125
1 0.184375 0.59296875 0.09765625 0.184375
1 0.1109375 0.60703125 0.09609375 0.18359375
1 0.04375 0.6234375 0.0875 0.18359375
1 0.1609375 0.425 0.1 0.184375
1 0.0046875 0.1078125 0.009375 0.17578125
1 0.028125 0.4515625 0.05625 0.18359375
1 0.10703125 0.090625 0.09921875 0.17265625
1 0.0171875 0.27734375 0.034375 0.1796875
1 0.3734375 0.3796875 0.0984375 0.17734375
1 0.17890625 0.08203125 0.0953125 0.15625
1 0.0859375 0.4390625 0.09921875 0.184375
1 0.00625 0.6421875 0.0125 0.19140625
1 0.39765625 0.5546875 0.09609375 0.17890625
1 0.2421875 0.0703125 0.096875 0.140625
1 0.13046875 0.2515625 0.0984375 0.18359375
1 0.32734375 0.565625 0.09765625 0.1859375
1 0.25234375 0.58125 0.09765625 0.184375
1 0.2296875 0.4109375 0.0984375 0.184375