1 0.00625 0.2484375 0.0125 0.17578125
1 0.00625 0.7671875 0.0125 0.16796875
1 0.1234375 0.765625 0.06953125 0.175
1 0.25234375 0.2484375 0.071875 0.17265625
1 0.04765625 0.765625 0.07578125 0.16875
1 0.32734375 0.2453125 0.0734375 0.17109375
1 0.00625 0.58984375 0.0125 0.1796875
1 0.05078125 0.5890625 0.0734375 0.1765625
1 0.12109375 0.4140625 0.07109375 0.171875
1 0.1859375 0.76328125 0.07265625 0.17421875
1 0.04609375 0.24609375 0.07265625 0.171875
1 0.009375 0.9203125 0.01875 0.14453125
1 0.3984375 0.24375 0.06953125 0.1703125
1 0.32890625 0.4125 0.06875 0.1703125
1 0.05234375 0.928125 0.07421875 0.14375
1 0.39453125 0.7609375 0.075 0.17421875
1 0.04609375 0.4203125 0.075 0.1671875
1 0.39453125 0.92578125 0.07734375 0.1484375
1 0.1203125 0.59375 0.071875 0.1703125
1 0.0078125 0.41796875 0.015625 0.171875
1 0.11796875 0.24453125 0.0703125 0.17265625
1 0.32734375 0.765625 0.07109375 0.17421875
1 0.39296875 0.41015625 0.075 0.171875
1 0.3265625 0.58515625 0.06953125 0.1734375
1 0.2515625 0.08203125 0.071875 0.1640625
1 0.39375 0.5859375 0.07578125 0.17578125
1 0.25546875 0.59296875 0.0703125 0.16953125
1 0.25390625 0.42265625 0.0703125 0.16875
1 0.18046875 0.23984375 0.07109375 0.17578125
1 0.1921875 0.59375 0.07109375 0.16875
1 0.321875 0.08203125 0.06875 0.1640625
1 0.12109375 0.92421875 0.07265625 0.14609375
1 0.1828125 0.4125 0.07109375 0.1734375
1 0.19375 0.92109375 0.06953125 0.15
1 0.1796875 0.08203125 0.071875 0.1640625
1 0.3859375 0.08203125 0.071875 0.1640625
1 0.0078125 0.0796875 0.015625 0.159375
1 0.46640625 0.75703125 0.0703125 0.1734375
1 0.25703125 0.76171875 0.06953125 0.1703125
1 0.46484375 0.58984375 0.0703125 0.16953125
1 0.3265625 0.9265625 0.0703125 0.146875
1 0.05 0.08203125 0.075 0.1640625
1 0.459375 0.24765625 0.06875 0.171875
1 0.1125 0.0796875 0.075 0.159375
1 0.4640625 0.4171875 0.0703125 0.17421875
1 0.45625 0.08203125 0.06875 0.1640625
1 0.47578125 0.925 0.0671875 0.15
1 0.25625 0.9265625 0.071875 0.14609375
0 0.43984375 0.3546875 0.0234375 0.02890625
0 0.2171875 0.95625 0.01953125 0.0328125