1 0.8403338251900268 0.93359375 0.28270403663473154 0.1171875
1 0.565579486655416 0.93828125 0.27645403663473134 0.1171875
1 0.9823443470138955 0.9328125 0.035311305972209085 0.1125
1 0.3001182609656755 0.94140625 0.27645403663473134 0.1171875
1 0.10969797885349988 0.9453125 0.11354460085908262 0.109375
1 0.9769431168015992 0.69765625 0.04611376639680174 0.1140625
1 0.2988955184289074 0.709375 0.27036781094499085 0.1203125
1 0.565056106963518 0.7046875 0.2749734237898611 0.11875
1 0.8285011312737776 0.7078125 0.2780165366347315 0.1171875
1 0.9807541915414 0.81328125 0.038491616917200135 0.1140625
1 0.8310672885552954 0.81640625 0.27801653663473125 0.1171875
1 0.3017482807533792 0.8234375 0.27332903663473146 0.1171875
1 0.5601373128655549 0.81953125 0.27645403663473156 0.1171875
1 0.10399245420455609 0.7171875 0.13254026232447186 0.1140625
1 0.10918896652902801 0.83125 0.1276071008590826 0.109375