1 0.9230737427612897 0.6592132999752561 0.1538525144774205 0.12307008706427283
1 0.9301028387085137 0.5895558972162942 0.13979432258297245 0.11632876413349429
1 0.45279332195929073 0.23415250847928465 0.19913532092583353 0.12577900723608923
1 0.47620078101724667 0.050674945159444575 0.18990156203449332 0.06138895861557021
1 0.7682236927185084 0.6146367051090673 0.20404114474715113 0.1307121687014785
1 0.6639019882131757 0.08155421019744993 0.19611732878371627 0.09444712008095948
1 0.0948631596343472 0.36346935775648764 0.13285534946188074 0.10827724672063965
1 0.9398523662111037 0.37236507519002676 0.12029526757779259 0.11633540818602892
1 0.7783028600058508 0.5465827459276701 0.20218754631872748 0.12438028154634857
1 0.6560745256405631 0.13102194368910652 0.2038955955329392 0.12758716870147851
1 0.5965412837033337 0.49263447308774866 0.20418669396136266 0.1338371687014785
1 0.44147914040392483 0.309155830505552 0.19913532092583336 0.12577900723608923
1 0.10672315074300705 0.3001847857302202 0.13270980024766904 0.10515224672063965
1 0.14508136765884577 0.08631703753924255 0.1280950748547749 0.10646908525525041
1 0.6402547806029618 0.2096858542499846 0.1990625463187275 0.12421650723608924
1 0.4040477227022977 0.5261895222740945 0.1989169971045158 0.12109150723608923
1 0.618679495242489 0.34883688545764907 0.2038955955329392 0.12758716870147851
1 0.951765861248705 0.21771519674132428 0.09646827750258993 0.12251016508343389
1 0.948334800247669 0.30414734169837015 0.10333039950466194 0.1215208751693421
1 0.935802721049668 0.4361409701470726 0.1283945579006641 0.12315861827193722
1 0.13318498924663302 0.1488203595655099 0.1280950748547749 0.10646908525525038
1 0.15663314371369372 0.03314777193541031 0.12264128742738745 0.056305310944990895
1 0.6053126621155466 0.4299673767512219 0.19913532092583353 0.12577900723608923
1 0.8265219203877141 0.25997353855529537 0.20062504631872774 0.124298394391219
1 0.41525274234700493 0.44884245024782726 0.2023330955329392 0.12750528154634874
1 0.6306122609582548 0.2871148134313818 0.19913532092583353 0.12577900723608923
1 0.29262630169541104 0.05819976085413385 0.19775260339082215 0.09609150723608924
1 0.4651798519430801 0.16544013003058217 0.1989897717116218 0.12265400723608924
1 0.42547745884855886 0.3839134910664301 0.19906254631872752 0.12421650723608924
1 0.9305180616202084 0.5099912279489887 0.13896387675958302 0.12233310266810485
1 0.5870807005763913 0.5739696822691458 0.20226032092583351 0.12594278154634858
1 0.25989950061917255 0.2591138076656305 0.2005522717116217 0.12273589439121899
1 0.24780406906380664 0.33407618611433304 0.19906254631872758 0.12421650723608924
1 0.4730779350700226 0.08402303369405531 0.20389559553293926 0.1275871687014785
1 0.7890177280789813 0.47544473032383794 0.19906254631872766 0.12421650723608924
1 0.1140583076912671 0.2234142458161285 0.1200642510334573 0.10137214947960163
1 0.8143901015287953 0.3341546670039978 0.1958647717116218 0.12249023292582972
1 0.22410335752465138 0.4777918865893029 0.19906254631872758 0.12421650723608924
1 0.08027842886476957 0.4351839054724954 0.12489730024766903 0.10474281094499087
1 0.8447367653014808 0.13233653945980653 0.18979455417661048 0.09255707146044047
1 0.22905837716935848 0.40011726594251645 0.19928087014004517 0.12890400723608925
1 0.26418243217453846 0.1837419934412793 0.20247864474715102 0.13063028154634876
1 0.28058437406898656 0.11757808288040121 0.19906254631872758 0.12421650723608924
1 0.9589961643918581 0.17281213251697303 0.08200767121628375 0.08106629353213637
1 0.8042381596343471 0.4006461261853949 0.19750004631872775 0.12413462008095948
1 0.8380180384608448 0.18887646652902798 0.1990625463187275 0.12421650723608924