1 0.2375 0.07109375 0.09453125 0.1421875
1 0.3109375 0.06484375 0.09140625 0.12890625
1 0.29609375 0.4015625 0.10234375 0.184375
1 0.2703125 0.228125 0.1 0.178125
1 0.1703125 0.078125 0.096875 0.15625
1 0.196875 0.24296875 0.10234375 0.18359375
1 0.3375 0.215625 0.09609375 0.17734375
1 0.221875 0.4109375 0.10390625 0.1859375
1 0.06015625 0.27265625 0.09765625 0.18359375
1 0.09921875 0.0859375 0.1015625 0.171875
1 0.10625 0.609375 0.10078125 0.18515625
1 0.0390625 0.09765625 0.078125 0.1875
1 0.12421875 0.25390625 0.09921875 0.18203125
1 0.1484375 0.43046875 0.1015625 0.1828125
1 0.18125 0.596875 0.1 0.1875
1 0.32109375 0.57109375 0.09921875 0.18359375
1 0.36328125 0.38984375 0.0984375 0.1828125
1 0.00625 0.64453125 0.0125 0.1875
1 0.08359375 0.440625 0.10078125 0.184375
1 0.0046875 0.109375 0.009375 0.1796875
1 0.0421875 0.625 0.084375 0.1796875
1 0.0265625 0.4546875 0.053125 0.18359375
1 0.246875 0.5859375 0.103125 0.1828125
1 0.015625 0.2875 0.03125 0.18359375
1 0.39296875 0.55859375 0.096875 0.178125
0 0.04609375 0.50859375 0.02265625 0.0359375
0 0.1328125 0.13828125 0.03359375 0.0328125
0 0.20703125 0.1234375 0.0265625 0.03046875