0 0.5484375 0.21796875 0.02578125 0.03515625
0 0.52890625 0.7296875 0.04375 0.05
0 0.521875 0.9046875 0.028125 0.040625
0 0.60234375 0.68828125 0.025 0.0328125
0 0.6734375 0.565625 0.03046875 0.03671875
0 0.62890625 0.01484375 0.0328125 0.0296875
0 0.7609375 0.18515625 0.0296875 0.0296875
1 0.9796875 0.81875 0.040625 0.17578125
1 0.78203125 0.809375 0.0640625 0.1734375
1 0.85625 0.81953125 0.06953125 0.178125
1 0.8484375 0.94921875 0.071875 0.1015625
1 0.64609375 0.63125 0.0703125 0.17578125
1 0.7703125 0.94921875 0.071875 0.1015625
1 0.93671875 0.4703125 0.0703125 0.175
1 0.9203125 0.81640625 0.06953125 0.17890625
1 0.9796875 0.6484375 0.040625 0.171875
1 0.9765625 0.953125 0.046875 0.09375
1 0.9890625 0.1328125 0.021875 0.1796875
1 0.78984375 0.6390625 0.07265625 0.178125
1 0.915625 0.94921875 0.06875 0.1015625
1 0.9875 0.30859375 0.025 0.171875
1 0.9421875 0.30625 0.07109375 0.16796875
1 0.7 0.946875 0.06875 0.10546875
1 0.71171875 0.80546875 0.071875 0.18125
1 0.94765625 0.140625 0.065625 0.178125
1 0.9875 0.4703125 0.025 0.17578125
1 0.6453125 0.80390625 0.0734375 0.18359375
1 0.8640625 0.64140625 0.07109375 0.1703125
1 0.92890625 0.6453125 0.0609375 0.17109375
1 0.81171875 0.0265625 0.065625 0.053125
1 0.884375 0.02578125 0.0640625 0.0515625
1 0.79296875 0.46796875 0.06796875 0.17421875
1 0.73984375 0.12734375 0.08203125 0.18359375
1 0.725 0.63671875 0.06328125 0.178125
1 0.95234375 0.028125 0.06953125 0.05546875
1 0.8765625 0.1296875 0.0671875 0.1828125
1 0.6546875 0.45390625 0.07890625 0.18515625
1 0.5640625 0.94296875 0.071875 0.1140625
1 0.5296875 0.1140625 0.06953125 0.184375
1 0.59765625 0.11640625 0.0796875 0.18046875
1 0.66875 0.12109375 0.0859375 0.175
1 0.809375 0.13203125 0.0703125 0.17421875
1 0.52109375 0.28984375 0.06875 0.17109375
1 0.59296875 0.2875 0.07734375 0.16640625
1 0.66171875 0.2890625 0.08046875 0.16328125
1 0.73203125 0.29609375 0.07890625 0.1609375
1 0.80234375 0.29765625 0.08125 0.16484375
1 0.8703125 0.3 0.07421875 0.171875
1 0.990625 0.0296875 0.01875 0.05859375
1 0.671875 0.0171875 0.075 0.034375
1 0.740625 0.021875 0.075 0.04296875
1 0.60078125 0.01484375 0.07734375 0.02890625
1 0.53203125 0.0125 0.0734375 0.025
1 0.51484375 0.4453125 0.075 0.1796875
1 0.5828125 0.45234375 0.07109375 0.18046875
1 0.725 0.4578125 0.07890625 0.17734375
1 0.86640625 0.4703125 0.07109375 0.1796875
1 0.5078125 0.62734375 0.07109375 0.1765625
1 0.57890625 0.628125 0.0765625 0.17890625
1 0.49921875 0.803125 0.06953125 0.1796875
1 0.5703125 0.796875 0.075 0.18515625
1 0.4890625 0.94296875 0.071875 0.1140625
1 0.634375 0.94296875 0.075 0.1140625
0 0.58359375 0.45234375 0.03046875 0.16640625
0 0.81328125 0.74921875 0.0203125 0.04453125
0 0.9703125 0.2 0.01796875 0.03984375
0 0.5296875 0.68046875 0.01875 0.028125