0 0.13671875 0.9671875 0.0171875 0.03125
0 0.4828125 0.91484375 0.01484375 0.01796875
0 0.4140625 0.91640625 0.0203125 0.0328125
1 0.5921875 0.97265625 0.071875 0.0546875
1 0.8046875 0.97265625 0.071875 0.0546875
1 0.315625 0.97265625 0.06875 0.0546875
1 0.6671875 0.86484375 0.0703125 0.1671875
1 0.6640625 0.97265625 0.071875 0.0546875
1 0.1109375 0.865625 0.071875 0.16875
1 0.45625 0.97265625 0.06875 0.0546875
1 0.59453125 0.8640625 0.07421875 0.1671875
1 0.2421875 0.97265625 0.071875 0.0546875
1 0.45859375 0.86484375 0.071875 0.16875
1 0.3203125 0.865625 0.07109375 0.1703125
1 0.178125 0.865625 0.07421875 0.1671875
1 0.8078125 0.865625 0.07109375 0.165625
1 0.525 0.97265625 0.075 0.0546875
1 0.7328125 0.97265625 0.071875 0.0546875
1 0.7421875 0.865625 0.07265625 0.1671875
1 0.3828125 0.97265625 0.071875 0.0546875
1 0.178125 0.97265625 0.075 0.0546875
1 0.87890625 0.86640625 0.071875 0.16640625
1 0.8765625 0.97265625 0.071875 0.0546875
1 0.24765625 0.86484375 0.0734375 0.16953125
1 0.52890625 0.865625 0.075 0.16875
1 0.38671875 0.86484375 0.0703125 0.16953125
1 0.1078125 0.97265625 0.071875 0.0546875