1 0.125 0.7140625 0.07421875 0.17578125
1 0.00625 0.1875 0.0125 0.171875
1 0.1234375 0.3625 0.07109375 0.171875
1 0.05 0.1875 0.07265625 0.171875
1 0.04921875 0.5375 0.0734375 0.175
1 0.0484375 0.36875 0.07578125 0.16953125
1 0.40078125 0.365625 0.07109375 0.16953125
1 0.253125 0.18828125 0.07109375 0.16796875
1 0.00625 0.053125 0.0125 0.10546875
1 0.325 0.18515625 0.06953125 0.16875
1 0.18671875 0.71328125 0.06953125 0.175
1 0.0046875 0.71484375 0.009375 0.171875
1 0.11875 0.05625 0.06875 0.1125
1 0.05546875 0.88515625 0.07109375 0.17265625
1 0.04921875 0.715625 0.07265625 0.17109375
1 0.1203125 0.18828125 0.06875 0.175
1 0.0046875 0.3609375 0.009375 0.17578125
1 0.25 0.053125 0.06875 0.10546875
1 0.32890625 0.36328125 0.06796875 0.171875
1 0.184375 0.3609375 0.0703125 0.171875
1 0.0453125 0.05078125 0.071875 0.1015625
1 0.33125 0.53515625 0.07109375 0.17265625
1 0.390625 0.1875 0.07421875 0.1703125
1 0.0078125 0.5390625 0.015625 0.171875
1 0.18203125 0.1890625 0.07109375 0.17578125
1 0.325 0.05625 0.06875 0.1125
1 0.11875 0.884375 0.071875 0.1734375
1 0.2546875 0.36015625 0.06953125 0.16640625
1 0.32890625 0.715625 0.06953125 0.17421875
1 0.3890625 0.05625 0.071875 0.1125
1 0.4046875 0.87734375 0.071875 0.171875
1 0.3328125 0.8796875 0.0703125 0.17265625
1 0.009375 0.88125 0.01875 0.17578125
1 0.40390625 0.7015625 0.0734375 0.171875
1 0.1796875 0.05625 0.071875 0.1125
1 0.25703125 0.71171875 0.0703125 0.1703125
1 0.12109375 0.5390625 0.0703125 0.17421875
1 0.19140625 0.53671875 0.07265625 0.17421875
1 0.1921875 0.88046875 0.0703125 0.171875
1 0.39453125 0.5359375 0.075 0.1734375
1 0.46484375 0.36484375 0.0703125 0.1734375
1 0.4625 0.1921875 0.07109375 0.1625
1 0.46640625 0.53359375 0.06953125 0.1703125
1 0.46796875 0.87734375 0.07109375 0.17578125
1 0.46875 0.70859375 0.06953125 0.175
1 0.459375 0.0546875 0.06875 0.109375
1 0.259375 0.87890625 0.07265625 0.171875
1 0.25703125 0.5359375 0.06796875 0.1703125
1 0.40234375 0.98046875 0.07578125 0.03671875
1 0.46953125 0.98125 0.07421875 0.03359375
1 0.33046875 0.98203125 0.078125 0.03359375
1 0.259375 0.98203125 0.07890625 0.0328125
1 0.1890625 0.984375 0.0765625 0.02890625
1 0.0546875 0.984375 0.07890625 0.0296875
0 0.08359375 0.815625 0.02109375 0.0375
0 0.21640625 0.55546875 0.02421875 0.0265625
0 0.42734375 0.81171875 0.0203125 0.02890625
0 0.1484375 0.98984375 0.021875 0.0203125