1 0.140625 0.49375 0.09140625 0.22421875
1 0.0546875 0.71796875 0.096875 0.22421875
1 0.0578125 0.2671875 0.09453125 0.225
1 0.14296875 0.26875 0.09296875 0.225
1 0.22890625 0.26953125 0.09296875 0.22421875
1 0.05625 0.49296875 0.09296875 0.225
1 0.0609375 0.0765625 0.090625 0.15234375
1 0.053125 0.915625 0.09609375 0.16875
1 0.14375 0.078125 0.09375 0.15625
1 0.140625 0.71796875 0.0921875 0.22421875
1 0.1390625 0.915625 0.09296875 0.16796875
1 0.0015625 0.26171875 0.003125 0.2265625
1 0.225 0.7171875 0.09296875 0.22265625
1 0.2265625 0.49140625 0.09140625 0.2234375
1 0.2296875 0.0765625 0.090625 0.15234375
1 0.003125 0.0765625 0.00625 0.15234375
1 0.32734375 0.2703125 0.09375 0.221875
1 0.22421875 0.915625 0.09296875 0.16796875
1 0.41328125 0.909375 0.0921875 0.171875
1 0.3296875 0.078125 0.090625 0.15625
1 0.32421875 0.49296875 0.0921875 0.22109375
1 0.32265625 0.71796875 0.09296875 0.221875
1 0.31953125 0.91015625 0.090625 0.17109375
1 0.4078125 0.7171875 0.08984375 0.2234375
1 0.41640625 0.4859375 0.09375 0.221875
1 0.41171875 0.26875 0.090625 0.2203125
1 0.4171875 0.0765625 0.090625 0.15234375