1 0.05390625 0.14765625 0.0703125 0.171875
1 0.3234375 0.66640625 0.06640625 0.17265625
1 0.04453125 0.65703125 0.06953125 0.16875
1 0.25078125 0.32421875 0.0703125 0.1703125
1 0.05078125 0.31953125 0.071875 0.17265625
1 0.0078125 0.14453125 0.015625 0.171875
1 0.00625 0.31640625 0.0125 0.171875
1 0.3234375 0.32421875 0.0671875 0.1703125
1 0.25234375 0.48515625 0.06875 0.16484375
1 0.0078125 0.65625 0.015625 0.171875
1 0.12109375 0.32109375 0.07265625 0.1734375
1 0.11484375 0.65625 0.06875 0.16953125
1 0.053125 0.49453125 0.07734375 0.1734375
1 0.325 0.15 0.06328125 0.16953125
1 0.17890625 0.14921875 0.06875 0.175
1 0.11953125 0.1484375 0.06484375 0.17265625
1 0.17890625 0.32109375 0.071875 0.171875
1 0.178125 0.665625 0.06875 0.1734375
1 0.0484375 0.03125 0.071875 0.0625
1 0.38984375 0.65625 0.0671875 0.17109375
1 0.1171875 0.49453125 0.06953125 0.16875
1 0.25078125 0.83125 0.07109375 0.17109375
1 0.00625 0.4828125 0.0125 0.16796875
1 0.2484375 0.65703125 0.06875 0.17265625
1 0.32265625 0.4953125 0.065625 0.17109375
1 0.00625 0.83203125 0.0125 0.171875
1 0.25 0.146875 0.06953125 0.16953125
1 0.25 0.0328125 0.06875 0.065625
1 0.0078125 0.02734375 0.015625 0.0546875
1 0.32109375 0.825 0.0640625 0.171875
1 0.3234375 0.03125 0.065625 0.0625
1 0.39140625 0.49140625 0.0671875 0.17265625
1 0.31953125 0.95546875 0.0703125 0.08828125
1 0.1796875 0.49375 0.071875 0.1671875
1 0.38203125 0.82421875 0.07109375 0.16953125
1 0.184375 0.83359375 0.0703125 0.175
1 0.38515625 0.15234375 0.06875 0.1734375
1 0.390625 0.03125 0.06875 0.0625
1 0.24375 0.95625 0.06875 0.0875
1 0.04765625 0.834375 0.06875 0.17265625
1 0.11875 0.03125 0.06875 0.0625
1 0.390625 0.3234375 0.0640625 0.1625
1 0.178125 0.0296875 0.06875 0.05859375
1 0.0046875 0.95703125 0.009375 0.0859375
1 0.18203125 0.9578125 0.07109375 0.084375
1 0.38828125 0.95703125 0.06875 0.0859375
1 0.1140625 0.8265625 0.0703125 0.17265625
1 0.1125 0.9578125 0.07265625 0.08359375
1 0.03984375 0.9578125 0.0703125 0.084375
1 0.0375 0.9546875 0.075 0.08203125