1 0.3921875 0.01953125 0.115625 0.0390625
1 0.159375 0.0171875 0.125 0.034375
1 0.9671875 0.09375 0.065625 0.078125
1 0.15 0.06796875 0.121875 0.07421875
1 0.51015625 0.08203125 0.1296875 0.07578125
1 0.39453125 0.08046875 0.121875 0.0765625
1 0.6328125 0.0234375 0.121875 0.046875
1 0.7546875 0.02734375 0.121875 0.0546875
1 0.871875 0.09609375 0.125 0.0765625
1 0.8703125 0.0296875 0.121875 0.05859375
1 0.62734375 0.08359375 0.12265625 0.0765625
1 0.053125 0.015625 0.1 0.03125
1 0.275 0.07734375 0.12265625 0.07578125
1 0.2734375 0.01953125 0.121875 0.0390625
1 0.9671875 0.02734375 0.065625 0.0546875
1 0.7546875 0.08828125 0.12578125 0.08046875
1 0.5125 0.021875 0.125 0.04296875
1 0.046875 0.06953125 0.09375 0.075
0 0.79765625 0.03671875 0.0234375 0.0328125