1 0.246875 0.15 0.06796875 0.171875
1 0.1 0.81953125 0.07265625 0.17109375
1 0.321875 0.15 0.06640625 0.16875
1 0.053125 0.02734375 0.06875 0.0546875
1 0.18125 0.31640625 0.0703125 0.16640625
1 0.1765625 0.1453125 0.071875 0.17265625
1 0.003125 0.30859375 0.00625 0.171875
1 0.1671875 0.82109375 0.0671875 0.17109375
1 0.24609375 0.31796875 0.06953125 0.165625
1 0.171875 0.6609375 0.06796875 0.16953125
1 0.25 0.0328125 0.06875 0.065625
1 0.11484375 0.13984375 0.06953125 0.16953125
1 0.05 0.31171875 0.071875 0.1703125
1 0.2328125 0.66328125 0.0703125 0.16953125
1 0.17734375 0.48046875 0.0703125 0.16875
1 0.30625 0.95703125 0.06796875 0.0859375
1 0.23515625 0.4921875 0.07265625 0.17421875
1 0.0078125 0.1328125 0.015625 0.171875
1 0.3890625 0.03515625 0.065625 0.0703125
1 0.37890625 0.32421875 0.06875 0.16796875
1 0.0078125 0.025 0.015625 0.05
1 0.10625 0.6515625 0.0703125 0.171875
1 0.3203125 0.3234375 0.0734375 0.16953125
1 0.109375 0.3125 0.06875 0.1671875
1 0.30859375 0.65703125 0.06640625 0.16875
1 0.11875 0.0296875 0.06875 0.05859375
1 0.03984375 0.6453125 0.071875 0.1765625
1 0.05 0.13984375 0.06953125 0.16875
1 0.321875 0.0328125 0.06875 0.065625
1 0.3765625 0.49609375 0.0671875 0.171875
1 0.37578125 0.6671875 0.06796875 0.16875
1 0.3875 0.15859375 0.06796875 0.16953125
1 0.3640625 0.95703125 0.065625 0.0859375
1 0.23125 0.95625 0.07421875 0.0875
1 0.2359375 0.82890625 0.071875 0.1734375
1 0.1859375 0.03125 0.071875 0.0625
1 0.31328125 0.4859375 0.06796875 0.16640625
1 0.03125 0.81875 0.0625 0.17578125
1 0.37109375 0.83125 0.06875 0.171875
1 0.0953125 0.953125 0.06953125 0.09296875
1 0.0359375 0.475 0.071875 0.16796875
1 0.10703125 0.47890625 0.06953125 0.17109375
1 0.30546875 0.83125 0.06953125 0.17265625
1 0.1640625 0.95546875 0.071875 0.0890625
1 0.0296875 0.9546875 0.059375 0.08984375
0 0.03125 0.1609375 0.0203125 0.03515625