1 0.5567883262942418 0.009963740954888462 0.14482665258848365 0.019927481909776924
1 0.5692197078360379 0.04707311595488846 0.16923438936371688 0.09414623190977692
1 0.5968812472279897 0.11682573609364841 0.1705238735787013 0.11953565128862395
1 0.042861605162849814 0.10354440185445082 0.07644067363517101 0.05541119629109835
1 0.43005079202278756 0.06444544380470749 0.17557539462538868 0.1260313127540132
1 0.4213513552334369 0.022365243668421922 0.1645777104668739 0.044730487336843844
1 0.8420278762801244 0.017437646993210792 0.1528057525602488 0.034875293986421585
1 0.2828726841585147 0.04002969923177442 0.15391322625188958 0.07504866689245618
1 0.45307033404557523 0.15022249152071535 0.18633088410204496 0.12347952283992147
1 0.8459716096480628 0.8819207123492158 0.13874325256024883 0.08204229534115867
1 0.16320419724210716 0.1246647280645897 0.16481990514873238 0.12858310266810494
1 0.06930154977412106 0.23459300599289384 0.11748987884037314 0.11831398801421236
1 0.1437037683452643 0.07239954319345207 0.14702618942018653 0.06378361827193717
1 0.2270010727457727 0.9778339936684219 0.14685958944842142 0.03417800542706715
1 0.7036934183734992 0.03374539970674425 0.16676183674699843 0.0674907994134885
1 0.3516825543299212 0.9658142712580418 0.1349966262801244 0.0444604081860291
1 0.726766168302912 0.08650971506274927 0.15168286831702957 0.11699050542706693
1 0.05229678932136452 0.15790435323393182 0.09258088410204497 0.11856629353213637
1 0.293362134102045 0.09903620703369054 0.16133088410204496 0.12216932835784541
1 0.7238081833114687 0.9102647976044661 0.13772678413027978 0.0913354081860291
1 0.861566102532014 0.06127119516147422 0.1630753946253889 0.12254239032294845
1 0.9486004548522662 0.8520550706715302 0.10279909029546772 0.07899918249628826
1 0.47053126486738234 0.9478311538906159 0.1379242052052021 0.06797979534115868
1 0.5965022306665153 0.9310420443251057 0.15785727360693613 0.08927494120271576
1 0.19766947347987923 0.20514012211712437 0.16923438936371685 0.1241412641334942
1 0.3144096524473093 0.17786389190482815 0.1360578683170294 0.11617163387576941