1 0.3776768634106972 0.21364158049573626 0.1898614393936934 0.1100522645814764
1 0.06918268995952026 0.24356579506457737 0.13836537991904052 0.10275659012915472
1 0.06918268995952026 0.24356579506457737 0.13836537991904052 0.10275659012915472
1 0.06477515094993967 0.17072768863808663 0.12955030189987934 0.09770537727617326
1 0.36947926108127643 0.14611309969606617 0.1972645036180447 0.10246708511458977
1 0.3698344651742909 0.07961592148282079 0.19619332654882307 0.1117966210079671
1 0.37044197478522933 0.038164207376198106 0.1730147761192818 0.056518087621872236
1 0.20206711103584793 0.05595579796757123 0.1647928403436331 0.04847826708875884
1 0.19705870646786364 0.09180236975432586 0.18320200361804462 0.10205790815498565
1 0.20135005879728435 0.15921719028743925 0.18846271370395284 0.11313180047485369
1 0.20802610470426988 0.2259189569804867 0.18846271370395284 0.11313180047485369
1 0.06501416836279422 0.10193222453146396 0.13002833672558844 0.0976144490629279