0 0.6544452317638886 0.3163497670702181 0.03651938145888885 0.02520907825883114
0 0.21796287110656226 0.30365276170746497 0.19073540919430565 0.07297493344863373
1 0.04603854540284719 0.11199146077238853 0.09207709080569439 0.08023292154477706
1 0.8672777657675695 0.034737194468727646 0.10606946846486096 0.05998405405833439
1 0.553832208396875 0.0735441226528041 0.20098323138263902 0.11052947560311144
1 0.9037380233670138 0.24747808898433749 0.11308318787965277 0.09283291549465282
1 0.9168179451947566 0.3233456973955938 0.11301045269729144 0.08970791549465282
1 0.053396450513090235 0.16984941256778663 0.10679290102618047 0.11782382513557325
1 0.8798855621203472 0.0973190077004442 0.1084684230620141 0.09593064441741402
1 0.5699462112466666 0.1533361617822197 0.197858231382639 0.11051129488495222
1 0.07127297511437489 0.31136929205628183 0.14254595022874977 0.11648858411256366
1 0.5907827752668748 0.2987895623479538 0.18837412860909736 0.10576925273047451
1 0.7633851270904859 0.2685395018467117 0.1977127610179167 0.10426129488495217
1 0.7293413546734028 0.05268724286972128 0.2006922906531944 0.09802947560311144
1 0.08046483073770816 0.4551829245698391 0.16092966147541632 0.10411584913967822
1 0.2279015687698609 0.27948855386194266 0.20556162860909727 0.10586924668035032
1 0.7757383503049997 0.3420588150784283 0.20265483415618063 0.1152260659621911
1 0.8906399177436803 0.17239173057308116 0.1131559230620141 0.09595791549465282
1 0.751813153875972 0.19502473379453497 0.19793096656500014 0.11363629488495222
1 0.1834651570101041 0.0737334575509347 0.18608427678548614 0.07451016237139489
1 0.3631533102204861 0.04118055366555093 0.19869337955902786 0.07927038524403184
1 0.5424232361322916 0.026596399780167156 0.18702852773541673 0.047956752730474506
1 0.19910703438493044 0.1402397015008105 0.19789459897381953 0.11207379488495221
1 0.06509636350711798 0.23632838544042353 0.13019272701423595 0.1132817708808471
1 0.24635801519888853 0.42649081888905727 0.20734233415618064 0.11525333703942989
1 0.07657741774368042 0.38796815349260033 0.15315483548736084 0.10718630698520064
1 0.580846037234722 0.22215888465485664 0.19934799620027804 0.10739538524403187
1 0.37094632000413186 0.10920384582002865 0.19793096656500006 0.11363629488495222
1 0.7527229968658679 0.12236393861499517 0.197858231382639 0.11051129488495222
1 0.23940080680201362 0.35612832191411936 0.20563436379145844 0.10899424668035032
1 0.4058817516155206 0.25317655961747926 0.1836502610179167 0.10417948165323568
1 0.7154249782485069 0.012757134458464917 0.19415004350298623 0.0183147045258726
1 0.20446537519062483 0.21215560811666875 0.21217530452090286 0.12153060811666878
1 0.38571602840100677 0.17961179459036464 0.2089775693385417 0.11838742739850953
1 0.416708842421215 0.3251242824901162 0.20116506933854167 0.1183419756031114
1 0.42751774943131904 0.3978532553627532 0.20897756933854178 0.11838742739850953
1 0.6016098660725692 0.3707372852205907 0.20105596656500016 0.1136544756031114