1 0.060304493441279305 0.25816000988583176 0.07988000904511154 0.2449251808363589
1 0.04915006671074209 0.49158000494291587 0.05981317051050079 0.24878500988583174
1 0.04543632575585362 0.7330990014828748 0.027491993441279304 0.25682300296574956
1 0.10169853459856645 0.49761909931542797 0.1388389292169281 0.26915585969555134
1 0.09214755144559413 0.7318840113687065 0.12025934757972227 0.24189302273741298
1 0.19947429330499372 0.5187539530794802 0.14656954206179834 0.2679116946765233
1 0.186139890884716 0.7552034476422728 0.14065373473485207 0.24428319368794008
1 0.07852114767057933 0.07024351581733079 0.06329229534115866 0.1366670118629981
1 0.1452958898686632 0.07998061315559243 0.13746677973732643 0.1537218606841345
1 0.2425393820667471 0.0909592169196447 0.1382037641334942 0.1677843606841345
1 0.3445932049975256 0.10447257167228015 0.1391864099950512 0.18653436068413448
1 0.44352202792830414 0.1178585924325268 0.13704405585660825 0.20515702669174574
1 0.12370857417397393 0.2630822732317046 0.14575067051050078 0.2522866946765233
1 0.22358242141501194 0.2796251274900484 0.15175500904511158 0.24785386266130088
1 0.3236609865438743 0.3000742317483923 0.14682184757972233 0.24297536167271766
1 0.4238623824054314 0.3228670860067362 0.14558689620024126 0.2491616946765233
1 0.40629418136463463 0.5529074130790427 0.14632388059640905 0.26322419467652336
1 0.303953753390902 0.5339253083264073 0.15265576775153883 0.2650413626613009
1 0.3905717633405247 0.8032920736494464 0.1553646879233553 0.2869800296574952
1 0.2852291660994867 0.7865263849044223 0.15544657507848517 0.2885425296574953
1 0.37795333389645397 0.9625543619198634 0.11791119629109836 0.07489127616027318
1 0.2740504059227214 0.9451055474519923 0.1100168091359686 0.07620435574121842
1 0.08762822704447756 0.8985303419010542 0.08616322930778511 0.09706068380210837
1 0.17491686510411847 0.9278132766917457 0.11478619629109832 0.07795785672980174
0 0.19399674072774586 0.1911064555509382 0.05138543758467105 0.05822367688202612
0 0.18384489201636978 0.3544049515966055 0.048915534825709095 0.07059634288963731
0 0.09687940128862395 0.16765968528498312 0.048342324739800824 0.05965884288963737
0 0.0621247795101838 0.575523923421985 0.05195864767057934 0.06916117688202608
0 0.05585924864120362 0.827853085969555 0.029012470601357837 0.07758117193911014
0 0.24475465230467677 0.8472437090109792 0.03830558344622812 0.07640067391627667