1 0.9015625 0.715625 0.07109375 0.1671875
1 0.69609375 0.54296875 0.07265625 0.17109375
1 0.69296875 0.8859375 0.0765625 0.18828125
1 0.90078125 0.8875 0.0734375 0.16953125
1 0.76875 0.19921875 0.0703125 0.1703125
1 0.6234375 0.71328125 0.07265625 0.17265625
1 0.965625 0.72265625 0.06875 0.171875
1 0.76484375 0.7203125 0.08359375 0.17421875
1 0.70234375 0.2078125 0.071875 0.1703125
1 0.8453125 0.2078125 0.0703125 0.16875
1 0.9703125 0.06640625 0.059375 0.1328125
1 0.62421875 0.8953125 0.07265625 0.18984375
1 0.8453125 0.05859375 0.071875 0.1171875
1 0.971875 0.2109375 0.05625 0.171875
1 0.69453125 0.71875 0.071875 0.1703125
1 0.90703125 0.209375 0.06953125 0.16796875
1 0.77109375 0.38046875 0.06953125 0.175
1 0.96875 0.5453125 0.0625 0.16796875
1 0.96875 0.884375 0.0625 0.16796875
1 0.76953125 0.54375 0.07109375 0.16796875
1 0.7765625 0.0609375 0.071875 0.12109375
1 0.8359375 0.71875 0.07109375 0.16796875
1 0.625 0.54296875 0.07109375 0.17265625
1 0.8328125 0.88671875 0.07265625 0.17421875
1 0.7 0.0625 0.075 0.125
1 0.9078125 0.38359375 0.06953125 0.17109375
1 0.903125 0.5515625 0.071875 0.16953125
1 0.8390625 0.55 0.07265625 0.17265625
1 0.9703125 0.384375 0.059375 0.16796875
1 0.69609375 0.37421875 0.07421875 0.17421875
1 0.62734375 0.38203125 0.07109375 0.16640625
1 0.909375 0.0625 0.06875 0.125
1 0.8421875 0.375 0.07421875 0.17421875
1 0.6375 0.0609375 0.06875 0.12109375
1 0.6359375 0.2078125 0.06796875 0.17109375
1 0.76328125 0.88515625 0.06953125 0.171875
1 0.684375 0.98671875 0.0828125 0.025
1 0.76328125 0.9859375 0.07421875 0.02578125
0 0.65703125 0.3109375 0.02265625 0.0328125
0 0.7890625 0.43671875 0.028125 0.03671875
0 0.73671875 0.26171875 0.01484375 0.03671875
0 0.7640625 0.0171875 0.034375 0.034375
0 0.6625 0.103125 0.034375 0.02734375
0 0.925 0.828125 0.02421875 0.0359375
0 0.6484375 0.98828125 0.03359375 0.0234375