1 0.0436016723195231 0.29498523599618204 0.060999454997525605 0.09127952800763595
1 0.5786030348257091 0.062059269255276314 0.22431832654882305 0.10879538669636228
1 0.053205723653575565 0.37382785132877294 0.07234639077317437 0.09921929734245412
1 0.7831710261192818 0.04765351328772937 0.22259205223856354 0.09530702657545874
1 0.5912501990046317 0.13930302192077637 0.22588082654882308 0.10881356802990774
1 0.37603131275401325 0.1644773866168205 0.22431832654882305 0.10879538669636228
1 0.3927451792169281 0.25965352661522967 0.22916960085908258 0.1119749306969986
1 0.03934686227904336 0.19888239532940927 0.06280761646291486 0.09598520934118149
1 0.1723674021931351 0.18639039131127375 0.22900582654882315 0.1088499306969986
1 0.9357062059020368 0.10402585654046034 0.0891244549975255 0.09160679201145401
1 0.6063606218899817 0.233716093252731 0.22571705223856356 0.1056885680299077
1 0.36527751922187685 0.07861261195100225 0.22744332654882315 0.10883174936345316
1 0.406091706240721 0.33532568861395695 0.2274433265488231 0.10883174936345315
1 0.9612711109222765 0.36003949920436956 0.077457778155447 0.09166133601209037
1 0.7990250774533344 0.12125081389245948 0.22102955223856355 0.10563402402927138
1 0.830361365897088 0.2866121845560506 0.222837713703953 0.11033970536281679
1 0.8185363952957301 0.21014059122377776 0.22431832654882305 0.10879538669636231
1 0.9237584045679842 0.030819454606957293 0.08814180913596843 0.061638909213914586
1 0.17707591361309583 0.2762341413112738 0.23048643939369334 0.10730561203054405
1 0.19358506218818633 0.3675040313096829 0.2273614393936934 0.10726924936345314
1 0.9520919841132542 0.26641676853918766 0.09581603177349152 0.09796588001272663
1 0.5733522908186028 0.010572231301728727 0.21545458163720568 0.021144462603457453
1 0.6174043424913396 0.31019677725177647 0.22440021370395283 0.11035788669636233
1 0.029043448100120644 0.12161137066359104 0.0500619549975256 0.09115225867281791
1 0.6290212731786058 0.39761496125082196 0.2273614393936935 0.10726924936345324
1 0.9481453301668678 0.19221619987273314 0.0891244549975255 0.09160679201145401
1 0.4215329997728574 0.4211359192791388 0.22727955223856355 0.1057067493634531
1 0.1518667944366475 0.10845629531350091 0.22744332654882315 0.10883174936345315
1 0.3607261380596409 0.023931572982978055 0.21980788896415202 0.04786314596595611
1 0.1447669453865872 0.047564248647364527 0.21857293758467106 0.05875902402927138
1 0.8342476837394838 0.37568377522282326 0.2193851650834339 0.10405334269572589
1 0.06157482360814705 0.4589386479949093 0.07974945499752562 0.09149770401018138
1 0.20462878278954416 0.44398471530872835 0.23056832654882314 0.1088681120305441