1 0.8268217508240603 0.6012063008838264 0.09779545285270289 0.19216756784239591
1 0.7606702119489308 0.610155254976841 0.10113877667402046 0.19701884215265544
1 0.9075987158778723 0.5867919188170795 0.1024101782455972 0.19085072930778502
1 0.9524575674066675 0.8773416757144844 0.08005568114108144 0.07901247060135788
1 0.880165190442197 0.8889619284280179 0.08325345574818713 0.08073874491161703
1 0.8582280703021518 0.7710717435568804 0.09906685442427943 0.18599945499752552
1 0.9913507078151017 0.5713539473112105 0.017298584369796543 0.17877345318850324
1 0.7783434396181365 0.24975998756398649 0.09714048138875028 0.17810506784239583
1 0.9609183451186546 0.5777610775689352 0.07816330976269086 0.18797139077317446
1 0.93386377108794 0.7639752165330872 0.10070212903138512 0.18764384215265545
1 0.8047478134777262 0.9007459554518109 0.08325345574818713 0.0807387449116174
1 0.988309252686087 0.8633334073971188 0.023381494627825815 0.08460737336031983
1 0.7886797036767632 0.7911629155377191 0.09899407981717374 0.1844369549975255
1 0.9120270808506309 0.2278739422228278 0.09699493217453856 0.17498006784239584
1 0.8862714478903042 0.0764917424252265 0.0957963052100677 0.152983484850453
1 0.7994115725784633 0.41625144674538356 0.09750435442427943 0.18591756784239594
1 0.9413763248547748 0.06967351537871927 0.07370298138875028 0.13934703075743854
1 0.7022175872607717 0.2631474581653443 0.09706770678164425 0.17654256784239583
1 0.8464748554577367 0.23287570273827737 0.10033825599585597 0.17983134215265534
1 0.9806614567816443 0.38027524593172946 0.03867708643671151 0.1778660504295413
1 0.7270828083104396 0.42709044945891705 0.09594185442427942 0.18583568068726616
1 0.937637164596746 0.39099473993883566 0.1004838052100677 0.18295634215265535
1 0.9743687231165825 0.7505844239054621 0.05126255376683488 0.18410940637700648
1 0.8740113122393811 0.40372711329915545 0.10070212903138512 0.1876438421526554
1 0.7519521058720215 0.08743476509580583 0.09394270678164425 0.17486953019161167
1 0.966811895471022 0.21867600463815676 0.066376209057956 0.17038109905006033
1 0.8199379724974101 0.08026685662686348 0.1022646290313852 0.16053371325372695
1 0.6805865281217626 0.10138444256151206 0.09721325599585598 0.17966756784239585
1 0.736175094499482 0.0036141644060653346 0.078600188998964 0.007228328812130669
1 0.6645184183207996 0.010226012551614502 0.08216183664159918 0.020452025103229004
0 0.8828554652586998 0.34139420963568234 0.03626713978475209 0.042426517412854546
0 0.8990946255167287 0.010460628675845096 0.029944365177646405 0.020921257351690193
0 0.7911302299410081 0.18800361601268895 0.029871590570540542 0.03897396879233552
0 0.9990144854201354 0.6829908101560808 0.0019710291597291986 0.04538774310259512