1 0.07382368159177725 0.11053235105566021 0.09307497060135783 0.07811709172016937
1 0.7088228013340524 0.06660588393339667 0.1637150192218769 0.08559440097293469
1 0.9052197665083433 0.020927370947753154 0.18956046698331336 0.03613987175194148
1 0.7216613952957301 0.20713542654707048 0.18723440637700647 0.08756600405718977
1 0.20167536465389255 0.043994574675688444 0.19044129353213632 0.08798914935137689
1 0.38729196008590827 0.008305603491292193 0.1714589201718165 0.016611206982584385
1 0.076890048620519 0.0059636278410214304 0.08815509724103801 0.011927255682042861
1 0.07323386137453221 0.17388178490303607 0.09348440637700661 0.08592959172016937
1 0.5544252284032739 0.059917327520005156 0.187398180687266 0.09069100405718977
1 0.3691328595655099 0.12023503896352113 0.19035940637700666 0.08762055113509044
1 0.3803326311622359 0.050444690343492894 0.1887150192218769 0.08603077759614013
1 0.07462154172311405 0.037254538149446945 0.0929930834462281 0.07450907629889389
1 0.20531934305716654 0.11292887378383165 0.18879690637700658 0.0875932775961401
1 0.8916430246489437 0.21276999757095857 0.18567190637700656 0.08753873051823946
1 0.8990759871097012 0.07110464895093035 0.19660940637700647 0.08772964529089182
1 0.36788462008095946 0.18594185958037215 0.19052318068726617 0.09074555113509049
1 0.1981895957707 0.18577603855648403 0.18559001922187685 0.0859762305182394
1 0.5499944352098218 0.1991843790621327 0.1904412935321364 0.08918305113509048
1 0.5555063715512976 0.011561242696399344 0.17976274310259513 0.023122485392798688
1 0.2130732100859083 0.00991474228936225 0.19177142017181656 0.0198294845787245
1 0.5488170375392425 0.13195596875370721 0.1891244549975255 0.09384327759614014
1 0.8954839976251507 0.13685237987620688 0.18410940637700648 0.08751145697928911
1 0.9905707683173656 0.13823187338338513 0.018858463365268818 0.07699887662320544
1 0.9903151407731745 0.21639778369181065 0.019369718453651076 0.07395569724005649
1 0.7263920816372058 0.016270287745705134 0.16742651741285447 0.03254057549141027
1 0.7218008361597615 0.13519224269969463 0.17810506784239594 0.09208986282348772
1 0.9935795816372057 0.07408755276653411 0.012840836725588644 0.07683523538950339
1 0.9930473151288624 0.024868802766534116 0.013905369742275298 0.019022735389503397
1 0.98765048620519 0.16797392046128584 0.02469902758961986 0.12085797077900677