1 0.1939079127440575 0.0850146988975696 0.22205800649282176 0.10512783035645853
1 0.18319828368522006 0.026929441963715432 0.2161704707790068 0.03626872758291685
1 0.4034465539777595 0.08051295611576423 0.2236750535707225 0.10828919794763907
1 0.8678636099841139 0.07100163069638962 0.22989778003177222 0.10687216831236131
1 0.4036880616883973 0.02190102232017395 0.2269988766232054 0.030273300721180747
1 0.6138988587662979 0.023667463333958846 0.2159522824674042 0.023768727582916843
1 0.04420396753259592 0.08541147634864588 0.08840793506519184 0.09582295269729176
1 0.6223601952114615 0.07622941888104219 0.2189602800317722 0.10661759517409741
1 0.4058391225660157 0.1673226250937156 0.22364778003177205 0.10672669794763907
1 0.04267269521146157 0.17289329255305558 0.08534539042292313 0.09891158510611117
1 0.6270692402607674 0.16465613924576444 0.2173977800317722 0.10658122758291685
1 0.8693794711860438 0.16326186587875074 0.23614778003177211 0.10701763867708354
1 0.19472434456283844 0.17256925028434042 0.21739778003177207 0.10658122758291685