1 0.3278428651731372 0.9688131184990798 0.09059076674922303 0.03748006784239592
1 0.2088206900324213 0.12845811341069713 0.1153468258882322 0.2008808265488231
1 0.3003471038005977 0.8660942322484612 0.11422097353086738 0.2101739393936935
1 0.37856199503309207 0.8471151809144087 0.1130223465663966 0.21790455223856356
1 0.024593393299408954 0.1749214348711376 0.04249152274507904 0.2095321302577248
1 0.3354540421803892 0.6614166983272632 0.1153468258882322 0.20088082654882305
1 0.2546600762980077 0.9781305647901781 0.09008134449948209 0.026542567842395927
1 0.11018436848290611 0.7178625293986421 0.10916960049533805 0.20211577792830404
1 0.22901791335389166 0.8815797913844298 0.1177098465663966 0.218150213703953
1 0.26025498903723604 0.6778882253510562 0.11556514970954979 0.20556832654882307
1 0.13149621071058576 0.1497399711671847 0.11556514970954974 0.20556832654882312
1 0.13904130686269758 0.5135125440979632 0.12076207195929074 0.2167514880142125
1 0.04993164929526499 0.34902067616471033 0.07628432588823217 0.19883364767057934
1 0.07488891563020324 0.531754611035848 0.1098973465663966 0.21774077792830404
1 0.18796261207276532 0.6895084780645897 0.10902405128112633 0.19899077792830405
1 0.40549483022694915 0.9545625107425921 0.08528683664159917 0.0574650192218769
1 0.09934945243841813 0.33390028720055825 0.10858740363849115 0.18961577792830414
1 0.2190370219165095 0.499139105608781 0.12061652274507902 0.21362648801421233
1 0.0570784075674326 0.16617055461341282 0.10804374813797317 0.21140889077317437
1 0.1745848928851242 0.3182100101767653 0.11454630521006774 0.18369332654882306
1 0.15069386021073852 0.8982150927184822 0.11676377667402046 0.197837713703953
1 0.195024996875 0.22614943125 0.23277088906249999 0.3960602203125 0.3098379578125 0.3805697796875 0.26635493125 0.20479540468750002 0.195024996875 0.22614943125
1 0.2941996877561097 0.4818863285849881 0.11734597353086737 0.21033771370395296