1 0.9515625 0.13684947252598112 0.0484375 0.19160100180902231
1 0.98515625 0.4960263986906915 0.0296875 0.19374335594746522
1 0.89921875 0.1458426922228278 0.1015625 0.1975101650834339
1 0.8796875 0.02973957315792113 0.09375 0.05947914631584226
1 0.725 0.5604418600197951 0.1 0.20524077792830403
1 0.97578125 0.31526772162147 0.0453125 0.18831222749876284
1 0.946875 0.5081888839913704 0.096875 0.20038950361804453
1 0.771875 0.35095399536590255 0.1 0.20211577792830404
1 0.96015625 0.6949928431727674 0.0796875 0.19480124491161738
1 0.925 0.3273040541631869 0.096875 0.19413950361804452
1 0.7453125 0.7414085770031085 0.096875 0.19413950361804452
1 0.7484375 0.17874480269284887 0.096875 0.2003895036180446
1 0.76171875 0.8811737618742459 0.0875 0.11239818068726634
1 0.6796875 0.18391033751855793 0.0984375 0.20672139077317436
1 0.80234375 0.5446696958408724 0.1015625 0.2053226650834338
1 0.81015625 0.03783203414834054 0.0953125 0.07566406829668108
1 0.72578125 0.04789643091440872 0.0984375 0.09579286182881744
1 0.825 0.723169832091491 0.103125 0.19602955223856355
1 0.70078125 0.3749923609243063 0.1 0.19430327792830404
1 0.93203125 0.023004894279677328 0.0421875 0.046009788559354656
1 0.8296875 0.15104917062610176 0.1 0.20055327792830413
1 0.8328125 0.8688541463158422 0.090625 0.1141244549975255
1 0.903125 0.7073567243350034 0.0984375 0.19890889077317447
1 0.85625 0.33246958898889595 0.1 0.20367827792830412
1 0.8796875 0.5273350316619497 0.1 0.20055327792830405
1 0.9703125 0.8366480766644241 0.059375 0.12498671189493074
1 0.65703125 0.051178561172133506 0.0921875 0.10235712234426701
1 0.91953125 0.851028159206141 0.0890625 0.11560506784239592
0 0.84765625 0.08526371834210962 0.034375 0.03930151741285455
0 0.8125 0.4652311793325291 0.034375 0.042426517412854636
0 0.915625 0.6262328770939654 0.03125 0.03601274310259513
0 0.99609375 0.8024844386047831 0.0078125 0.044159435775648605
0 0.7703125 0.10337963252103233 0.025 0.03256019448207601
0 0.96875 0.4336049638195538 0.021875 0.03708392017181659
0 0.98828125 0.621643874380432 0.0234375 0.03247830732694616