1 0.3355198914418913 0.5603955818730684 0.11505572745980874 0.1896806444174139
1 0.02048151220110904 0.4888897831774873 0.04096302440221808 0.18784543364502543
1 0.4129579565767566 0.2225365126894236 0.11632712903138528 0.1834397347764936
1 0.40141671919215033 0.5709467416121847 0.1166910020669146 0.1912522347764936
1 0.20133340591480278 0.17143814188333123 0.11654545285270287 0.1881272347764936
1 0.11273509305624914 0.8662966448101974 0.11211050992479743 0.15998405405833438
1 0.12115133044085535 0.5179045966055955 0.11483740363849115 0.18499314441741407
1 0.04120821598482534 0.3200170633299124 0.08241643196965068 0.18799087939029935
1 0.22433618073130557 0.7172500907518631 0.12010710049533804 0.19752041549465282
1 0.14813755376683488 0.7098830183467644 0.1184718258882322 0.19594882513557313
1 0.32479629136083804 0.9080200156162899 0.10407968610347992 0.15525110226293606
1 0.0031248842031810246 0.6639670512296639 0.006249768406362049 0.18769089754067209
1 0.18473637159229644 0.8799364431129952 0.11211050992479747 0.15998405405833438
1 0.43989067597379466 0.3988944796101322 0.11334767824559702 0.18654655405833437
1 0.4774742208447802 0.22919051278761948 0.11491017824559702 0.18655564441741398
1 0.23531676178682429 0.04632957845522294 0.10436647642635144 0.09265915691044588
1 0.18850149628045557 0.5307904159856323 0.11171240363849115 0.18497496369925487
1 0.05264867607623854 0.5003676386618774 0.10529735215247708 0.18968064441741408
1 0.2584672398703148 0.5545955546475095 0.11818072745980875 0.1896988251355733
1 0.36910956492997743 0.05843414783525956 0.10240587014004517 0.11686829567051912
1 0.26786593445085005 0.18510975644290767 0.11163962903138529 0.18341246369925476
1 0.0879151071148758 0.32596253630074523 0.11505572745980874 0.18968064441741408
1 0.03415656038186345 0.6762852440480717 0.0683131207637269 0.19430451190385672
1 0.2276475411514411 0.36107735880403985 0.11661822745980874 0.1896897347764936
1 0.33418013916557976 0.20346887100248412 0.11639990363849115 0.1850022347764936
1 0.16037014991894671 0.34662903942400325 0.1166910020669146 0.1912522347764936
1 0.2980135450803825 0.37628874746591723 0.11818072745980875 0.1896988251355732
1 0.04908481648241797 0.8549869609687801 0.09816963296483594 0.15684996369925486
1 0.4459075053766835 0.06993927439688855 0.11130998924663302 0.1398785487937771
1 0.37257689743774736 0.38522741023009555 0.11171240363849115 0.18497496369925487
1 0.1270247646823084 0.1570307291191529 0.11163962903138529 0.18341246369925476
1 0.012784520473276653 0.8388852379979476 0.025569040946553306 0.159729524004105
1 0.50811640694826 0.07599837685621658 0.10564218610347993 0.15199675371243315
1 0.11029964516143578 0.030246036202549363 0.07315070967712844 0.060492072405098726
1 0.07918850062368174 0.6977875393258073 0.11847182588823217 0.1959488251355733
1 0.3107705260548479 0.05314720501685192 0.1097089478903042 0.10629441003370384
1 0.15911813482235354 0.03873524707313376 0.1005137303552929 0.07747049414626753
1 0.3720994385891885 0.7476319614597596 0.1153468258882322 0.1959306444174139
1 0.25744612552123786 0.8951341962362532 0.10720468610347993 0.15526928298109546
1 0.2943746989282706 0.7394927294137406 0.11363877667402048 0.19279655405833437
1 0.07898752502139061 0.14871878025062105 0.09259853060296189 0.17705337939029936