1 0.7582069581516695 0.8093618462753163 0.12573415389834963 0.2048386917107738
1 0.7163120909138089 0.6178256036896902 0.12395339908902621 0.19852502471457942
1 0.7506622651457604 0.436482761788636 0.12584328130301117 0.2079636917107738
1 0.9563938768565077 0.47616604981190713 0.08721224628698465 0.21195085475263548
1 0.8144395006329722 0.08964491247320802 0.11584823320977691 0.1451453567298018
1 0.7353101498916343 0.9378197687087184 0.10547123920022691 0.07138952174883002
1 0.7847941845683886 0.2488899198875818 0.13069447241000381 0.21284219269935695
1 0.7903497916394483 0.6320207548685538 0.12729665389834946 0.20490235870696819
1 0.8239732795737307 0.45227224646559677 0.12907740870767306 0.21121602570316256
1 0.8643006352940279 0.26286223657976504 0.1275149087076727 0.2111523587069682
1 0.6842238211283611 0.7967291950964528 0.12740578130301117 0.208027358706968
1 0.703643388289253 0.23263752019159298 0.12751490870767307 0.2111523587069682
1 0.8082937821056195 0.944234253385679 0.10637897477225663 0.05270318874502422
1 0.9766939639724832 0.2939610448689913 0.04661207205503359 0.20691584486680376
1 0.65925608137998 0.9330951180241461 0.1075793762235353 0.08707818874502422
1 0.9033706028947085 0.46311956315777997 0.1242262176006804 0.20633752471457928
1 0.8685392790255765 0.6530879885569314 0.12551589908902586 0.1985886917107738
1 0.8836757280219356 0.9521157375683483 0.10249008293962447 0.03070085475263511
1 0.9410541082521859 0.6679370557434062 0.11789178349562804 0.2033398587069682
1 0.6724727777596321 0.4154155281002584 0.12751490870767307 0.21115235870696805
1 0.7325892999073328 0.07576809627531637 0.10965279691210786 0.14645318874502422
1 0.6071702478073833 0.785786377909978 0.1242262176006804 0.20633752471457942
1 0.8893948606144388 0.10771448015397442 0.11137898801910069 0.15120435574121865
1 0.5830383217613332 0.9236829673395743 0.10688989546082901 0.11201452174883002
1 0.9538442518140986 0.11744496581951838 0.0923114963718028 0.14450868676785786
1 0.8370958499843016 0.8280534964655967 0.12584328130301126 0.2079636917107738
1 0.9361322067584983 0.2786517212567258 0.1277355864830035 0.21284219269935695
1 0.6413294490811768 0.5989747860089238 0.1257887176006804 0.2064011917107738
1 0.9122694647750915 0.8523730641463632 0.12907740870767306 0.21121602570316256