1 0.90703125 0.04609375 0.12109375 0.078125
1 0.978125 0.271875 0.04375 0.08203125
1 0.975 0.3421875 0.05 0.08203125
1 0.55 0.02734375 0.125 0.0546875
1 0.8875 0.33828125 0.12578125 0.08359375
1 0.40625 0.30078125 0.128125 0.08125
1 0.6328125 0.46484375 0.1296875 0.08125
1 0.6578125 0.16875 0.12578125 0.08125
1 0.30234375 0.1390625 0.125 0.0828125
1 0.88046875 0.415625 0.13046875 0.08359375
1 0.89921875 0.11953125 0.125 0.0765625
1 0.63984375 0.39609375 0.12734375 0.0828125
1 0.1515625 0.4203125 0.13125 0.090625
1 0.9703125 0.4234375 0.059375 0.08203125
1 0.8921875 0.26484375 0.12421875 0.08203125
1 0.8953125 0.19453125 0.12578125 0.0796875
1 0.08203125 0.04609375 0.12421875 0.078125
1 0.2890625 0.28828125 0.121875 0.08203125
1 0.646875 0.31796875 0.12421875 0.08515625
1 0.7859375 0.0375 0.121875 0.07421875
1 0.53046875 0.30625 0.125 0.08125
1 0.7921875 0.00390625 0.121875 0.0078125
1 0.909375 0.00625 0.11875 0.01171875
1 0.76171875 0.40546875 0.1296875 0.08046875
1 0.75859375 0.47265625 0.128125 0.08125
1 0.7796875 0.109375 0.1203125 0.0796875
1 0.0625 0.26015625 0.109375 0.0828125
1 0.0875 0.00625 0.125 0.01171875
1 0.53125 0.23359375 0.1265625 0.0796875
1 0.41484375 0.2234375 0.12265625 0.07890625
1 0.39921875 0.36796875 0.12421875 0.0859375
1 0.071875 0.11953125 0.12109375 0.078125
1 0.54375 0.0921875 0.1265625 0.078125
1 0.540625 0.15703125 0.1234375 0.08046875
1 0.51171875 0.45390625 0.13125 0.0796875
1 0.521875 0.378125 0.12578125 0.0796875
1 0.66484375 0.10078125 0.121875 0.0765625
1 0.42265625 0.14765625 0.12109375 0.07734375
1 0.76953125 0.3265625 0.128125 0.08046875
1 0.190625 0.128125 0.12265625 0.078125
1 0.19609375 0.06015625 0.1203125 0.07890625
1 0.175 0.19765625 0.12265625 0.0859375
1 0.9828125 0.05625 0.034375 0.07421875
1 0.3015625 0.21015625 0.121875 0.084375
1 0.875 0.48515625 0.12421875 0.08203125
1 0.2015625 0.0140625 0.121875 0.02734375
1 0.3875 0.4421875 0.128125 0.08671875
1 0.1734375 0.2703125 0.121875 0.08203125
1 0.9875 0.01171875 0.025 0.0234375
1 0.42890625 0.08203125 0.12109375 0.0734375
1 0.4328125 0.021875 0.121875 0.04296875
1 0.27890625 0.3578125 0.125 0.08515625
1 0.31875 0.01953125 0.11875 0.0390625
1 0.96875 0.49609375 0.0625 0.0859375
1 0.1640625 0.3453125 0.128125 0.08515625
1 0.9765625 0.2015625 0.046875 0.08203125
1 0.65078125 0.2390625 0.121875 0.084375
1 0.7796875 0.17578125 0.12265625 0.07734375
1 0.27265625 0.43046875 0.11953125 0.0828125
1 0.77578125 0.25078125 0.12578125 0.07734375
1 0.31171875 0.07109375 0.12265625 0.07890625
1 0.9796875 0.125 0.040625 0.078125
1 0.06875 0.19375 0.11640625 0.08203125
1 0.046875 0.409375 0.09375 0.08046875
1 0.05 0.33359375 0.1 0.0859375
1 0.66875 0.03125 0.11875 0.0625
1 0.0140625 0.00390625 0.028125 0.0078125
1 0.0125 0.0390625 0.025 0.078125
1 0.01875 0.0015625 0.0375 0.003125
0 0.80546875 0.434375 0.02890625 0.02421875
0 0.85625 0.29140625 0.0328125 0.021875
0 0.3 0.04765625 0.02734375 0.03125