1 0.923304411915168 0.8914993509746836 0.05538532092583352 0.1182453889641522
1 0.9155029137726857 0.1554290541631869 0.09376292431665548 0.2059844063770066
1 0.866309549218721 0.8937069821369196 0.0945205955329392 0.12185506784239593
1 0.9493619135677978 0.5495608344663403 0.05321069892376151 0.20541784034363317
1 0.9376858972328594 0.7333183587765997 0.05321069892376116 0.205417840343633
1 0.9300470649299776 0.03254200757680316 0.09081339867609231 0.06508401515360632
1 0.8923306635677978 0.5525497156285761 0.09703347353086755 0.209273180687266
1 0.8709521615008832 0.7438298128696141 0.09212764970954979 0.2043400192218769
1 0.9018641370986652 0.3478622156285761 0.0954709735308672 0.20919129353213634
1 0.9588589997951121 0.34565458446634023 0.05477319892376116 0.20549972749876283
1 0.9718256883797913 0.15091861657851582 0.046305727459808564 0.19102779172311407