1 0.9431938831226179 0.8597933333936814 0.08802965421934558 0.21133884992375015
1 0.7112594594182164 0.4010859081474658 0.14844104869945837 0.2720958183886112
1 0.7806033433450225 0.144782663181459 0.14504331330995512 0.2563980832062501
1 0.9172464066582728 0.3761807463877091 0.15172968993316047 0.2815435535709724
1 0.6859084521113203 0.1519574239150353 0.14844104869945837 0.27209581838861124
1 0.8115049212687694 0.38935093398302156 0.14534332223840885 0.27358558320625015
1 0.8941164184261003 0.13413806354204935 0.13989216314779931 0.22972648043270844
1 0.8641239918889158 0.8673317700390634 0.16324784253094826 0.22558449430041697
1 0.7371053445661337 0.6666388261754868 0.15019446347211093 0.28306968597979176
1 0.7622069358825614 0.885280376612327 0.1364398806803953 0.21090374525034727
1 0.9321684285756653 0.6406978412774661 0.11891718993316047 0.28077983415618063
1 0.8373371696472116 0.6556851020110424 0.1502217370110614 0.2846321859797918