1 0.04703589528963838 0.7497045633299124 0.09407179057927675 0.21309087334017515
1 0.514391191876233 0.9086643893492485 0.1395544906906352 0.1773624515990065
1 0.8435012679424118 0.4192826850197676 0.12878062269254437 0.19136131908544907
1 0.03813251527691169 0.8872500151253104 0.07626503055382337 0.11299996974937905
1 0.24692625994591158 0.39697395218818154 0.1493112986950896 0.21022949375348404
1 0.6770523013208187 0.0882422841594459 0.13777381468808994 0.15860336123992674
1 0.13994046327977522 0.3936903917851354 0.1493112986950896 0.21022949375348404
1 0.3362507472549582 0.5753484161820239 0.1476760733609078 0.20397040339440445
1 0.7651324619669106 0.23928208851236787 0.13668402936027135 0.1992192708808471
1 0.05769322664704636 0.3949670663549745 0.11538645329409272 0.21319086729005096
1 0.8290740465865947 0.5849804078924045 0.12563744135899882 0.1897806383672897
1 0.41906960120946024 0.9100001512531051 0.13641130935708984 0.17578177088084707
1 0.7474711526098208 0.4143729921031641 0.14135334802672617 0.197684041958086
1 0.7345973405872309 0.5808428746167215 0.13664766669318062 0.19609427088084708
1 0.6311439818985047 0.7439337479568966 0.13821016669318062 0.1961033612399266
1 0.2316268819223672 0.5704887202403583 0.15552493602799872 0.20714085518980258
1 0.5577364906110935 0.40610247073133765 0.13980902936027134 0.1992374515990063
1 0.2184701645449147 0.895543262394836 0.14242495202099903 0.15550563231716552
1 0.5272377318985046 0.7445382568356912 0.13670221069381688 0.2007817708808471
1 0.4538575126114116 0.40436322961013216 0.15078289202736245 0.20242608411256366
1 0.4842744553230459 0.07457677742195065 0.14395108935390813 0.1491535548439013
1 0.5424462032543218 0.5788359887835144 0.15387152936027154 0.19931926483072288
1 0.35237682861236613 0.3979228529503073 0.1525090240292714 0.21649767447164336
1 0.6636245059675469 0.23518546185254302 0.14297039202736245 0.2023806323171656
1 0.3121383485439602 0.902029090850059 0.13942722135581712 0.16642495159900647
1 0.8115581878978684 0.7475713114832008 0.12572834802672608 0.1975931383672897
1 0.2193888692314138 0.7494540575743758 0.14616811736154417 0.20864881303532493
1 0.0921960433243186 0.06626989461380574 0.0937329133513628 0.13253978922761148
1 0.6432456345878672 0.576687160622879 0.1460044853596351 0.19458631303532492
1 0.5668858659691377 0.22403031411547936 0.15081925469445318 0.20555108411256368
1 0.857238145965956 0.24577700732667046 0.13048857336090772 0.20387040944452864
1 0.12687574725495815 0.5765665242986927 0.15241811736154415 0.20868517447164336
1 0.11312977856464106 0.7508534519917898 0.1523999360279987 0.20712267447164337
1 0.12007811787877831 0.8922097050168519 0.14218859468490827 0.1351931323171655
1 0.7209877318985047 0.7434110523098185 0.12878062269254437 0.19136131908544912
1 0.15070688263845583 0.20692164481019745 0.1586499360279987 0.2071590359079618
1 0.4287275065643229 0.751360949457707 0.14300675469445334 0.2055056323171657
1 0.7019002825430057 0.9067922962596942 0.13957267202418072 0.17892495159900648
1 0.3233042098981865 0.7480682986955813 0.14293402936027153 0.19925563231716553
1 0.37412729598981864 0.07412278034881689 0.14862040802036275 0.14824556069763378
1 0.26078131663750137 0.21331202449508443 0.1493112986950896 0.21022949375348404
1 0.050379618634637836 0.5739096777912931 0.10075923726927567 0.2053056444174139
1 0.07252733863781952 0.21206366276417837 0.10705107336090783 0.2037340540583344
1 0.7933428952100966 0.9031355102535367 0.12870789735836255 0.18511131908544912
1 0.7753898039863188 0.09626334153742999 0.13295904535327185 0.1476385901626879
1 0.7853389438654153 0.986770166869395 0.10644999466899989 0.0178056444174139
1 0.6490700152769117 0.41182068472518 0.14131698535963508 0.194559041958086
1 0.36221654730268327 0.2236586511549093 0.1570874360279987 0.2071499455488821
1 0.5748267299888641 0.08056315700864174 0.14409654002227174 0.16112631401728347
1 0.46690404730268326 0.2230495970965749 0.15552493602799872 0.20714085518980258
1 0.6048338311983243 0.9909451033430908 0.10793976933481808 0.011564734776493424
1 0.4394030192552763 0.5724047024827691 0.1492022106938169 0.20085449375348396
1 0.6128286918762329 0.9080916967272324 0.1301794906906352 0.17730790944452862
1 0.16484320265754587 0.0669284247662309 0.15468859468490823 0.1338568495324618
1 0.8627716253182734 0.1059105314289714 0.12821700135263542 0.14292381908544902
1 0.2702483179901368 0.07208355737798408 0.15012836401972635 0.14416711475596816
0 0.635436418642592 0.17363488349551598 0.03958975867281787 0.04553975897699045
0 0.17272185988227812 0.8661239279876849 0.038027258672817865 0.04553066861791066
0 0.5340102786441829 0.16250700683569114 0.039535214672181594 0.04085225897699045
0 0.763019048536006 0.9579957270760495 0.044349984006999674 0.05181703005422946
0 0.12018413598027364 0.1446034519917898 0.04117044000636333 0.047111349336070064
0 0.6332593705442784 0.8978172720591975 0.04745680267345413 0.050272710772388506