1 0.22734375 0.6 0.0703125 0.16796875
1 0.22734375 0.76640625 0.06953125 0.1640625
1 0.30078125 0.596875 0.07109375 0.1625
1 0.225 0.43671875 0.06953125 0.16640625
1 0.22421875 0.26953125 0.06875 0.1625
1 0.03125 0.2640625 0.0625 0.16796875
1 0.0328125 0.7578125 0.065625 0.171875
1 0.30078125 0.76640625 0.0703125 0.1640625
1 0.3671875 0.759375 0.06875 0.16953125
1 0.303125 0.921875 0.06875 0.15625
1 0.03125 0.6015625 0.0625 0.171875
1 0.2234375 0.1109375 0.06953125 0.1640625
1 0.296875 0.27578125 0.0671875 0.16171875
1 0.153125 0.27265625 0.06953125 0.16015625
1 0.09453125 0.7640625 0.0703125 0.16328125
1 0.4265625 0.1109375 0.06875 0.1640625
1 0.0921875 0.60546875 0.07265625 0.17265625
1 0.0296875 0.1 0.059375 0.16015625
1 0.43515625 0.76484375 0.06875 0.1671875
1 0.0296875 0.921875 0.059375 0.15625
1 0.15078125 0.1109375 0.06796875 0.1640625
1 0.0921875 0.27109375 0.0703125 0.16015625
1 0.2984375 0.43828125 0.06953125 0.16484375
1 0.35390625 0.1140625 0.0671875 0.16171875
1 0.2953125 0.11015625 0.06875 0.1640625
1 0.365625 0.921875 0.06875 0.15625
1 0.15703125 0.7640625 0.06953125 0.1640625
1 0.4359375 0.9234375 0.065625 0.15234375
1 0.4328125 0.5953125 0.0703125 0.16171875
1 0.4296875 0.27421875 0.06875 0.16875
1 0.0890625 0.1046875 0.07265625 0.16484375
1 0.0953125 0.921875 0.071875 0.15625
1 0.028125 0.4296875 0.05625 0.1640625
1 0.365625 0.60859375 0.06796875 0.1609375
1 0.35703125 0.2734375 0.06875 0.16328125
1 0.15703125 0.59375 0.06953125 0.16796875
1 0.36171875 0.4375 0.07109375 0.17109375
1 0.2265625 0.921875 0.071875 0.15625
1 0.09296875 0.4328125 0.06953125 0.1640625
1 0.159375 0.921875 0.06875 0.15625
1 0.43125 0.4390625 0.06640625 0.1671875
1 0.15546875 0.434375 0.06796875 0.1640625
1 0.35 0.0140625 0.06875 0.02734375
1 0.14921875 0.01328125 0.0703125 0.0265625
1 0.2828125 0.0140625 0.0796875 0.028125
0 0.41328125 0.3734375 0.03359375 0.0359375
0 0.190625 0.95625 0.02421875 0.02421875