1 0.8860621057783996 0.46629098410830705 0.1143648834215476 0.24176568874502422
1 0.9686650642579064 0.6907232983290325 0.0626698714841872 0.2441903517868859
1 0.9493016395816017 0.22010705080049037 0.10139672083679656 0.24482702174882984
1 0.8655108893530465 0.23079915308166785 0.1144285504177418 0.2433281887450242
1 0.7758263068435325 0.23836625536284534 0.11436488342154742 0.24176568874502422
1 0.9592343730414242 0.4581017993176156 0.0815312539171515 0.24457235376405234
1 0.9372718483268448 0.05307599007698721 0.10579369665368965 0.10615198015397442
1 0.9774100059686802 0.8765016308385466 0.045179988062639606 0.14074701680591417
1 0.8491179323192336 0.058047332966624565 0.11073586463846716 0.11609466593324913
1 0.9034564887056555 0.7011288991273352 0.1143648834215476 0.24176568874502422
1 0.9210299437623022 0.8827463136520717 0.10872769566510669 0.14170202174883
1 0.8144576557018499 0.7063204179104154 0.1143648834215476 0.24176568874502422
1 0.7954371057783997 0.4699836698875818 0.1143648834215476 0.24176568874502422
1 0.7592741823192336 0.05983000886006753 0.10604836463846716 0.11966001772013506
1 0.6721110578321158 0.2472876106097724 0.11586371642535305 0.2402668557412186
1 0.8320947777546909 0.889500332435152 0.10872769566510661 0.14170202174883
1 0.6330033617470797 0.9007428744499368 0.10598469764227278 0.1509496877564409
1 0.6539327663116223 0.06511968673067683 0.10786553262324468 0.13023937346135367
1 0.69253494026508 0.47965444163641163 0.11423754942915867 0.23864068874502423
1 0.7123049066904331 0.7151781061611482 0.11430121642535304 0.24020318874502422
1 0.7314090282489826 0.89595060368969 0.10579369665368965 0.1462621877564409
1 0.6225566571847247 0.7211827084423256 0.1112398834215476 0.24163835475263545
1 0.5947195227745941 0.47972737889856115 0.11580004942915885 0.2387043557412186
1 0.5830803913302128 0.2516978793928527 0.11267504942915885 0.23857702174882983
1 0.5625265163116223 0.06696602962031419 0.10630303262324467 0.13393205924062837