1 0.9676846950393067 0.9168702364458234 0.012983384798020836 0.07037613251355737
1 0.3327270218406264 0.9674313770526084 0.18302310015828455 0.061991981653235585
1 0.32425294378566555 0.9096779643866257 0.18723923871722895 0.09951016237139498
1 0.7238179332278103 0.038797837824996836 0.1961141335443795 0.07759567564999367
1 0.8798891783462593 0.9275355465542819 0.18834709765100222 0.0838942527304745
1 0.15042298720089028 0.9778654038853837 0.18716503087881237 0.04326925273047451
1 0.8772702951975914 0.8564690676315209 0.1966597028238514 0.10112720452587283
1 0.9680998836773934 0.8489105768049029 0.01660848997087001 0.0875818132317164
1 0.15663353477275008 0.925494382808145 0.19496081050398356 0.09643061416679295
1 0.5040935564803625 0.95706098273339 0.1913811694377568 0.08078743344863355
1 0.692738519333344 0.9434655944642962 0.19156302586424748 0.0870374334486339
1 0.5052445310118264 0.89065927791293 0.19656877461060632 0.09800220452587247
1 0.6885116720780532 0.8739707059006147 0.19656877461060632 0.09800220452587247
1 0.36257054466886596 0.07600240115490926 0.18544941818411545 0.09168857201231528
1 0.039258166667776866 0.9863233193800365 0.055460389812585574 0.026880662567786828
1 0.1846357612827711 0.09734665691044588 0.19179034639736087 0.09484993344863375
1 0.5381843101082721 0.05389053093799208 0.19326191818411545 0.09173402380771337
1 0.8851418781341032 0.024989346998379007 0.15471624373179366 0.049978693996758014
1 0.034349357813145964 0.940265930816355 0.0584322771178887 0.07532725292686634
1 0.05040316528112163 0.12391876815037262 0.10080633056224327 0.08966246369925476
1 0.36715039608079175 0.02613726527260431 0.1765003155185485 0.05227453054520862
1 0.1846417729612536 0.04344949726952549 0.18904577962517113 0.05421584308955413
1 0.7139488397334433 0.0021063589022356907 0.1908523205331134 0.004212717804471381
1 0.04952262688046185 0.06064660850945223 0.0990452537609237 0.05683178298109555
1 0.5387442512536412 0.009646669010694284 0.1912614974927175 0.019293338021388568
0 0.8801475911200984 0.9454997513747421 0.02402853338609461 0.020448855386194252
0 0.8493605923737398 0.9566145133767947 0.027017141066226814 0.015779536104353297