1 0.796395815373016 0.5982895267743131 0.11359993344863355 0.1903715560152719
1 0.8412431444174139 0.11603155744744931 0.09430451190385662 0.09640338001272668
1 0.8707100141433518 0.6155593901177219 0.11359993344863355 0.19037155601527206
1 0.8248304084625702 0.7861077001113586 0.11359993344863364 0.1903715560152719
1 0.948156219749379 0.27508947879531226 0.10368756050124191 0.1855931493475448
1 0.9366718783101448 0.8085014154598579 0.06513516237139498 0.1851204346753633
1 0.7123809263183551 0.9233129673774524 0.11499880698520074 0.15337406524509517
1 0.9126697342855141 0.4426218767902216 0.11359993344863355 0.19037155601527206
1 0.981014171544777 0.2895337867997666 0.037971656910445975 0.18170453333863607
1 0.7630525711285525 0.7752332874363134 0.12143970452587247 0.19514996268299925
1 0.8983542668738262 0.8018059727879944 0.1104567527304745 0.18721019334818118
1 0.9163431383672898 0.13409176145763063 0.09430451190385654 0.09640338001272668
1 0.9395554629136879 0.6327656187937214 0.11359084308955403 0.18880905601527206
1 0.8976871672431688 0.9503396387253155 0.05688632513557294 0.09932072254936912
1 0.9757868369412341 0.6355548114655848 0.048426326117531816 0.17091248400699968
1 0.8811510478118183 0.2617985907860854 0.11199198165323594 0.1825408746817266
1 0.6738537157423583 0.7507594514242231 0.12612720452587248 0.1952045066836357
1 0.6183031525106417 0.7360515140833599 0.11047493344863372 0.19033519334818116
1 0.5740087727275588 0.9068879887014528 0.11361811416679295 0.1862240225970943
1 0.7796184232932929 0.9322976160486796 0.11489881303532475 0.1354047679026408
1 0.5510530617587787 0.9896550353675894 0.08140453610435365 0.020689929264821317
1 0.6389025197024967 0.9158544560391345 0.11508062021691715 0.16829108792173103
1 0.8391504210537978 0.42770485411358566 0.11359084308955403 0.18880905601527206
1 0.9627459605759968 0.45884686079722126 0.07450807884800632 0.18995338534372674
1 0.7419203761688455 0.2312742021005408 0.11044766237139499 0.18564769334818115
1 0.7236304810640604 0.5786940947644501 0.11360902380771343 0.1919340560152719
1 0.8531059202682307 0.9413095367202249 0.1179238190854491 0.11738092655955015
1 0.6579373033709633 0.5662117287555414 0.11047493344863372 0.19033519334818116
1 0.7014686138722054 0.3948548967615865 0.11202834308955403 0.18879087468172653
1 0.9682369155928487 0.14798208613140304 0.06352616881430251 0.08980793467536326
1 0.8091805990414824 0.24455599944299494 0.11044766237139499 0.18564769334818115
1 0.767175427103922 0.4096810127704952 0.10888516237139498 0.18562951201463568
1 0.777107921544777 0.10278612277208606 0.09119769262201594 0.09949201734563581