1 0.07890625 0.29140625 0.0734375 0.17578125
1 0.14765625 0.64453125 0.075 0.171875
1 0.0796875 0.64765625 0.07109375 0.17734375
1 0.1453125 0.29609375 0.0703125 0.1734375
1 0.0203125 0.021875 0.040625 0.04296875
1 0.08125 0.81875 0.071875 0.17265625
1 0.3515625 0.1234375 0.0703125 0.171875
1 0.35390625 0.290625 0.06953125 0.1703125
1 0.21328125 0.47421875 0.0734375 0.17734375
1 0.0796875 0.46953125 0.0734375 0.17109375
1 0.22109375 0.81953125 0.0734375 0.1734375
1 0.0203125 0.11875 0.040625 0.16796875
1 0.21796875 0.29453125 0.07109375 0.16875
1 0.35 0.01953125 0.075 0.0390625
1 0.14375 0.11953125 0.06953125 0.16796875
1 0.4296875 0.465625 0.071875 0.1734375
1 0.078125 0.015625 0.06875 0.03125
1 0.22109375 0.64296875 0.07109375 0.17109375
1 0.07734375 0.12265625 0.0734375 0.16875
1 0.29140625 0.471875 0.07109375 0.178125
1 0.43125 0.95 0.06796875 0.1
1 0.3546875 0.46484375 0.0703125 0.1703125
1 0.28828125 0.12109375 0.071875 0.17578125
1 0.35859375 0.815625 0.0703125 0.1671875
1 0.29296875 0.6421875 0.07265625 0.1734375
1 0.14765625 0.475 0.075 0.178125
1 0.29453125 0.8109375 0.071875 0.175
1 0.146875 0.81484375 0.07265625 0.17578125
1 0.0203125 0.2984375 0.040625 0.17578125
1 0.0203125 0.46875 0.040625 0.171875
1 0.42421875 0.1234375 0.0703125 0.1734375
1 0.1421875 0.01953125 0.071875 0.0390625
1 0.0203125 0.6421875 0.040625 0.17578125
1 0.221875 0.95 0.071875 0.1
1 0.428125 0.296875 0.071875 0.1734375
1 0.43203125 0.809375 0.06875 0.16953125
1 0.43125 0.64375 0.06953125 0.17734375
1 0.21015625 0.12109375 0.0765625 0.175
1 0.021875 0.821875 0.04375 0.17578125
1 0.14609375 0.95078125 0.071875 0.09765625
1 0.290625 0.29453125 0.071875 0.16796875
1 0.084375 0.9515625 0.071875 0.096875
1 0.3578125 0.640625 0.06953125 0.1703125
1 0.421875 0.0171875 0.06875 0.034375
1 0.28125 0.015625 0.06875 0.03125
1 0.2140625 0.0171875 0.071875 0.034375
1 0.29609375 0.95 0.071875 0.1
1 0.359375 0.9484375 0.07421875 0.103125
1 0.021875 0.953125 0.04375 0.09375