1 0.2385291433922765 0.9144856057412186 0.1218998257680484 0.1710287885175628
1 0.16320176117829135 0.9224280983268448 0.11187006134007813 0.15514380334631034
1 0.04036207205503334 0.5722861768820261 0.08072414411006668 0.21957235376405215
1 0.21204603286265575 0.7385836334215476 0.11819447241000383 0.21233285672980173
1 0.05340525299522488 0.1787908448668037 0.10681050599044976 0.2107066897336074
1 0.05466637491518199 0.7554952663116223 0.10933274983036398 0.20914418973360754
1 0.08106138377362962 0.9238659229276933 0.11321430653075473 0.15226815414461328
1 0.18742552269585472 0.5474665434976597 0.11043653611233469 0.21357702174882984
1 0.12560265680875643 0.16706677768032888 0.11808534500534211 0.20920785672980183
1 0.13119533694633975 0.7462422831175364 0.12622522721932725 0.2189011917107738
1 0.012507434483570608 0.1888542529657495 0.025014868967141217 0.19958350593149904
1 0.02901039900420811 0.3755875904181794 0.05802079800841622 0.2261751808363588
1 0.07637643920807602 0.36691026878308036 0.13431054573098153 0.2270320266917457
1 0.15114082623138456 0.35430945110231393 0.1343651094333124 0.22859452669174568
1 0.10245032197021534 0.5612160257031625 0.13738098202865068 0.22559686068413445