1 0.64921875 0.74609375 0.07109375 0.1671875
1 0.78203125 0.91015625 0.06953125 0.17109375
1 0.77734375 0.74140625 0.06875 0.165625
1 0.446875 0.9078125 0.06875 0.16953125
1 0.44296875 0.7421875 0.06640625 0.1703125
1 0.72734375 0.9109375 0.07578125 0.1703125
1 0.84921875 0.746875 0.06796875 0.16484375
1 0.50234375 0.2453125 0.06875 0.16328125
1 0.69921875 0.24765625 0.06875 0.1625
1 0.57890625 0.909375 0.06875 0.16640625
1 0.521875 0.9109375 0.0796875 0.1703125
1 0.7 0.4078125 0.06875 0.16328125
1 0.3765625 0.74453125 0.0734375 0.17109375
1 0.378125 0.91015625 0.07421875 0.1734375
1 0.3734375 0.99765625 0.071875 0.0046875
1 0.771875 0.415625 0.06796875 0.1609375
1 0.721875 0.99765625 0.06875 0.0046875
1 0.36875 0.57109375 0.07578125 0.16640625
1 0.65234375 0.909375 0.07265625 0.1671875
1 0.51875 0.99765625 0.06875 0.0046875
1 0.82734375 0.41875 0.07265625 0.16484375
1 0.5671875 0.24296875 0.0671875 0.16015625
1 0.57109375 0.41171875 0.06796875 0.165625
1 0.57578125 0.740625 0.07109375 0.1703125
1 0.82265625 0.09609375 0.0671875 0.15625
1 0.4328125 0.240625 0.0671875 0.15859375
1 0.5015625 0.4125 0.06953125 0.1671875
1 0.653125 0.99765625 0.06875 0.0046875
1 0.721875 0.740625 0.0765625 0.16875
1 0.4453125 0.99609375 0.071875 0.0078125
1 0.4296875 0.41171875 0.07109375 0.16953125
1 0.63046875 0.4140625 0.071875 0.16953125
1 0.915625 0.90859375 0.06640625 0.1671875
1 0.62421875 0.2484375 0.06953125 0.1625
1 0.8515625 0.91015625 0.06640625 0.16796875
1 0.51328125 0.74453125 0.06953125 0.1671875
1 0.83125 0.25234375 0.0671875 0.1625
1 0.85625 0.99765625 0.06875 0.0046875
1 0.63046875 0.090625 0.0671875 0.15859375
1 0.9078125 0.7453125 0.06484375 0.16484375
1 0.365625 0.40234375 0.07109375 0.16796875
1 0.49765625 0.0875 0.07109375 0.159375
1 0.4328125 0.58125 0.07265625 0.16875
1 0.58125 0.99765625 0.06875 0.0046875
1 0.3640625 0.2375 0.0703125 0.1625
1 0.9171875 0.99609375 0.065625 0.0078125
1 0.5765625 0.57421875 0.07265625 0.1703125
1 0.90234375 0.58125 0.065625 0.1671875
1 0.69375 0.0921875 0.06875 0.15859375
1 0.965625 0.42109375 0.06328125 0.16015625
1 0.8984375 0.41484375 0.06640625 0.1625
1 0.96953125 0.5796875 0.06015625 0.16484375
1 0.5109375 0.5734375 0.06875 0.16796875
1 0.8359375 0.5875 0.06875 0.1671875
1 0.7828125 0.99765625 0.071875 0.0046875
1 0.6453125 0.57578125 0.06640625 0.16640625
1 0.7765625 0.5765625 0.0671875 0.16640625
1 0.89375 0.25625 0.06640625 0.16171875
1 0.95703125 0.10703125 0.07421875 0.15703125
1 0.70703125 0.5765625 0.07109375 0.1671875
1 0.76875 0.25390625 0.06953125 0.16328125
1 0.959375 0.25859375 0.0703125 0.16015625
1 0.878125 0.096875 0.0734375 0.1546875
1 0.76015625 0.09453125 0.0640625 0.15625
1 0.56640625 0.08125 0.0734375 0.1625
1 0.971875 0.74375 0.05625 0.16796875
1 0.97265625 0.91484375 0.0546875 0.165625
1 0.36015625 0.084375 0.071875 0.16015625
1 0.42890625 0.0859375 0.0625 0.159375
1 0.9078125 0.103125 0.11015625 0.15625
0 0.61015625 0.68125 0.021875 0.03671875
0 0.4609375 0.85078125 0.02890625 0.0375
0 0.5828125 0.34921875 0.03359375 0.03984375
0 0.44609375 0.01015625 0.01796875 0.0140625
0 0.4375 0.03515625 0.021875 0.02734375
0 0.4109375 0.07421875 0.01640625 0.0234375
0 0.44765625 0.134375 0.0234375 0.04296875
0 0.39921875 0.6796875 0.015625 0.01796875