1 0.5071525174179633 0.7602523717971842 0.28033602084968245 0.14256860545773692
1 0.5219254419367919 0.3269475661728317 0.2787280567430599 0.14093333085063087
1 0.2628315867639424 0.3218042636488511 0.27247805674305986 0.1406422324222074
1 0.08597460391920826 0.027433641232494355 0.11257420783841651 0.05486728246498871
1 0.7795276225908128 0.764777090160765 0.2803360208496827 0.14256860545773692
1 0.528368007059629 0.22572966853019655 0.2740405567430599 0.14071500702931336
1 0.5427701731986805 0.03737791377268561 0.26991534639736087 0.07475582754537122
1 0.07889554130365366 0.10350168155536592 0.10970527210332377 0.12369867328319831
1 0.26935305674305987 0.11575331679200425 0.2868133413827959 0.15067220388616018
1 0.2490538947606435 0.43979228432701556 0.27422241316955054 0.14696500702931328
1 0.27942072703874643 0.041329167287342275 0.28384145407749284 0.08265833457468455
1 0.24525059633085386 0.5510572700589919 0.27243259263643715 0.13907973242220742
1 0.959467242873864 0.44779498966542697 0.08106551425227196 0.11686647642635144
1 0.5199921835570147 0.5562540765119139 0.27560305674305974 0.14078778163641914
1 0.06879809342785999 0.4286301141441891 0.11595527210332376 0.12398977171162176
1 0.5093946305083715 0.8641950091007372 0.2755575926364372 0.13922528163641915
1 0.5331932140401157 0.4453336931373024 0.2817621285298145 0.1379538800648426
1 0.07028168857157963 0.533390388751295 0.11301212852981449 0.13009422249741007
1 0.8011282424781525 0.0451368519453347 0.2782279515702104 0.0902737038906694
1 0.9616913209288249 0.33198805314766233 0.07661735814235016 0.11650260339082212
1 0.7661220036279097 0.8686662235353765 0.278818984956305 0.14405833085063086
1 0.24895357251167044 0.7589789319696507 0.27243259263643715 0.13907973242220742
1 0.795127261216264 0.33299839723285957 0.27872805674305995 0.14093333085063087
1 0.07505880212420633 0.321162216501554 0.12050637978345573 0.1195205955329394
1 0.5463474657559754 0.11771596133426747 0.28047241316955046 0.14725610545773676
1 0.2418875671013941 0.6505671184874153 0.2693075926364371 0.1389341832079957
1 0.9554025258309939 0.6522470492187209 0.08919494833801203 0.11708480024766903
1 0.7828438730530312 0.4485698933039181 0.2741314849563052 0.1438400070293134
1 0.25603836599340213 0.22276745016661575 0.27247805674305986 0.1406422324222075
1 0.9527878227760332 0.7690535595578031 0.09442435444793347 0.11864730024766904
1 0.24099397149545604 0.8618321042193916 0.27730194906292793 0.1455480562435249
1 0.9715256590129154 0.04212095595758399 0.056948681974169094 0.08424191191516799
1 0.5102427620076869 0.6513675233687607 0.2785916644231918 0.13624583085063086
1 0.07745872492717536 0.2154387553766835 0.11595527210332376 0.1239897717116217
1 0.9615943810370968 0.2186340285405565 0.07681123792580635 0.1179195541766104
1 0.8007658442857899 0.23103563689377737 0.27716555674305987 0.140860556243525
1 0.07198189555206633 0.7531399625726125 0.10331887978345573 0.1187200748547749
1 0.9483378350813363 0.8655475698968853 0.1033243298373275 0.1173758986760923
1 0.9549263269659217 0.5418360880938504 0.09014734606815651 0.12362589867609249
1 0.7968021068222021 0.12169702419733028 0.27725648495630517 0.14398555624352505
1 0.9687560116784825 0.12370251820147429 0.06248797664303503 0.12493153349844599
1 0.7797763605166189 0.5582359917323416 0.2723871285298145 0.13751723242220742
1 0.7833309210206023 0.6535121044287886 0.2771200926364372 0.139298056243525
1 0.0709171522159839 0.8509781490903773 0.09536998746358769 0.11366870181924549
1 0.06958065808847864 0.6437285752690596 0.10506323620994644 0.12504284946188077
0 0.9052079887172289 0.05641016439636735 0.03840928213245363 0.03299659057054058
0 0.09176160266556703 0.03484157278786027 0.03831835391920824 0.029871590570540573