0 0.19023820815166959 0.8343796970178639 0.04489583774894799 0.034085494985435005
1 0.5632888169520098 0.9244086858015997 0.24013890507947586 0.12717758010002492
1 0.9562798704027216 0.7792443206661274 0.08312501324684404 0.10075616943775678
1 0.12918414626343727 0.877604511282771 0.20129465988879933 0.13229097743445806
1 0.5804787730351268 0.7448204742022595 0.24364585099579195 0.13820600831327035
1 0.33027542031005436 0.9030351056350678 0.24342759618646853 0.13195600831326998
1 0.34662956269084055 0.721907126089039 0.2434821598887993 0.13351850831327033
1 0.9498240284774223 0.8631108553058635 0.07860120435383636 0.10530727711788863
1 0.7934401084218221 0.9310067121280656 0.2423363221398514 0.10070600831326999
1 0.8119842333794131 0.7678020184754141 0.24197422359113005 0.13503554420664762
1 0.13228432049538885 0.697644226643035 0.22004465988879934 0.13283654671392994
1 0.32984139989163436 0.9577908017950019 0.22367560217691818 0.05801840314042082
1 0.9415601498916344 0.9399916040522222 0.07109623920022692 0.06918792069139812
1 0.13084336078407477 0.790749368962903 0.21050596878180677 0.127876262074194
1 0.5721156907284743 0.8412552050019297 0.24019346878180664 0.1287400801000249
1 0.33899316668185736 0.8167566248353978 0.24337303248413758 0.13039350831327035
1 0.5601291006172737 0.9682950781214679 0.2339583377489479 0.03958665188677948
1 0.1264063758450172 0.9324284036026391 0.18930060217691827 0.057018192794721756
1 0.8036211510727608 0.8642367492750843 0.24337303248413766 0.13039350831327007