0 0.9753686393902277 0.6995833666899957 0.03714717292769336 0.031151840912470873
0 0.9790294916714052 0.7894271166899957 0.03714717292769336 0.031151840912470873
0 0.44355095361095287 0.5874389219762912 0.04652217292769336 0.031533842889637495
0 0.20530160672980177 0.11911870901097932 0.04652217292769345 0.03153384288963732
0 0.08928533448668037 0.009097768783080315 0.04419566897336073 0.012720175893442959
0 0.6744441734591661 0.4541157218997416 0.23191584486680378 0.06404654844057553
0 0.22122899015134928 0.3568733769957569 0.23478617688202616 0.05792388243296429
0 0.2214637534972222 0.4200591265014653 0.24441584486680376 0.0645558844101306
0 0.6829848212151696 0.7594253044092556 0.22879084486680376 0.06391921444818678
0 0.8178971072240934 0.14641992151918076 0.04352450692008212 0.03453150889724856
1 0.2269285504177419 0.2479122124710204 0.2259496877564411 0.10904071345960356
1 0.06474156821223905 0.32553851087441493 0.09769735376405228 0.10069501977166348
1 0.22843665368750257 0.34234796197672884 0.22744852076024671 0.10754188045579802
1 0.23049383258387612 0.7948044585166877 0.22907468775644108 0.1091680474519924
1 0.22881333847819413 0.42815812798434 0.22907468775644108 0.1091680474519924
1 0.6725593157779621 0.7332620524320893 0.22588602076024672 0.10747821345960365
1 0.22895389581601822 0.6995874590109793 0.22757585475263548 0.11066688045579802
1 0.0683201433445603 0.6813428419010542 0.08519735376405228 0.10018568380210838
1 0.07233116410480696 0.7797803419010542 0.08519735376405228 0.10018568380210838
1 0.672128303877783 0.2824317228883248 0.22601335475263545 0.11060321345960364
1 0.06414204893486714 0.23425959486680373 0.09750635277546908 0.09600751977166348
1 0.06666752965749524 0.14310801285158128 0.10394735376405226 0.10094968775644109
1 0.23168360087266482 0.8814277080223961 0.22913835475263547 0.11073054745199222
1 0.6721865840667509 0.8198216349416032 0.22920202174882984 0.11229304745199249
1 0.0663398547898165 0.4987531763877346 0.09626218775644105 0.1037563527754692
1 0.0661262905690912 0.5892190088972485 0.08832235376405226 0.10031301779449713
1 0.4428400519006167 0.2637295079458465 0.2259496877564411 0.10904071345960364
1 0.22909452277459405 0.5116245439919512 0.22926568874502423 0.1138555474519924
1 0.6723418680985083 0.1919658903788108 0.22601335475263545 0.1106032134596036
1 0.8926265224902672 0.3010066038384144 0.2147469550194656 0.11216571345960365
1 0.6720420736494465 0.3760225553978388 0.22588602076024672 0.10747821345960355
1 0.22819520904816035 0.6044022930033681 0.22926568874502423 0.1138555474519924
1 0.4445842826232448 0.1725460924325268 0.22601335475263545 0.1106032134596036
1 0.44605516558768177 0.8020280039915137 0.22763952174882984 0.11222938045579803
1 0.8924832369384539 0.7534631003783734 0.21503352612309215 0.11235671444818678
1 0.06527742049341655 0.4152549268820261 0.09769735376405227 0.10069501977166344
1 0.8915567596572764 0.5732171848650536 0.21688648068544714 0.11079421444818678
1 0.8922949293534842 0.20735210433270596 0.21541014129303174 0.11053954646340917
1 0.8914837875847512 0.83920959938979 0.21703242483049756 0.11398288144438107
1 0.07430218239359568 0.8664354249048598 0.08226335475263544 0.10474584980971961
1 0.44663219125366316 0.5290680064629717 0.22614068874502422 0.11372821345960364
1 0.4432485701894054 0.3503209239534576 0.22913835475263547 0.1107305474519924
1 0.8920879768054764 0.6566836008726649 0.2158240463890472 0.1107305474519924
1 0.888315672470583 0.9317326804164294 0.22336865505883416 0.11235671444818678
1 0.8920064165204934 0.4804076023555396 0.21598716695901327 0.1107305474519924
1 0.8912298364638467 0.11519643783080316 0.21754032707230664 0.1073508794672148
1 0.891331948630856 0.38912868634792835 0.21733610273828816 0.10923171444818677
1 0.6734640163116223 0.10465689136739395 0.22594968775644092 0.1090407134596036
1 0.6752571873365116 0.9143210514435062 0.22907468775644108 0.10916804745199257
1 0.22789153114036997 0.1566969634596036 0.22601335475263545 0.11060321345960356
1 0.6718324625082015 0.6388581364244781 0.22607702174882985 0.11216571345960347
1 0.6716056749420408 0.46101963790735284 0.22757585475263548 0.11066688045579802
1 0.4499388523555396 0.8973405039915138 0.22757585475263548 0.11066688045579802
1 0.06619534437251211 0.05495409684397005 0.1037563527754691 0.09626218775644106
1 0.4457421477931846 0.7177803379839025 0.22601335475263545 0.11060321345960347
1 0.4453880958553869 0.07742459342111 0.22588602076024666 0.1074782134596036
1 0.22879084486680368 0.06391921444818677 0.23070085475263546 0.11079421444818675
1 0.6720141932308296 0.5476110539149641 0.22601335475263545 0.11060321345960347
1 0.4496072940291323 0.6212236729648745 0.21982702174882984 0.11191104547482596
1 0.4471322569572632 0.4456334239534576 0.22757585475263548 0.11066688045579802
1 0.6772946704562355 0.04553655935217151 0.21852450692008213 0.04166221247102042
1 0.8915972509885831 0.06366577132890035 0.21680549802283372 0.044787212471020424
1 0.06819158448668036 0.008238264334456031 0.10200816897336074 0.015075854752635448
1 0.4458536694676523 0.03142634391540157 0.22295733893530464 0.035603213459603586
1 0.2346615014828748 0.016581299429158723 0.22244800296574957 0.02310321345960359