1 0.16374009618646845 0.1333524898232347 0.2378125132468439 0.1107205732694628
1 0.15944941106992566 0.05514560266810494 0.23764882213985133 0.10603307326946279
1 0.02571925181409853 0.044238000904511146 0.03893850362819706 0.08782090456798429
1 0.03551098029937015 0.5032854522839921 0.03932044954451306 0.09875840456798421
1 0.39156250662342196 0.0696495952048731 0.23625001324684397 0.11063868611433303
1 0.40227189436452077 0.5326442401619189 0.24104664065150558 0.11400934757972223
1 0.02847471878180675 0.12314425090451116 0.03910219473518963 0.0925084045679843
1 0.8535540751350762 0.10165974954571477 0.23652283175849825 0.11845118611433306
1 0.6252381021769182 0.084235474896771 0.23641370435383652 0.11532618611433303
1 0.03344499409436824 0.3994610894391219 0.03932044954451306 0.0987584045679843
1 0.6282936695074461 0.171735474896771 0.23625001324684405 0.11063868611433306
1 0.3967981328469573 0.15258492593756773 0.23625001324684386 0.110638686114333
1 0.1668973895551973 0.5140702233148913 0.23953870435383648 0.11548996042459266
1 0.6302505283077864 0.27243483774164123 0.23625001324684405 0.11063868611433306
1 0.8565823606144388 0.18837849954571478 0.23948414065150558 0.11392746042459256
1 0.16558537149902997 0.409505554047586 0.23635914065150562 0.1137636861143331
1 0.40306555724854487 0.6223651594292243 0.23942957694917477 0.11236496042459247
1 0.8593477512659444 0.2899000559681499 0.23781251324684405 0.1107205732694628
1 0.865181122132002 0.5686015880803256 0.23646826805616722 0.11688868611433315
1 0.6368924310250096 0.5519585634313817 0.23948414065150558 0.11392746042459265
1 0.037785297629898074 0.5907445087064274 0.03781251324684391 0.10023901741285464
1 0.39880955534962836 0.254846788782438 0.23625001324684386 0.11063868611433299
1 0.1649702686891395 0.23557340909054006 0.2378125132468439 0.1107205732694628
1 0.1684723024392215 0.6038320861597615 0.23942957694917477 0.11236496042459265
1 0.03200649046617117 0.31360547659425164 0.039429576949174774 0.10188340456798431
1 0.6361235939090337 0.6415975955435573 0.23781251324684388 0.11072057326946272
1 0.3971081900106842 0.4294373530067892 0.2395932680561673 0.11705246042459247
1 0.8660020668671917 0.6591037573476308 0.23948414065150558 0.11392746042459265
1 0.030486141284477807 0.22540611374938138 0.039211322139851346 0.0956334045679843
1 0.16411958601966745 0.32286869120271566 0.23641370435383643 0.11532618611433296
1 0.6325248456383143 0.35989389416407636 0.2363591406515056 0.11376368611433305
1 0.8639236677781656 0.4655994188130201 0.23646826805616722 0.11688868611433315
1 0.40509925008481795 0.3456355630926975 0.236250013246844 0.11063868611433296
1 0.6422123588851582 0.4586589427845954 0.23937501324684404 0.11080246042459266
1 0.8615947867453068 0.376577862390585 0.2363045769491748 0.11220118611433305
1 0.991982919233369 0.5820167141541788 0.016034161533261936 0.10171963025772471
1 0.9911136172378608 0.4875264077317437 0.017772765524278356 0.10163774310259513
1 0.9929067849312083 0.6780285769990491 0.014186430137583273 0.0985946302577247
1 0.9876364092558271 0.10878393204200318 0.024727181488345806 0.09974769448207606
1 0.9893204495445131 0.29385829488687343 0.021359100910973795 0.09834896879233553
1 0.990257956167935 0.3922548513093086 0.019484087664130102 0.09843085594746528
1 0.9884647884745874 0.20014923846443827 0.023070423050825184 0.09826708163720584
0 0.5521106924577549 0.6028825763216805 0.03702877404661713 0.03313340456798421
0 0.25094749654143894 0.5761817989592032 0.04160714664195542 0.03025406603337366
0 0.7137227711362103 0.42965419549812883 0.03859127404661713 0.033215291723114146
0 0.4845833973597456 0.5003064529613607 0.04473214664195542 0.030417840343633172
0 0.13461811369448165 0.43829561736742606 0.03579365626060227 0.042426517412854636