1 0.35625 0.1390625 0.12265625 0.07890625
1 0.8390625 0.31640625 0.128125 0.078125
1 0.9484375 0.31640625 0.103125 0.078125
1 0.72265625 0.15390625 0.1265625 0.07734375
1 0.48125 0.14453125 0.12421875 0.07734375
1 0.4875 0.075 0.12421875 0.078125
1 0.35 0.21640625 0.12578125 0.08125
1 0.9515625 0.1640625 0.096875 0.078125
1 0.9546875 0.09375 0.090625 0.078125
1 0.84921875 0.09296875 0.121875 0.0796875
1 0.8453125 0.16015625 0.125 0.08125
1 0.728125 0.0234375 0.125 0.046875
1 0.253125 0.0140625 0.11875 0.02734375
1 0.3625 0.06953125 0.121875 0.0796875
1 0.47734375 0.221875 0.1234375 0.078125
1 0.60625 0.08046875 0.125 0.07734375
1 0.85 0.02734375 0.11875 0.0546875
1 0.953125 0.0296875 0.09375 0.05859375
1 0.84140625 0.2390625 0.125 0.0828125
1 0.72578125 0.0828125 0.12265625 0.0765625
1 0.4921875 0.0171875 0.121875 0.034375
1 0.228125 0.21015625 0.13125 0.08046875
1 0.59921875 0.146875 0.1265625 0.07421875
1 0.5953125 0.221875 0.1234375 0.0796875
1 0.22890625 0.2796875 0.128125 0.07890625
1 0.121875 0.12734375 0.121875 0.07734375
1 0.2359375 0.1328125 0.1265625 0.07890625
1 0.246875 0.06328125 0.11953125 0.07734375
1 0.4671875 0.296875 0.125 0.0828125
1 0.6078125 0.01953125 0.128125 0.0390625
1 0.95 0.23828125 0.1 0.078125
1 0.371875 0.015625 0.125 0.03125
1 0.35 0.29140625 0.125 0.08359375
1 0.11484375 0.20078125 0.11796875 0.084375
1 0.71796875 0.23125 0.12734375 0.07890625
1 0.13125 0.009375 0.125 0.01875
1 0.1296875 0.05703125 0.1234375 0.075
1 0.590625 0.30078125 0.12578125 0.08046875
1 0.0328125 0.1234375 0.065625 0.0765625
1 0.715625 0.3109375 0.13046875 0.07890625
1 0.1125 0.27578125 0.1109375 0.0796875
1 0.03515625 0.046875 0.0703125 0.078125
1 0.028125 0.26640625 0.05625 0.0828125
1 0.0375 0.0078125 0.075 0.015625
1 0.028125 0.19375 0.05625 0.08203125