1 0.98125 0.446875 0.0375 0.16796875
1 0.984375 0.93359375 0.03125 0.1328125
1 0.71875 0.93359375 0.075 0.1328125
1 0.65625 0.6140625 0.07109375 0.16640625
1 0.79375 0.615625 0.0703125 0.16484375
1 0.72265625 0.6203125 0.07109375 0.16953125
1 0.92890625 0.6171875 0.071875 0.1703125
1 0.9828125 0.61328125 0.034375 0.1640625
1 0.98125 0.2796875 0.0375 0.16796875
1 0.7953125 0.12109375 0.0671875 0.16484375
1 0.92734375 0.12109375 0.071875 0.16796875
1 0.79453125 0.44453125 0.06953125 0.17421875
1 0.65 0.93125 0.06875 0.13671875
1 0.93125 0.78125 0.0703125 0.17421875
1 0.9828125 0.7796875 0.034375 0.17578125
1 0.653125 0.78671875 0.06953125 0.1734375
1 0.7859375 0.93125 0.071875 0.13671875
1 0.98125 0.11875 0.0375 0.16796875
1 0.86484375 0.615625 0.06953125 0.165625
1 0.8671875 0.9296875 0.078125 0.140625
1 0.6578125 0.11875 0.07109375 0.16171875
1 0.78671875 0.77578125 0.0734375 0.17578125
1 0.65859375 0.284375 0.07265625 0.1625
1 0.721875 0.778125 0.071875 0.17578125
1 0.72734375 0.11953125 0.0734375 0.1671875
1 0.79296875 0.28515625 0.071875 0.1625
1 0.928125 0.44453125 0.07109375 0.16640625
1 0.865625 0.1171875 0.071875 0.16953125
1 0.72421875 0.4484375 0.065625 0.175
1 0.65625 0.4453125 0.075 0.17578125
1 0.728125 0.28671875 0.07109375 0.15703125
1 0.9296875 0.93125 0.071875 0.13671875
1 0.928125 0.2859375 0.07109375 0.1640625
1 0.865625 0.2796875 0.071875 0.1640625
1 0.865625 0.78046875 0.0703125 0.175
1 0.86640625 0.44609375 0.0703125 0.16484375
1 0.72421875 0.01875 0.07890625 0.0375
1 0.925 0.015625 0.06875 0.03125
1 0.78984375 0.01640625 0.0703125 0.0328125
1 0.86640625 0.01640625 0.078125 0.0328125
1 0.98125 0.015625 0.0375 0.03125
1 0.690625 0.0203125 0.140625 0.040625
0 0.959375 0.84609375 0.025 0.0375
0 0.678125 0.99609375 0.01875 0.0078125
0 0.88671875 0.059375 0.02265625 0.0203125
0 0.96015625 0.059375 0.01640625 0.0296875
0 0.7484375 0.22109375 0.02421875 0.0265625
0 0.81953125 0.2203125 0.021875 0.02890625
0 0.81953125 0.88984375 0.02578125 0.02734375
0 0.8234375 0.0125 0.015625 0.021875