1 0.11193564264907245 0.6239091199872734 0.16862563103709696 0.10505222135581711
1 0.6997862982967756 0.8171365732415952 0.19858591567683312 0.11477266669318062
1 0.09973350785105181 0.5537147986553187 0.1702790592503423 0.10819540268936265
1 0.16285459962955914 0.8429222019812282 0.173449523356965 0.10979426535645365
1 0.6865528609123303 0.7383575925764132 0.19219952335696497 0.11001244135899882
1 0.869902570004388 0.781551967218369 0.18902905925034225 0.1084135786919079
1 0.4724101413954312 0.6306558226050483 0.1938074874635877 0.11159312269254436
1 0.820659773290458 0.5664269538908686 0.18907452335696498 0.10997607869190791
1 0.787616289587794 0.4245758085614594 0.19063702335696497 0.10999426002545327
1 0.7228182845067221 0.9372218065722769 0.18839256175762475 0.08653857869190773
1 0.1449109301918024 0.7634165153166825 0.17175063103709695 0.10508858402290802
1 0.44012517563945586 0.4880143366088663 0.19210859514371972 0.10688744135899882
1 0.5209398842692952 0.8481336765993213 0.19219952335696497 0.11001244135899882
1 0.651211091316289 0.5980962192473221 0.18590405925034226 0.10837721602481701
1 0.6317503859851549 0.520171213916322 0.18902905925034225 0.1084135786919079
1 0.33218962133717145 0.8073466866247747 0.19697795157021042 0.11319198535963508
1 0.19457126405275096 0.9660324379774101 0.17217652837152989 0.06604426535645339
1 0.5054990892047179 0.7740694679344575 0.1922449874635877 0.11157494135899881
1 0.5525656204792417 0.9681189125955033 0.18431281551854858 0.053689716024817
1 0.3501105587216169 0.8860711232893201 0.19688702335696498 0.11006698535963508
1 0.7150225048815508 0.8841695319064587 0.19376202335696496 0.110030622692544
1 0.4530403642775426 0.5558558172740482 0.1922449874635877 0.11157494135899881
1 0.2807167348897982 0.5961551952975925 0.19684155925034227 0.10850448535963508
1 0.1784090549606932 0.9208926606460919 0.17027905925034234 0.10819540268936265
1 0.37707988717228913 0.9803205626193658 0.19153428213245363 0.033468122692544
1 0.6062442691338228 0.4493501839195037 0.1922904515702104 0.11313744135899881
1 0.88368993685572 0.8525093572167781 0.19706887978345583 0.11631698535963508
1 0.3605001409332128 0.9476898759548202 0.1996937746106063 0.09916584802672616
1 0.31206132627259414 0.7333370219605473 0.19858591567683304 0.11477266669318062
1 0.8005542102791919 0.49319853922664125 0.1922449874635877 0.11157494135899881
1 0.2603383872387961 0.5135517806333652 0.2000574874635877 0.111665848026726
1 0.13052416976696113 0.698718215985046 0.1734040592503423 0.10823176535645337
1 0.8520043646732539 0.7036087805538234 0.18746655925034225 0.10839539735836254
1 0.9021276997878438 0.8952781125477781 0.19022784639736087 0.09593176002545363
1 0.5370482690673158 0.9182825445974123 0.19219952335696497 0.11001244135899882
1 0.29530808379444157 0.667884744629229 0.19693248746358769 0.11162948535963509
1 0.49626283003351784 0.6983700339354121 0.1954154515702104 0.11317380402608972
1 0.8319897298752332 0.633505365889596 0.18911998746358769 0.11153857869190809
1 0.6687910479010643 0.6651019059118677 0.184250631037097 0.10523403469127164