1 0.31328125 0.3958159450347943 0.2140625 0.1671552208490433
1 0.8953125 0.3314477350620305 0.209375 0.16688220506402773
1 0.9015625 0.20920871401534308 0.196875 0.16927916297065293
1 0.325 0.27482090557225536 0.2109375 0.16384821032569966
1 0.14765625 0.13905625277201025 0.2015625 0.16642717875566854
1 0.7453125 0.02426716872643502 0.20625 0.04853433745287004
1 0.54453125 0.016074508104269282 0.2078125 0.032149016208538564
1 0.29921875 0.505228742389841 0.209375 0.15281970506402764
1 0.64609375 0.7608068242986905 0.2171875 0.16577473137238705
1 0.35 0.007608831697087999 0.203125 0.015217663394175998
1 0.09609375 0.7045594264071813 0.1921875 0.15650614718563743
1 0.54375 0.06889988836594113 0.2125 0.13779977673188226
1 0.8515625 0.6800896323888422 0.2078125 0.1621036998023559
1 0.14140625 0.25582652381869764 0.209375 0.1684447050640278
1 0.7234375 0.1938020638459339 0.2140625 0.1687177208490433
1 0.12421875 0.374015081697088 0.2109375 0.16384821032569957
1 0.16640625 0.055120139504891176 0.2015625 0.11024027900978235
1 0.48515625 0.5209616162508908 0.209375 0.16375720506402763
1 0.33359375 0.15478912663306021 0.215625 0.16724622611071518
1 0.0984375 0.5981729185146735 0.196875 0.169279162970653
1 0.91640625 0.03199709776445222 0.1671875 0.06399419552890444
1 0.91015625 0.08917693507614792 0.1796875 0.16671560509226263
1 0.88359375 0.45166152452456937 0.2171875 0.16421223137238705
1 0.1109375 0.4810386264212987 0.2109375 0.15603571032569974
1 0.734375 0.08023644766563018 0.21875 0.16047289533126036
1 0.28203125 0.6218548002682313 0.2125 0.16550171558737148
1 0.53359375 0.1743904531390635 0.2125 0.16550171558737148
1 0.86796875 0.5619465771412878 0.2109375 0.16384821032569957
1 0.71171875 0.31245335330847274 0.2171875 0.17046223137238706
1 0.65859375 0.6569537822053156 0.2203125 0.16439424189573087
1 0.50703125 0.29234379258748494 0.2109375 0.17166071032569957
1 0.671875 0.5428989874811049 0.2125 0.16393921558737148
1 0.46015625 0.7388239504376404 0.2171875 0.16577473137238705
1 0.8390625 0.783161424482217 0.2109375 0.16228571032569955
1 0.634375 0.8810206137612294 0.221875 0.15979774715740264
1 0.4890625 0.4066716030967112 0.2046875 0.16192168927901224
1 0.69296875 0.4315141664485349 0.2125 0.16550171558737148
1 0.34765625 0.05866309748210354 0.2171875 0.11732619496420708
1 0.09375 0.819539684299689 0.1875 0.14842063140062187
1 0.82734375 0.891656463944756 0.2078125 0.13241619980235592
1 0.24453125 0.8396639265483558 0.1953125 0.150438157708981
1 0.26328125 0.7213843634082935 0.20625 0.16201269454068418
1 0.4640625 0.6401589372834608 0.2046875 0.16192168927901224
1 0.44453125 0.8592652530543589 0.2328125 0.1619972839891055
0 0.97109375 0.5442214798709457 0.0453125 0.05576415258848364
0 0.56875 0.388749084751447 0.06875 0.07587923151356132
0 0.3234375 0.8108494108339273 0.0375 0.034996626280124496
0 0.54609375 0.6103811610456887 0.0421875 0.05089464206513981