1 0.853125 0.9078125 0.09375 0.18359375
1 0.9375 0.91015625 0.09375 0.1796875
1 0.94375 0.70859375 0.09609375 0.22421875
1 0.85859375 0.7046875 0.09140625 0.2265625
1 0.9984375 0.709375 0.003125 0.22265625
1 0.753125 0.90625 0.09375 0.1875
1 0.95078125 0.26875 0.090625 0.21875
1 0.59453125 0.4765625 0.0953125 0.2234375
1 0.94765625 0.4875 0.09375 0.2203125
1 0.996875 0.91015625 0.00625 0.1796875
1 0.9984375 0.084375 0.003125 0.16796875
1 0.8640625 0.484375 0.0890625 0.2203125
1 0.59921875 0.253125 0.09375 0.21796875
1 0.58984375 0.69609375 0.09453125 0.22734375
1 0.68046875 0.47890625 0.0953125 0.225
1 0.68515625 0.25625 0.0921875 0.2171875
1 0.48671875 0.69375 0.0921875 0.22734375
1 0.49140625 0.47421875 0.0921875 0.221875
1 0.86796875 0.2640625 0.09140625 0.21875
1 0.66875 0.90390625 0.09375 0.1921875
1 0.58125 0.90390625 0.1 0.1921875
1 0.4984375 0.25234375 0.09453125 0.2203125
1 0.76015625 0.7015625 0.09296875 0.22421875
1 0.77890625 0.0734375 0.0921875 0.146875
1 0.48125 0.90390625 0.09375 0.1921875
1 0.7640625 0.48125 0.09453125 0.2234375
1 0.95234375 0.08046875 0.09296875 0.16015625
1 0.60390625 0.07265625 0.0984375 0.1453125
1 0.6734375 0.6984375 0.096875 0.225
1 0.76796875 0.259375 0.09609375 0.21640625
1 0.8703125 0.08046875 0.09140625 0.15625
1 0.6890625 0.07265625 0.0921875 0.1453125
1 0.503125 0.071875 0.09296875 0.14296875
0 0.52265625 0.84296875 0.0296875 0.0375
0 0.6984375 0.98984375 0.028125 0.0203125
0 0.659375 0.44609375 0.040625 0.03671875
0 0.61015625 0.77734375 0.028125 0.03828125
0 0.528125 0.5484375 0.02734375 0.03671875