1 0.6017196018631438 0.5564304212621789 0.17107179951023746 0.40442622158978575
1 0.021482676944221714 0.5595795515421276 0.030364978893386352 0.39728410308425505
1 0.043398181812190385 0.8754909237011061 0.060341030842551005 0.23535684740221222
1 0.7516923283241935 0.5574861810014115 0.17891157304918756 0.4061250892845374
1 0.1299536960189452 0.5544438124991762 0.1789661201270884 0.4092500892845374
1 0.1356265921206159 0.8794438124991762 0.17443080438150133 0.2389103157455871
1 0.5905819099013885 0.18681735064532784 0.17803881980277686 0.35612508928453745
1 0.742185320209814 0.1918066339235108 0.17178881980277688 0.35601599512873605
1 0.013360890826664949 0.1837710280031772 0.023596781653329894 0.3674875089284538
1 0.7590231818121904 0.8807274431795713 0.17936376623205455 0.23854511364085731
1 0.28561295535114073 0.8793776057217579 0.16828989853730275 0.24124478855648412
1 0.4414586172877146 0.18968147767557036 0.17666723457542927 0.36703531574558707
1 0.6098317053511406 0.8810353603878557 0.1683717191541536 0.23792927922428858
1 0.11489611728771461 0.18398130803494933 0.18291723457542922 0.3671444099013884
1 0.2791315357105197 0.5547046854689336 0.1835990730491877 0.4062069099013884
1 0.45491278571051963 0.5577729586008469 0.1726342995102374 0.4044534951287361
1 0.4566794318121904 0.8781364569792892 0.16842626623205437 0.2437270860414217
1 0.26565009374876425 0.18505070454365713 0.17817518749752853 0.3639375892845374
0 0.2580909638791479 0.10994161038785574 0.13765573295387146 0.10081029788867957