1 0.9046875 0.984375 0.071875 0.03125
1 0.96875 0.71484375 0.0625 0.1640625
1 0.90546875 0.8859375 0.071875 0.16953125
1 0.8390625 0.71171875 0.0703125 0.17109375
1 0.903125 0.7171875 0.07265625 0.16875
1 0.7640625 0.71328125 0.0734375 0.16796875
1 0.903125 0.21640625 0.071875 0.159375
1 0.6296875 0.38359375 0.06953125 0.17109375
1 0.8359375 0.215625 0.07109375 0.1578125
1 0.759375 0.9859375 0.075 0.02734375
1 0.96875 0.5453125 0.0625 0.16796875
1 0.9015625 0.546875 0.07109375 0.16328125
1 0.96875 0.21484375 0.0625 0.1640625
1 0.628125 0.9859375 0.06875 0.02734375
1 0.6234375 0.55625 0.06875 0.1703125
1 0.76171875 0.54453125 0.06796875 0.16875
1 0.6953125 0.98828125 0.078125 0.0234375
1 0.903125 0.37734375 0.071875 0.17109375
1 0.69296875 0.21953125 0.07109375 0.1609375
1 0.6953125 0.88984375 0.07734375 0.17578125
1 0.6921875 0.37890625 0.07421875 0.171875
1 0.8390625 0.9859375 0.071875 0.02734375
1 0.76171875 0.38671875 0.06953125 0.17421875
1 0.6234375 0.88984375 0.06875 0.16875
1 0.9703125 0.88125 0.059375 0.16796875
1 0.8375 0.54375 0.0703125 0.16796875
1 0.96875 0.3765625 0.0625 0.16796875
1 0.6953125 0.715625 0.07890625 0.1671875
1 0.76796875 0.215625 0.06875 0.15703125
1 0.7671875 0.071875 0.06796875 0.1375
1 0.76484375 0.88515625 0.0734375 0.1734375
1 0.96875 0.9859375 0.0625 0.02734375
1 0.83828125 0.3859375 0.07109375 0.1734375
1 0.8390625 0.88671875 0.071875 0.17265625
1 0.69609375 0.54921875 0.0796875 0.171875
1 0.6234375 0.71875 0.06796875 0.1671875
1 0.903125 0.06953125 0.07265625 0.13828125
1 0.83671875 0.071875 0.0703125 0.1390625
1 0.965625 0.06640625 0.06875 0.1328125
1 0.696875 0.071875 0.07109375 0.140625
1 0.62578125 0.21953125 0.06953125 0.165625
1 0.66171875 0.0703125 0.12890625 0.13984375
1 0.62734375 0.06796875 0.07265625 0.1359375
0 0.65546875 0.43671875 0.02421875 0.03828125
0 0.92578125 0.11171875 0.02578125 0.03828125
0 0.65390625 0.2671875 0.02421875 0.0359375
0 0.86171875 0.440625 0.0203125 0.0359375
0 0.6578125 0.93828125 0.0171875 0.03515625
0 0.7140625 0.940625 0.03046875 0.0375
0 0.6578125 0.77265625 0.01875 0.0359375
0 0.65703125 0.6 0.02265625 0.0328125
0 0.7890625 0.1578125 0.02578125 0.0328125
0 0.85859375 0.94140625 0.02421875 0.03125
0 0.7875 0.9375 0.0125 0.0234375
0 0.653125 0.65 0.025 0.0296875