1 0.975 0.02734375 0.05 0.0546875
1 0.78125 0.02578125 0.075 0.0515625
1 0.91953125 0.79453125 0.0703125 0.16875
1 0.9203125 0.9375 0.071875 0.125
1 0.85 0.9375 0.075 0.125
1 0.91875 0.4609375 0.06953125 0.16328125
1 0.771875 0.9375 0.06875 0.125
1 0.85234375 0.79921875 0.071875 0.17109375
1 0.85078125 0.134375 0.06796875 0.165625
1 0.84921875 0.02734375 0.06640625 0.05390625
1 0.78046875 0.13359375 0.0703125 0.16875
1 0.975 0.134375 0.05 0.16015625
1 0.9734375 0.93515625 0.053125 0.1296875
1 0.91640625 0.13125 0.065625 0.1671875
1 0.8546875 0.3015625 0.06875 0.16171875
1 0.78046875 0.4609375 0.0703125 0.16328125
1 0.971875 0.4625 0.05625 0.16796875
1 0.85546875 0.63203125 0.071875 0.1703125
1 0.9171875 0.303125 0.06953125 0.16171875
1 0.85234375 0.46171875 0.07109375 0.16796875
1 0.771875 0.7921875 0.07109375 0.17109375
1 0.7046875 0.9390625 0.071875 0.12109375
1 0.971875 0.7890625 0.05625 0.171875
1 0.7078125 0.46171875 0.075 0.17109375
1 0.9703125 0.2984375 0.059375 0.16796875
1 0.71796875 0.134375 0.0734375 0.17265625
1 0.7109375 0.0265625 0.07265625 0.05234375
1 0.91796875 0.63203125 0.071875 0.16875
1 0.70859375 0.79453125 0.06953125 0.1671875
1 0.7734375 0.63515625 0.07109375 0.16953125
1 0.91640625 0.02734375 0.0671875 0.0546875
1 0.78125 0.30234375 0.06875 0.1609375
1 0.71015625 0.63359375 0.071875 0.1671875
1 0.971875 0.63125 0.05625 0.16796875
1 0.71171875 0.303125 0.07421875 0.159375
0 0.8046875 0.903125 0.0203125 0.034375
0 0.940625 0.0796875 0.01796875 0.02265625