1 0.048553602440962323 0.5845354522839921 0.04584584577069998 0.19094590456798421
1 0.5835294679993661 0.6834708350281078 0.1312853787873866 0.21568031094499088
1 0.1706864727490644 0.35798399762515076 0.1295591044771273 0.21247342378986112
1 0.13070876243601354 0.7695932049975257 0.12627033016686773 0.2091846494796016
1 0.4355457536180446 0.11943491123824665 0.12421650723608924 0.1997277623244719
1 0.4318341711878693 0.7175924502478271 0.12478971732199753 0.21066526232447186
1 0.20391397331489128 0.15949558796878388 0.127750943011738 0.20770403663473136
1 0.5134183638609231 0.6984949694697041 0.1297228787873868 0.2155984237898611
1 0.12479968340079957 0.1662568430571665 0.11969278154634874 0.20260710085908262
1 0.4811768311829205 0.8958049021931351 0.12832415309764614 0.20839019561372973
1 0.25370701266315615 0.35142746042459255 0.13079405585660825 0.20630531094499088
1 0.20340927803984576 0.7593794012886239 0.1281603787873868 0.21551653663473136
1 0.33516837460351523 0.3299862296464694 0.1291496687014785 0.20466092378986112
1 0.24950742932846973 0.9186105591359686 0.12455069990914298 0.1627788817280628
1 0.22672951209732925 0.5502434187014785 0.12783283016686778 0.20926653663473135
1 0.17812375225924823 0.9260612109904194 0.12669305404758596 0.14787757801916115
1 0.41662641451760696 0.3233478052907814 0.12610655585660827 0.2060596494796016
1 0.4064601141996073 0.9062986668924562 0.12939533016686777 0.18740266621508753
1 0.284716915987945 0.14035716361309583 0.12421650723608924 0.1997277623244719
1 0.5957926091112247 0.9911860012431954 0.09448034034363317 0.017627997513609016
1 0.3623814863167317 0.7303137782669884 0.1295591044771273 0.21247342378986112
1 0.516637375619568 0.9993360159425165 0.08716580732694616 0.0013279681149668931
1 0.5521920160540581 0.8882911318396045 0.13621854025277608 0.22061347241038015
1 0.36436679443664755 0.12894935210227804 0.12421650723608924 0.1997277623244719
1 0.06365082146044046 0.18876260685197643 0.11829405585660824 0.20565021370395287
1 0.31086217265820737 0.53517501865605 0.13112160447712728 0.21255531094499086
1 0.670795931137492 0.9818845833326568 0.09217421189493055 0.03623083333468635
1 0.08165602951018382 0.5769210261192818 0.113688443011738 0.20696705223856354
1 0.10468633649844583 0.3771190999545715 0.12783283016686778 0.20926653663473144
1 0.05205265942922434 0.3837099366801599 0.074625943011738 0.20491987336031983
1 0.4841071636130958 0.30273209011649044 0.12627033016686778 0.2091846494796017
1 0.3810142203742152 0.5209321342144537 0.13112160447712728 0.21255531094499086
1 0.2744244629109834 0.7467399604245926 0.1344103787873868 0.2158440852552504
1 0.44566645635226265 0.9997963613745323 0.08848264586155707 0.00040727725093532287
1 0.6368159995457148 0.882597731794176 0.12807849163225704 0.21395403663473128
1 0.1548511900710619 0.5612794159879451 0.12462594301173797 0.20754026232447184
1 0.46132251809022307 0.5072215162812007 0.1279966044771273 0.21239153663473154
1 0.33108829997525613 0.9121458751693421 0.12701395861557022 0.17570824966131582
1 0.022981555856608236 0.200655097241038 0.03531778154634874 0.198185194482076
1 0.5410133401164904 0.496594954770383 0.12816037878738662 0.21551653663473136
0 0.41018606399720864 0.43831770804974324 0.03847600180902226 0.050320904567984215
0 0.3647905975797223 0.25596555348175903 0.04620661465389251 0.049167840343633085
0 0.3799164670948548 0.648647698438805 0.035351001809022266 0.050157130257724704