1 0.08840599246042807 0.8000595089856747 0.17681198492085615 0.12175598202865068
1 0.07565609250278037 0.8902579230508252 0.15131218500556073 0.12260915389834963
1 0.46070332458103913 0.9249627282308175 0.23780237884037306 0.12057542794496641
1 0.24736116139862457 0.9066839873013102 0.2426718893637169 0.12386411905195942
1 0.445055937777571 0.9660515197006297 0.22847361049510884 0.040724236837974104
1 0.23103123513261767 0.9594915287711224 0.2340711631118273 0.05651292794496641
1 0.48031714554302185 0.8291591549098399 0.2364218893637169 0.12364586424263564
1 0.06534094780680452 0.9444369915624794 0.13068189561360904 0.05800101687504124
1 0.6873645351185003 0.928742459541678 0.24121580517696728 0.09886411905195942
1 0.8460569956559614 0.9348957119039308 0.1242257262518894 0.07138890507947622
1 0.26840097446809963 0.8131696002780016 0.23945588410204496 0.12219249164729754
1 0.8645787534778819 0.8578421385829531 0.11721686305535783 0.1116865228654909
1 0.7063413192487801 0.8438763862207004 0.24450740514873245 0.1286061827542901
1 0.8809765691781928 0.7637101926666371 0.11087585779368574 0.1099057680561673
1 0.5109139691358406 0.7321923856725462 0.23954688936371688 0.12375499164729753
1 0.09828115688767336 0.7029116904740204 0.19656231377534672 0.12375499164729753
1 0.7286706165332395 0.7549949354950609 0.23954688936371688 0.12375499164729753
1 0.28944078753757463 0.7196552132546932 0.23633088410204497 0.12208336424263581
0 0.6359447902389977 0.780843162081416 0.056689615756780755 0.036284729581580064