1 0.9208903887512949 0.03936313279006909 0.157200377997928 0.07872626558013818
1 0.10179578639393014 0.16231620241295128 0.20359157278786028 0.1530561840799307
1 0.09944772828837826 0.29672757000413186 0.19889545657675653 0.15320165444465292
1 0.11024398717971842 0.048273845839687496 0.20138702564056316 0.09654769167937499
1 0.7391502371797184 0.03912902968373237 0.22289815260503404 0.07825805936746474
1 0.29355729321835566 0.16485605490215255 0.22722608767505648 0.1535653303564585
1 0.5002630957423363 0.41835834213687456 0.24619441149637405 0.1586892414506252
1 0.9061043349889694 0.26687892259024226 0.16785108767505647 0.15218336189159737
1 0.9148886377178378 0.12854312120347144 0.16279971463952733 0.14426175911805567
1 0.2682682330458892 0.4229776794271872 0.2338399607105858 0.1615233007211808
1 0.7195932543432262 0.1494771363054508 0.2336216368892682 0.1568358007211807
1 0.30381205066195377 0.05005259175562492 0.22362589867609248 0.10010518351124983
1 0.5038227051290145 0.15762086388836763 0.2273716368892682 0.15669033035645855
1 0.5180200998761655 0.04443641175975677 0.22333480024766902 0.08887282351951355
1 0.08316452574526165 0.4259974959159374 0.1663290514905233 0.15269250816812519
1 0.8973200322601009 0.40521472397701314 0.17217471463952733 0.144479964665139
1 0.49558421195344 0.2842379152751385 0.2273716368892682 0.1566903303564585
1 0.2779600643108049 0.29866801044923585 0.23503858767505648 0.1537471683123613
1 0.7161514230783105 0.2736413349186799 0.2302783130679508 0.15207556553881965
1 0.6988825322601009 0.40983340805694385 0.21599748924663303 0.14706075721819456