1 0.80625 0.13515625 0.09375 0.2140625
1 0.775 0.9609375 0.09375 0.078125
1 0.690625 0.9609375 0.09375 0.078125
1 0.69765625 0.58671875 0.09609375 0.22109375
1 0.784375 0.590625 0.09296875 0.22265625
1 0.6046875 0.95859375 0.096875 0.0828125
1 0.503125 0.95703125 0.09375 0.0859375
1 0.6953125 0.80703125 0.09609375 0.22578125
1 0.61328125 0.584375 0.09140625 0.22109375
1 0.78125 0.81015625 0.09296875 0.2234375
1 0.8875 0.37109375 0.09296875 0.2203125
1 0.884375 0.59375 0.09375 0.221875
1 0.8015625 0.36796875 0.09296875 0.22109375
1 0.89140625 0.15 0.09140625 0.215625
1 0.70234375 0.3640625 0.09453125 0.2203125
1 0.609375 0.8046875 0.09609375 0.2265625
1 0.70703125 0.13203125 0.0890625 0.2171875
1 0.88203125 0.8125 0.0953125 0.22265625
1 0.8765625 0.9625 0.096875 0.07421875
1 0.9578125 0.9625 0.084375 0.07421875
1 0.9640625 0.1546875 0.071875 0.21484375
1 0.9609375 0.37109375 0.078125 0.21875
1 0.509375 0.803125 0.09296875 0.225
1 0.51328125 0.58359375 0.09375 0.221875
1 0.4390625 0.125 0.090625 0.21953125
1 0.9640625 0.58203125 0.071875 0.21875
1 0.959375 0.8125 0.08125 0.2265625
1 0.61875 0.36171875 0.0921875 0.22109375
1 0.51796875 0.359375 0.0953125 0.2234375
1 0.525 0.128125 0.0953125 0.21875
1 0.41875 0.95703125 0.09375 0.0859375
1 0.428125 0.57109375 0.09296875 0.22109375
1 0.421875 0.79609375 0.0921875 0.2265625
1 0.43515625 0.3453125 0.09375 0.225
1 0.62109375 0.1359375 0.09296875 0.215625
1 0.9640625 0.021875 0.071875 0.04296875
1 0.88671875 0.0203125 0.09140625 0.03984375
1 0.8046875 0.015625 0.096875 0.03125
1 0.53125 0.01328125 0.09296875 0.0265625
1 0.7140625 0.015625 0.09296875 0.03125
1 0.440625 0.01171875 0.09296875 0.0234375
1 0.621875 0.0140625 0.09375 0.02734375
0 0.46015625 0.48984375 0.02890625 0.03515625
0 0.83125 0.28359375 0.0296875 0.03671875
0 0.8171875 0.8859375 0.03125 0.0421875
0 0.8203125 0.28203125 0.0359375 0.04609375
0 0.996875 0.50625 0.00625 0.03515625
0 0.453125 0.4875 0.04140625 0.04375