1 0.24882484509333141 0.26857546991261044 0.25030097241038013 0.13209240063313823
1 0.5253995539360443 0.5152675796378064 0.2553160210308992 0.1384787929530063
1 0.09257318408019775 0.5718415592503423 0.1851463681603955 0.12957515439406198
1 0.07398637663968018 0.1905317232778227 0.14797275327936035 0.12481344655564541
1 0.08065910052039836 0.29392950791755884 0.16131820104079672 0.12535901583511766
1 0.23196597297620705 0.08264633010002485 0.24832903663473135 0.12423443652651558
1 0.9247687901412345 0.4642927306666561 0.11050148801421215 0.11398359514371954
1 0.23860439733189506 0.1649958288463836 0.25062852103089917 0.13834240063313824
1 0.7123838133198401 0.05280834672656528 0.24710737336031982 0.07115490063313826
1 0.4875265762101389 0.13311665769276723 0.24890224672063965 0.1351719365265156
1 0.2781217622129303 0.5456297148980456 0.2521091338757694 0.13682536473976087
1 0.7205780936229933 0.10547034547292404 0.25186347241038015 0.13213786473976094
1 0.7601364020815934 0.4853229815245859 0.25202724672063964 0.13526286473976085
1 0.06357449909548885 0.10735551042484129 0.1271489981909777 0.11783602084968256
1 0.48101430461341277 0.06328989099971981 0.2473463907731744 0.10548443652651558
1 0.7499978414752869 0.38018084045835915 0.25202724672063964 0.13526286473976096
1 0.8741401848711376 0.04186614970870143 0.1267196302577247 0.03644962852981448
1 0.5363979296712132 0.6040034707040333 0.25523413387576943 0.13691629295300628
1 0.4977470239715752 0.23669629875899406 0.25186347241038015 0.13213786473976094
1 0.0984220533702174 0.6613132362099464 0.1968441067404348 0.12814904671392996
1 0.8875132881050695 0.08528954077492824 0.11954893939369349 0.10800637978345573
1 0.9106830359573628 0.35981817933387256 0.124400213703953 0.11126777210332381
1 0.08383501017676531 0.3815886322907382 0.16767002035353062 0.1256772645814764
1 0.7703125842391976 0.5748173905375014 0.2521091338757694 0.13682536473976087
1 0.26712006445149383 0.4420273417785074 0.2521091338757694 0.1368253647397609
1 0.9263102787212736 0.5543183370931468 0.09775582654882306 0.10893238229073816
1 0.7317026221171243 0.20672896859246218 0.24873847241038013 0.13204693652651558
1 0.502638162597043 0.41210547571859824 0.25202724672063964 0.1352628647397609
1 0.2883388879480992 0.634342873910961 0.25202724672063964 0.13526286473976085
1 0.25834260798363023 0.3557033968722146 0.2519453595655099 0.13370036473976085
1 0.7411794414298584 0.29463814555206636 0.24906602103089917 0.1382969365265156
1 0.9003430794894992 0.2734487703209571 0.12925148801421216 0.11452916442319179
1 0.087874056988262 0.46770798871722885 0.175748113976524 0.1291659774344577
1 0.8942369216421546 0.18094302157459835 0.124400213703953 0.11126777210332377
1 0.5001516497067443 0.3251821372387961 0.2504647467206397 0.1352174006331383
0 0.38133861544686204 0.5916672920950765 0.04407090456798439 0.03716503087881229
0 0.6783674236783195 0.5525810261934518 0.04875840456798421 0.03730142319868044
0 0.7752092034156459 0.40673498027094473 0.048014776119281774 0.05288095909205777
0 0.18730641169253187 0.4271859402874393 0.05180151741285455 0.03582985141192587
0 0.1320866451841885 0.4357509465556454 0.0471959045679843 0.03725595909205772
0 0.4281903612629906 0.4889658409205776 0.05360967887824373 0.04056281551854859