1 0.6520775539810548 0.5600435447564959 0.1055796185055307 0.14182496801399935
1 0.636335146104966 0.1636861654200869 0.10706029788867966 0.13715564934754482
1 0.7164766136375619 0.18337250409767733 0.10714211850553071 0.1418431493475448
1 0.6932009805215348 0.30812705609481383 0.11029439204448081 0.14344201201463572
1 0.7950555811701578 0.2030406614417223 0.10714211850553071 0.1418431493475448
1 0.6130322394499885 0.29000321741722346 0.10878643912238158 0.14654883068109026
1 0.5350572439142154 0.28050040073995114 0.11352848620028233 0.14972837468172653
1 0.8659175060890799 0.21714916211804 0.10714211850553071 0.1418431493475448
1 0.9459907897743001 0.24074175079563043 0.10240007142762977 0.13866360534690844
1 0.7860007662386449 0.7217906614417222 0.1040171185055307 0.14180678668045382
1 0.8747012073929167 0.9620220260582247 0.06868754464226896 0.07595594788355058
1 0.7726293819015064 0.3238980541056315 0.10714211850553053 0.1418431493475448
1 0.5718406290621327 0.5458259560789054 0.10719666558343129 0.1449681493475449
1 0.7642739963531426 0.8473446447724042 0.1055796185055307 0.14182496801399935
1 0.9816555543847965 0.2567849214671757 0.03052507142762977 0.13782726400381798
1 0.5267564054437521 0.8008219914067238 0.10719666558343129 0.1449681493475449
1 0.8138728015487182 0.9553084020528158 0.10640573295387128 0.08938319589436858
1 0.7338360685915515 0.5766230647676317 0.10867734496658024 0.14029883068109025
1 0.5523757885597793 0.6760947114099055 0.10067393019392785 0.12927042401336308
1 0.8398916051194405 0.8576014394493583 0.10714211850553071 0.14184314934754488
1 0.8887431258124266 0.11817586012090353 0.09697618587597105 0.09642156134627214
1 0.5014858498444348 0.9918351533656804 0.08475682954530477 0.01632969326863929
1 0.9220702743530245 0.3576747121259942 0.11032166558343129 0.1450045120146357
1 0.8601240588523187 0.7281230247851309 0.10404439204448082 0.14336928668045398
1 0.559155037338668 0.1534111894095874 0.11034893912238157 0.1465670120146357
1 0.8022587861241475 0.5961730434436313 0.10398984496658023 0.140244286680454
1 0.7384937098219582 0.08595261143376812 0.09692163879807011 0.09329656134627214
1 0.6590789452114615 0.06940036342295042 0.09692163879807011 0.09329656134627214
1 0.6124757171321494 0.8143219647517235 0.10878643912238176 0.14654883068109034
1 0.8442589200509534 0.338796895448722 0.10714211850553071 0.14184314934754472
1 0.3516006724898807 0.8972413633831795 0.11188416558343128 0.14502269334818116
1 0.5032380482957166 0.04414473006840595 0.09664890340856669 0.07767156134627214
1 0.44255036972664186 0.3872583833943154 0.11007620373287814 0.1309420120146357
1 0.37491721591433336 0.770143061386043 0.11352848620028233 0.14972837468172653
1 0.45434561729430517 0.7859140593968608 0.11032166558343129 0.14500451201463563
1 0.4860584565755473 0.13302541673295148 0.11040348620028233 0.14969201201463567
1 0.5065921355582498 0.9263941560709512 0.1087046185055307 0.14186133068109044
1 0.4776621607187579 0.6588157573997242 0.108731892044481 0.14342383068109027
1 0.5928543327950109 0.4163566320814508 0.10878643912238158 0.14654883068109026
1 0.7452318957045195 0.9486584127148159 0.10662392126547413 0.10268317457036816
1 0.42658130723076104 0.9859209606938169 0.08807274431795716 0.02815807861236621
1 0.7524923855549545 0.4479077187698589 0.11034893912238157 0.14656701201463568
1 0.4333728238698525 0.9130396333943154 0.11347393912238157 0.1466033746817267
1 0.5773613409093905 0.05047709341181457 0.09840231818121907 0.08862724267981759
1 0.577198915997059 0.996177755370771 0.08618296185055314 0.0076444892584579096
1 0.6287064634787014 0.6902668467536323 0.10719666558343129 0.1449681493475449
1 0.7073672516281484 0.7052475040976773 0.10714211850553071 0.14184314934754488
1 0.8825775316599206 0.6057031321212217 0.10240007142762977 0.13866360534690844
1 0.45954872930371876 0.2639936060629971 0.11204780681713337 0.15439769334818115
1 0.6656534898603208 0.9419447887094071 0.10684210957707681 0.1161104225811858
1 0.587692131094023 0.9321061647039983 0.11029439204448081 0.13578767059200345
1 0.6864080949731708 0.8315918280951319 0.10711484496658023 0.1402806493475449
1 0.959541226464345 0.494075836131403 0.06635347727182861 0.1319954346753633
1 0.6745446635581317 0.4368424020925866 0.10881371266133204 0.14811133068109025
1 0.4177122366106147 0.5119947540579064 0.11207508035608367 0.15596019334818118
1 0.971016288963521 0.37387242413267574 0.047767118505530705 0.14115225867281786
1 0.957206753653448 0.1353820887969031 0.08296823295387128 0.09938292934436314
1 0.3966848961082613 0.642245328055361 0.10878643912238158 0.14654883068109026
1 0.9011929383148981 0.4793315361234488 0.10552507142762976 0.13869996801399936
1 0.9270524602322906 0.743748572127585 0.07586484496658023 0.13991702267663583
1 0.8225730604738765 0.46200712877940386 0.10714211850553061 0.14184314934754486
1 0.8116584744324549 0.10243213411040401 0.1001011858759707 0.096457924013363
1 0.4970724541432106 0.5316720020687241 0.11191143912238158 0.14658519334818115
1 0.9005290961909868 0.8754980114576305 0.06945120373287814 0.13046929734245438
1 0.5219787711066136 0.40302938140513306 0.10549779788867966 0.13713746801399934
1 0.34400063231183886 0.9745123880489978 0.08818183847375849 0.040080654678545005
1 0.9502735462704169 0.6221190201304486 0.07890802434972954 0.1352658853437269
0 0.8920813965152984 0.822263923456358 0.03168637662320535 0.0253636266709087