1 0.63671875 0.92265625 0.12109375 0.07578125
1 0.9671875 0.7953125 0.065625 0.07421875
1 0.059375 0.903125 0.1140625 0.071875
1 0.05625 0.96875 0.10625 0.0625
1 0.6265625 0.978125 0.121875 0.04296875
1 0.87578125 0.7921875 0.125 0.07421875
1 0.39765625 0.84453125 0.12421875 0.075
1 0.4046875 0.70078125 0.125 0.071875
1 0.9703125 0.7265625 0.059375 0.0703125
1 0.75625 0.92421875 0.125 0.0734375
1 0.8765625 0.92734375 0.11875 0.07265625
1 0.18671875 0.69453125 0.115625 0.06796875
1 0.51875 0.91875 0.12578125 0.0765625
1 0.30078125 0.6984375 0.10703125 0.06875
1 0.8703125 0.98203125 0.128125 0.0359375
1 0.41015625 0.7765625 0.1265625 0.071875
1 0.5140625 0.9765625 0.121875 0.046875
1 0.290625 0.84609375 0.10546875 0.07265625
1 0.18125 0.7703125 0.12265625 0.075
1 0.0703125 0.69609375 0.13515625 0.07109375
1 0.96875 0.8671875 0.0625 0.078125
1 0.9625 0.93359375 0.075 0.078125
1 0.64140625 0.8546875 0.12109375 0.07109375
1 0.3984375 0.9140625 0.12109375 0.075
1 0.9625 0.984375 0.075 0.03125
1 0.5265625 0.77890625 0.12890625 0.07109375
1 0.64140625 0.7796875 0.11796875 0.07265625
1 0.271875 0.97265625 0.1125 0.0546875
1 0.88515625 0.71875 0.13515625 0.075
1 0.7453125 0.98046875 0.121875 0.0390625
1 0.17421875 0.90625 0.11640625 0.0734375
1 0.2859375 0.909375 0.1078125 0.07265625
1 0.165625 0.9703125 0.11875 0.05859375
1 0.396875 0.97265625 0.11875 0.0546875
1 0.5359375 0.70546875 0.1390625 0.07265625
1 0.76015625 0.7140625 0.13984375 0.07421875
1 0.06796875 0.765625 0.1140625 0.0703125
1 0.87890625 0.86328125 0.1265625 0.07734375
1 0.7625 0.85859375 0.12265625 0.071875
1 0.5203125 0.85234375 0.12265625 0.075
1 0.0640625 0.83671875 0.12109375 0.0765625
1 0.175 0.83984375 0.11953125 0.07578125
1 0.296875 0.7734375 0.10390625 0.07421875
1 0.7625 0.7859375 0.12734375 0.07578125
1 0.884375 0.03515625 0.1140625 0.06171875
1 0.6671875 0.02734375 0.115625 0.0546875
1 0.775 0.03046875 0.11640625 0.059375
1 0.9671875 0.03515625 0.065625 0.0625
1 0.0546875 0.02734375 0.103125 0.0546875
1 0.56640625 0.028125 0.11328125 0.05625
1 0.45625 0.02734375 0.1125 0.0546875
1 0.20390625 0.028125 0.3796875 0.05625
1 0.09453125 0.7578125 0.06484375 0.0703125
1 0.20625 0.90546875 0.05859375 0.0703125
1 0.65 0.70625 0.10546875 0.078125
0 0.4625 0.99765625 0.03125 0.0046875
0 0.02734375 0.78046875 0.0296875 0.03203125
0 0.3515625 0.99765625 0.034375 0.0046875
0 0.68515625 0.7359375 0.0265625 0.0296875