1 0.04375 0.0234375 0.0875 0.046875
1 0.3890625 0.16953125 0.0921875 0.22578125
1 0.3015625 0.38984375 0.09375 0.2234375
1 0.30390625 0.16640625 0.09375 0.22421875
1 0.1953125 0.83828125 0.09375 0.225
1 0.20546875 0.1625 0.090625 0.22265625
1 0.203125 0.3875 0.0890625 0.225
1 0.3875 0.02734375 0.09375 0.0546875
1 0.0421875 0.1546875 0.084375 0.23046875
1 0.29453125 0.8375 0.0921875 0.22578125
1 0.11171875 0.83828125 0.090625 0.22578125
1 0.3875 0.3890625 0.09140625 0.22265625
1 0.3046875 0.025 0.090625 0.05
1 0.384375 0.615625 0.09140625 0.22578125
1 0.4890625 0.0296875 0.090625 0.05859375
1 0.11484375 0.61015625 0.08984375 0.225
1 0.1984375 0.6140625 0.09140625 0.22109375
1 0.29921875 0.61875 0.0921875 0.215625
1 0.38046875 0.8375 0.090625 0.2234375
1 0.48828125 0.17109375 0.09140625 0.22734375
1 0.040625 0.37890625 0.08125 0.2265625
1 0.121875 0.025 0.09375 0.05
1 0.4859375 0.390625 0.09140625 0.22109375
1 0.12109375 0.159375 0.09296875 0.225
1 0.2078125 0.0234375 0.090625 0.046875
1 0.48125 0.61640625 0.09140625 0.225
1 0.11796875 0.3859375 0.09140625 0.22578125
1 0.0328125 0.609375 0.065625 0.2265625
1 0.0359375 0.8359375 0.071875 0.2265625
1 0.4703125 0.84296875 0.090625 0.2234375
1 0.46875 0.9765625 0.09296875 0.04609375
1 0.2875 0.9765625 0.09375 0.046875
1 0.03125 0.97421875 0.0625 0.0515625
1 0.10859375 0.97734375 0.09375 0.0453125
1 0.3765625 0.9765625 0.090625 0.046875
1 0.2 0.97734375 0.09296875 0.0453125
1 0.340625 0.97578125 0.171875 0.04609375
0 0.20234375 0.4125 0.0390625 0.05546875