1 0.619412904795127 0.3563109599743666 0.1492917503386842 0.23220606965141818
1 0.786648076664424 0.926420984850453 0.14686171189493075 0.06690861827193721
1 0.687191388513926 0.787499004976841 0.14616675033868418 0.23204229534115867
1 0.8143713642036665 0.7839502018337662 0.14961929895920328 0.2384560696514182
1 0.9033286386254676 0.12717790140422489 0.15266241180407364 0.23705734396167766
1 0.47012115445644265 0.5885170296257848 0.1450136861143331 0.23977290818602892
1 0.5929002351891373 0.5797451379480993 0.1464942989592032 0.23829229534115867
1 0.6593043266644241 0.9330947879935276 0.14686171189493055 0.06690861827193686
1 0.7460163483726918 0.3488968504088567 0.1480567989592032 0.23837418249628844
1 0.9325392673013129 0.5658409317073783 0.08251368611433314 0.23649742198083884
1 0.8812954291053863 0.33946986149013314 0.15274429895920322 0.2386198439616777
1 0.9110416463158423 0.7827794482157217 0.10282618611433314 0.2375619549975255
1 0.5631773564017506 0.7901027838096562 0.1492917503386842 0.23220606965141818
1 0.9555551226829513 0.33479897162147 0.05883052464894369 0.2305816146538926
1 0.6506982835825136 0.14587142695767982 0.1429598631835546 0.23031602103089915
1 0.5247123156946893 0.15636959294562486 0.14287797602842467 0.22875352103089916
1 0.7991025633198401 0.01239714354450831 0.13608798620519025 0.02479428708901662
1 0.7114455173013129 0.577427964158238 0.1492917503386842 0.23220606965141818
1 0.5360715445522485 0.9356576232487782 0.13633364767057934 0.0741479081860291
1 0.8396524044564426 0.5691507174375985 0.15471623473485216 0.24651423111680745
1 0.7737230257805975 0.13241203527999432 0.14781113749381394 0.23368668249628843
1 0.49934606626051614 0.3579287709193575 0.1435330732694627 0.24125352103089917
1 0.44270108209149106 0.7995330947546472 0.14147925033868422 0.2317966338757694
1 0.6677297325871454 0.01865266621508764 0.1426655348257091 0.03730533243017528
1 0.9264463133198401 0.009060241972970923 0.13608798620519025 0.018120483945941845
1 0.5534625146993211 0.025465910222193834 0.13682497060135787 0.05093182044438767
1 0.4110715445522485 0.9422085956591584 0.14258364767057935 0.07447545680654813
0 0.7755290287212736 0.4844725022633075 0.03683161465389269 0.04867651741285446
0 0.9685109825871454 0.003971611262990557 0.03995661465389233 0.007943222525981114
0 0.491858956356322 0.7089180608334493 0.041355340343632994 0.04579717887824373