1 0.84921875 0.0984375 0.12265625 0.0765625
1 0.35625 0.14375 0.12578125 0.078125
1 0.83984375 0.31796875 0.125 0.0796875
1 0.85 0.0296875 0.125 0.05859375
1 0.9515625 0.1703125 0.096875 0.07421875
1 0.34921875 0.221875 0.1296875 0.07890625
1 0.7296875 0.02734375 0.128125 0.0546875
1 0.7265625 0.09296875 0.1234375 0.07890625
1 0.953125 0.0953125 0.09375 0.07421875
1 0.36171875 0.075 0.12265625 0.078125
1 0.84140625 0.24453125 0.12421875 0.0796875
1 0.6 0.15234375 0.125 0.07578125
1 0.1234375 0.13046875 0.11875 0.078125
1 0.846875 0.16640625 0.121875 0.07890625
1 0.23671875 0.1375 0.125 0.08203125
1 0.4890625 0.01953125 0.121875 0.0390625
1 0.48828125 0.08046875 0.12578125 0.0765625
1 0.71640625 0.315625 0.12890625 0.08046875
1 0.2515625 0.015625 0.121875 0.03125
1 0.48125 0.1484375 0.12421875 0.07421875
1 0.9453125 0.3265625 0.109375 0.08203125
1 0.24296875 0.06953125 0.12421875 0.08046875
1 0.1265625 0.06484375 0.1171875 0.07734375
1 0.11328125 0.284375 0.1390625 0.078125
1 0.603125 0.0828125 0.12421875 0.0765625
1 0.59609375 0.23125 0.125 0.07734375
1 0.3640625 0.015625 0.115625 0.03125
1 0.46953125 0.3015625 0.12578125 0.08125
1 0.95 0.24609375 0.1 0.078125
1 0.23515625 0.2109375 0.11953125 0.078125
1 0.72265625 0.1578125 0.12578125 0.08125
1 0.609375 0.0234375 0.125 0.046875
1 0.9546875 0.0296875 0.090625 0.05859375
1 0.47421875 0.2234375 0.12578125 0.0796875
1 0.72109375 0.2375 0.1265625 0.08125
1 0.1125 0.20703125 0.134375 0.07890625
1 0.34609375 0.29921875 0.1234375 0.08125
1 0.5921875 0.3078125 0.12734375 0.0765625
1 0.22890625 0.2796875 0.10546875 0.078125
1 0.13125 0.0140625 0.11875 0.02734375
1 0.03671875 0.059375 0.0734375 0.0734375
1 0.03515625 0.12734375 0.0703125 0.0765625
1 0.0390625 0.009375 0.078125 0.01875
1 0.0265625 0.20390625 0.05234375 0.078125
1 0.0234375 0.26953125 0.046875 0.078125