1 0.5734751215512975 0.011397601462697304 0.17820024310259514 0.02279520292539461
1 0.2570898829712583 0.10107771022899528 0.20276423111680747 0.1455966923687925
1 0.668707892920881 0.3605428445661337 0.2058892311168073 0.1456512394466932
1 0.5910211476705793 0.06290555438479663 0.20079229534115867 0.12581110876959326
1 0.6445123971047524 0.2569638770335378 0.19972111827193723 0.14710464529089184
1 0.34865209972742883 0.50531915097623 0.21090427973732648 0.15198306006354406
1 0.24254602611928183 0.047376011771122814 0.17770227611928177 0.054617136362438076
1 0.32864945895425446 0.4071407495962582 0.21411116689245624 0.15360010714144484
1 0.4248572371097012 0.07938216802235855 0.19972111827193723 0.1471046452908918
1 0.5441493854576491 0.5949605292242885 0.21411116689245624 0.15360010714144484
1 0.893419045114016 0.5450739829604621 0.2059711182719372 0.1472137394466932
1 0.1993215643358929 0.640077754871264 0.21279432835784542 0.15826033360249453
1 0.6181369255988834 0.15655081980936741 0.1978310696514182 0.14082737175194143
1 0.039235076887507395 0.33086817045469524 0.050628521030899154 0.13201365909060953
1 0.28128537878738674 0.20465667776159116 0.1995573439616777 0.14397964529089186
1 0.06566918136463465 0.5368454350651918 0.08171474672063965 0.1294341298696164
1 0.3046177374483855 0.3066867820636623 0.2044086182719372 0.14718646590774281
1 0.474565067276569 0.28182532954860007 0.21246677973732647 0.15201033360249455
1 0.8665522506773685 0.43528592573629155 0.2109042797373263 0.15198306006354426
1 0.8795137596109385 0.034165125408684736 0.0996525192218769 0.06833025081736947
1 0.08291872060135784 0.07518518628300783 0.15994156603337356 0.04337962743398434
1 0.7871801746943723 0.12935925406378035 0.1964323439616777 0.14392509821299115
1 0.8398901741285455 0.32940411851212115 0.2091780054270668 0.14883078652459378
1 0.40998583163720576 0.02375332548811498 0.17622166327441152 0.04750665097622996
1 0.9033440852552503 0.10778248864250486 0.10153592378986112 0.12041368587597075
1 0.8105125333553712 0.23138935836585145 0.19963923111680737 0.14554214529089185
1 0.025359605381638402 0.2302369249189221 0.03335913387576941 0.13015115016215578
1 0.7599791875846711 0.05046800974252792 0.19495837516934209 0.10093601948505584
1 0.15204269335042225 0.42429879626712175 0.2142749412027157 0.15672510714144483
1 0.09816194029820453 0.12731074797140512 0.1901004568065479 0.14225350405718978
1 0.7015380823145743 0.4647530576345028 0.20292800542706696 0.14872169236879249
1 0.17249571347681028 0.5310709476470936 0.21427494120271567 0.15672510714144483
1 0.4486842407277458 0.17592988555495448 0.20457239258219673 0.15031146590774283
1 0.5182685589088261 0.4890650852306429 0.2079430540475858 0.1550535129856435
1 0.9305417503386841 0.2089631590972001 0.10021908525525021 0.12507391233702042
1 0.37305231343138173 0.6128043685088259 0.21295810266810494 0.16138533360249455
1 0.10952988749381401 0.22485790381560372 0.20128361827193716 0.14713191882984217
1 0.7271732473980081 0.5659610016281483 0.20802494120271575 0.15661601298564348
1 0.08192602442180115 0.6530744070620147 0.08179663387576941 0.1309966298696164
1 0.13015000395672888 0.31989766842610035 0.20457239258219664 0.15031146590774283
1 0.9675980150380052 0.4153125706234416 0.06480396992398951 0.11866027110331831
1 0.49905049016191894 0.3760156603117208 0.20786116689245623 0.1534910129856435
1 0.05117623416902515 0.4393528262988939 0.06321040818602892 0.13379434740221222
1 0.9795934040021574 0.5190551793897396 0.040813191995685116 0.1261454886359143
1 0.9547190171299411 0.3117199663213705 0.09056196574011785 0.11874209172016936
0 0.5955647212787264 0.5166485685915514 0.04259029172311415 0.038209112012708955
0 0.9537413121881861 0.3532216737076967 0.04571529172311415 0.03826365909060954
0 0.5952427374483855 0.3016139038188991 0.044070904567984216 0.03667388555165925