1 0.9219038337197801 0.4131621763183551 0.10111811416679331 0.1927692829810955
1 0.9551248789975159 0.7938263690385667 0.08975024200496833 0.20210792154477702
1 0.9425577430661131 0.6062445558068503 0.1027169756031114 0.19902837334017515
1 0.9957316982793568 0.7846877183746368 0.008536603441286417 0.19538522287263688
1 0.8981385599120669 0.22240536611170056 0.0980294756031114 0.19900110226293632
1 0.9751096051898024 0.40566783888614166 0.049780789620395186 0.18779998184962743
1 0.931609069183645 0.06713660401145216 0.06321813836729007 0.12380111436318471
1 0.9512681050916066 0.22349568832040756 0.06676129488495235 0.195694295081344
1 0.9850300267345796 0.5971286310406194 0.0299399465308408 0.19550339754067209
1 0.06712296847283274 0.9290062439498759 0.05551472267624522 0.14198751210024838
1 0.8792789547222644 0.06917582698228496 0.09918290944452864 0.1286976926220159
1 0.049094610257968095 0.784634075233769 0.05423402380771336 0.19093407220870695
1 0.10063892953980887 0.7818090570833964 0.10428856596219105 0.20059996369925487
1 0.11553774257513369 0.9251681716429729 0.10556017447164327 0.14966365671405413
1 0.9666350716195318 0.9259212515521241 0.06672985676093646 0.07229315651766229
0 0.964005496189371 0.532934320833965 0.022020445745273776 0.02512726502711473