1 0.90234375 0.64453125 0.07265625 0.1703125
1 0.9046875 0.94921875 0.071875 0.1015625
1 0.83125 0.034375 0.071875 0.06875
1 0.9671875 0.640625 0.065625 0.171875
1 0.69375 0.94921875 0.075 0.1015625
1 0.76328125 0.8234375 0.0765625 0.1703125
1 0.628125 0.95078125 0.06875 0.0984375
1 0.83828125 0.3140625 0.06875 0.1609375
1 0.76875 0.31484375 0.06875 0.1609375
1 0.90390625 0.315625 0.0703125 0.1609375
1 0.62421875 0.4859375 0.06875 0.1625
1 0.83828125 0.8203125 0.06875 0.16640625
1 0.90234375 0.81328125 0.0703125 0.1671875
1 0.7609375 0.65390625 0.07109375 0.1703125
1 0.896875 0.03515625 0.075 0.0703125
1 0.96875 0.15 0.0625 0.16796875
1 0.62421875 0.81640625 0.0703125 0.17265625
1 0.62890625 0.65625 0.06796875 0.16953125
1 0.6921875 0.321875 0.07421875 0.16171875
1 0.8375 0.653125 0.07109375 0.17109375
1 0.965625 0.30859375 0.06875 0.1640625
1 0.9671875 0.8203125 0.065625 0.171875
1 0.76171875 0.15703125 0.06640625 0.16796875
1 0.765625 0.94921875 0.06875 0.1015625
1 0.76171875 0.48046875 0.0703125 0.17265625
1 0.69453125 0.15078125 0.0765625 0.175
1 0.9671875 0.03515625 0.065625 0.0703125
1 0.89921875 0.15234375 0.071875 0.16796875
1 0.83828125 0.47890625 0.07109375 0.17109375
1 0.6296875 0.3234375 0.06796875 0.1640625
1 0.69609375 0.48203125 0.078125 0.16875
1 0.6953125 0.81796875 0.071875 0.16796875
1 0.69140625 0.65390625 0.07421875 0.171875
1 0.8359375 0.14609375 0.06953125 0.16953125
1 0.69140625 0.034375 0.07421875 0.06875
1 0.903125 0.47734375 0.07265625 0.16875
1 0.96875 0.94921875 0.0625 0.1015625
1 0.96875 0.475 0.0625 0.16796875
1 0.8375 0.94921875 0.075 0.1015625
1 0.9984375 0.03515625 0.003125 0.0703125
1 0.7671875 0.034375 0.0671875 0.06796875
1 0.63125 0.14921875 0.06640625 0.18359375
0 0.65625 0.20703125 0.02421875 0.03515625
0 0.65625 0.53671875 0.02265625 0.03828125
0 0.65625 0.703125 0.02265625 0.034375
0 0.6546875 0.8734375 0.02578125 0.03515625
0 0.71328125 0.7015625 0.03046875 0.0375
0 0.65546875 0.36640625 0.021875 0.0375
0 0.78671875 0.921875 0.028125 0.03984375
0 0.85859375 0.70390625 0.028125 0.03515625
0 0.6578125 0.046875 0.02890625 0.0265625
0 0.8578125 0.21171875 0.01953125 0.0265625
0 0.7234375 0.8734375 0.025 0.02734375
0 0.8640625 0.8734375 0.0234375 0.03359375
0 0.93046875 0.87421875 0.02265625 0.02578125