1 0.9285169027172232 0.6449430909027999 0.14296619456555354 0.1418989480508353
1 0.9396379411918104 0.745887982136502 0.12072411761637909 0.14313416558343128
1 0.5652406973518964 0.9155639135515411 0.25690974282842377 0.15751603977100465
1 0.5558532844678721 0.8256110693957398 0.259980179126093 0.15600808684890524
1 0.9191493372007937 0.5580879732080481 0.16170132559841263 0.14685918344033871
1 0.8065750254821975 0.9400765385498936 0.24875001324684404 0.10271944561520314
1 0.9498958841129017 0.8405692366007289 0.10020823177419658 0.14127165665497757
1 0.585091895082311 0.9638790880667214 0.2527827488188736 0.0722418238665572
1 0.5340377934535467 0.7151411736978108 0.2600893065307549 0.15913308684890543
1 0.9593725770339928 0.9024243542954806 0.08125484593201442 0.07381142126547431
1 0.8035566636866325 0.8760004017804182 0.26003474282842376 0.15757058684890532
1 0.5099157579741844 0.6280542309219813 0.256855179126093 0.15595353977100465
1 0.7622793553417792 0.6777441339235108 0.25523811542376224 0.15436376623205436
1 0.782177682290954 0.7780305060824894 0.2583631154237622 0.15441831330995512
1 0.7413368835647475 0.5922742382255819 0.25690974282842377 0.15751603977100465