1 0.38828125 0.3671875 0.16015625 0.1015625
1 0.86015625 0.8671875 0.16171875 0.10703125
1 0.365625 0.9765625 0.175 0.046875
1 0.23515625 0.275 0.1625 0.09609375
1 0.384375 0.55 0.16484375 0.10625
1 0.8578125 0.7734375 0.165625 0.109375
1 0.0703125 0.69921875 0.140625 0.109375
1 0.21484375 0.715625 0.16953125 0.1
1 0.20859375 0.8109375 0.17109375 0.1109375
1 0.69375 0.40234375 0.1578125 0.09921875
1 0.5390625 0.4703125 0.1578125 0.10546875
1 0.8515625 0.50625 0.159375 0.10546875
1 0.2015625 0.97265625 0.171875 0.0546875
1 0.2234375 0.4484375 0.16484375 0.10390625
1 0.696875 0.759375 0.1609375 0.109375
1 0.69453125 0.85546875 0.16640625 0.1109375
1 0.8578125 0.9546875 0.159375 0.08984375
1 0.6953125 0.571875 0.159375 0.1046875
1 0.69609375 0.665625 0.1609375 0.1078125
1 0.69375 0.99609375 0.16875 0.0078125
1 0.8546875 0.5890625 0.1671875 0.10625
1 0.540625 0.56171875 0.1625 0.103125
1 0.3828125 0.6375 0.16796875 0.10234375
1 0.53671875 0.8390625 0.16875 0.1046875
1 0.96328125 0.425 0.0734375 0.09765625
1 0.075 0.51953125 0.15 0.109375
1 0.08125 0.33984375 0.1625 0.1015625
1 0.2265625 0.53671875 0.1671875 0.1109375
1 0.53671875 0.74765625 0.165625 0.10546875
1 0.69375 0.94296875 0.16875 0.1140625
1 0.8515625 0.41796875 0.15546875 0.09921875
1 0.384375 0.45859375 0.16640625 0.103125
1 0.0640625 0.9625 0.128125 0.07421875
1 0.69140625 0.48671875 0.16328125 0.103125
1 0.5375 0.653125 0.16015625 0.1046875
1 0.0765625 0.43125 0.153125 0.10546875
1 0.378125 0.8296875 0.17109375 0.1078125
1 0.3765625 0.7328125 0.16796875 0.109375
1 0.540625 0.38359375 0.1640625 0.10234375
1 0.6890625 0.3171875 0.16796875 0.09375
1 0.0703125 0.60546875 0.140625 0.109375
1 0.0671875 0.7953125 0.134375 0.11328125
1 0.371875 0.9171875 0.17109375 0.11171875
1 0.8484375 0.32890625 0.159375 0.10078125
1 0.390625 0.28828125 0.1625 0.0953125
1 0.0625 0.884375 0.125 0.11328125
1 0.23046875 0.35625 0.16484375 0.10078125
1 0.96171875 0.340625 0.0765625 0.0953125
1 0.5328125 0.984375 0.171875 0.03125
1 0.20625 0.90625 0.17109375 0.11328125
1 0.53671875 0.93046875 0.1703125 0.1125
1 0.9671875 0.7828125 0.065625 0.10546875
1 0.96875 0.875 0.0625 0.1015625
1 0.9703125 0.9609375 0.059375 0.078125
1 0.85 0.6828125 0.1609375 0.10703125
1 0.9671875 0.60078125 0.065625 0.1046875
1 0.22109375 0.62265625 0.1625 0.1109375
1 0.0828125 0.25390625 0.165625 0.1015625
1 0.96875 0.6921875 0.0625 0.0984375
1 0.0015625 0.2484375 0.003125 0.09765625
1 0.9640625 0.51796875 0.07109375 0.09765625
1 0.53671875 0.29921875 0.14765625 0.0984375
0 0.590625 0.33359375 0.03515625 0.02890625
0 0.13046875 0.3765625 0.03671875 0.03359375
0 0.75703125 0.7015625 0.03671875 0.034375
0 0.6046875 0.3359375 0.0328125 0.03046875
0 0.19765625 0.78046875 0.03046875 0.04609375