1 0.8753017832781829 0.33679551780171335 0.2493964334436341 0.13685519237293695
1 0.3945581180984935 0.3012573881196169 0.2553614301939279 0.13696431977759865
1 0.38601100689656354 0.3937995521847675 0.2553068831160273 0.13383931977759866
1 0.8681746704514 0.4293376818668639 0.2521818831160271 0.13373019237293698
1 0.9911682909888206 0.43582824012689914 0.017663418022358712 0.1008730192372937
1 0.6310331805976697 0.4133853327699885 0.2521818831160271 0.13373019237293687
1 0.9966000848203105 0.3442037353175757 0.006799830359378945 0.10512400961864685
1 0.6380041550301245 0.32011648240716883 0.25223643019392805 0.13685519237293695
1 0.40155636606989864 0.2095510377567972 0.2552523360381265 0.13071431977759868
1 0.8800068741875734 0.245116449290059 0.23998625162485315 0.12882443756361345
1 0.6465649030015296 0.22835556834201826 0.2568148360381265 0.13076888347992952
1 0.1542643547058129 0.2838516664274032 0.2537716566549776 0.13534725607526782
1 0.159700102677218 0.1921998797669144 0.25684210957707687 0.13233138347992948
1 0.666661394480113 0.048413902273510084 0.25665119480442444 0.09682780454702017
1 0.15041838027335813 0.3770113893855613 0.2474671095770769 0.1320040012659444
1 0.40623240909060954 0.038839266790222975 0.24996481818121907 0.07767853358044595
1 0.8916517118505531 0.056644292566120615 0.2166965762988938 0.11328858513224123
1 0.17943808400953162 0.02951388520921002 0.24950116801906325 0.05902777041842004
1 0.6571966655834313 0.12088780872337139 0.25686938311602725 0.13389388347992953
1 0.16953697848964455 0.08397815199943301 0.2553068831160272 0.13383931977759864
1 0.4106256286518003 0.1021378418404812 0.2553068831160273 0.1338393197775986
1 0.8860835503243116 0.1378396626295702 0.22783289935137682 0.13302086424263582
1 0.022102465500705746 0.37054811297669143 0.022030732953871417 0.09914682813030122