1 0.25859375 0.94140625 0.121875 0.0796875
1 0.734375 0.91328125 0.128125 0.0828125
1 0.4921875 0.9625 0.128125 0.07421875
1 0.36875 0.953125 0.12265625 0.08125
1 0.9546875 0.93125 0.090625 0.08203125
1 0.953125 0.98203125 0.09375 0.0359375
1 0.603125 0.96640625 0.125 0.0671875
1 0.740625 0.84375 0.1265625 0.08125
1 0.2484375 0.9859375 0.128125 0.02734375
1 0.7890625 0.10859375 0.10703125 0.0640625
1 0.3625 0.9921875 0.125 0.015625
1 0.49921875 0.89609375 0.121875 0.08125
1 0.85078125 0.9234375 0.11796875 0.07890625
1 0.16796875 0.73046875 0.11796875 0.07578125
1 0.5 0.8265625 0.128125 0.0796875
1 0.6203125 0.83671875 0.12109375 0.08125
1 0.37890625 0.88359375 0.11953125 0.08046875
1 0.61171875 0.90546875 0.12578125 0.08046875
1 0.5125 0.7578125 0.1234375 0.0796875
1 0.26875 0.87578125 0.11953125 0.0828125
1 0.95625 0.86328125 0.0875 0.0859375
1 0.2765625 0.803125 0.11796875 0.07734375
1 0.14296875 0.92890625 0.1140625 0.08046875
1 0.9578125 0.79296875 0.084375 0.078125
1 0.28203125 0.740625 0.11875 0.0796875
1 0.13125 0.98203125 0.11875 0.0359375
1 0.86171875 0.85703125 0.12109375 0.0765625
1 0.7296875 0.97265625 0.121875 0.0546875
1 0.38515625 0.81015625 0.11953125 0.0828125
1 0.2640625 0.07890625 0.10234375 0.05546875
1 0.16171875 0.79765625 0.12265625 0.078125
1 0.896875 0.1125 0.11171875 0.07421875
1 0.68203125 0.0796875 0.11328125 0.11328125
1 0.3625 0.084375 0.10546875 0.05859375
1 0.578125 0.06875 0.11328125 0.1140625
1 0.8484375 0.97265625 0.121875 0.0546875
1 0.06015625 0.71953125 0.1140625 0.08046875
1 0.975 0.1234375 0.05 0.05859375
1 0.39765625 0.7453125 0.1234375 0.0765625
1 0.46796875 0.06875 0.1140625 0.10546875
1 0.9765625 0.0625 0.046875 0.0703125
1 0.74375 0.775 0.11875 0.07890625
1 0.89921875 0.0609375 0.11328125 0.0734375
1 0.62578125 0.76875 0.12578125 0.078125
1 0.3734375 0.0296875 0.115625 0.05859375
1 0.05546875 0.79140625 0.103125 0.0765625
1 0.0359375 0.98046875 0.071875 0.0390625
1 0.7921875 0.0515625 0.1078125 0.06171875
1 0.1640625 0.0703125 0.10859375 0.059375
1 0.14140625 0.86328125 0.1203125 0.0765625
1 0.06328125 0.06640625 0.10390625 0.0578125
1 0.47109375 0.0328125 0.1109375 0.065625
1 0.865625 0.784375 0.12890625 0.07890625
1 0.03984375 0.92578125 0.0796875 0.0859375
1 0.271875 0.0265625 0.10625 0.05234375
1 0.48125 0.99609375 0.125 0.0078125
1 0.9 0.015625 0.1125 0.03125
1 0.9765625 0.01953125 0.046875 0.0390625
1 0.0484375 0.86328125 0.096875 0.078125
1 0.1703125 0.025 0.115625 0.0484375
1 0.06875 0.0234375 0.11171875 0.04609375
1 0.8015625 0.01171875 0.109375 0.0234375
1 0.68671875 0.04296875 0.1125 0.0640625
1 0.6953125 0.0109375 0.1140625 0.021875
1 0.8015625 0.02421875 0.109375 0.03671875
0 0.19375 0.890625 0.03203125 0.028125
0 0.43359375 0.84453125 0.0296875 0.03125
0 0.31484375 0.83515625 0.0296875 0.02578125
0 0.89765625 0.9546875 0.021875 0.02109375
0 0.7875 0.79765625 0.021875 0.03125