1 0.1372565272120056 0.8954965905705405 0.14778516136218048 0.20900681885891892
1 0.2047949459739103 0.2018301354415261 0.14660446936663485 0.2520077638537389
1 0.11312506663750135 0.22022907092583344 0.1497658320337257 0.2552783130679506
1 0.06945852466581823 0.06417597001621066 0.13891704933163646 0.10335194003242132
1 0.06288016597709196 0.4663013961948931 0.12576033195418393 0.2576027923897862
1 0.16350796932686393 0.05529758374611503 0.14151588534372678 0.08311221463952716
1 0.10214737257323156 0.6934118598009629 0.15452605736790753 0.2617466368892682
1 0.04547558465945488 0.23339685090962278 0.09095116931890976 0.2542937018192456
1 0.2839337219128222 0.6557599642252424 0.15292719470081656 0.25854886228216234
1 0.24833421861077526 0.42350823635114887 0.1482396947008166 0.25833053846084475
1 0.15029616060632095 0.45177232340703277 0.15292719470081662 0.25854886228216234
1 0.05542910327818436 0.9065047111248706 0.11085820655636872 0.1869905777502588
1 0.037652078294092714 0.7066524143918581 0.07530415658818543 0.25683650496239885
1 0.019838690642910183 0.480706344499482 0.039677381285820365 0.26141268899896397
1 0.22718209321296007 0.8905758041766104 0.1463862933640895 0.21884839164677922
1 0.18758543324318597 0.6731593258882322 0.15454423870145292 0.2633091368892682
1 0.026471593332272773 0.07936216832079958 0.05294318666454555 0.12747433664159916
1 0.3226218625477782 0.8818215423897862 0.14976583203372568 0.23635691522042776
0 0.06988304929186553 0.3088891565339753 0.04300566000954502 0.07227741439185813