1 0.884375 0.946875 0.075 0.10546875
1 0.740625 0.946875 0.08125 0.10546875
1 0.959375 0.946875 0.075 0.10546875
1 0.875 0.63046875 0.07421875 0.18515625
1 0.9953125 0.9453125 0.009375 0.109375
1 0.9921875 0.6171875 0.015625 0.1875
1 0.990625 0.4390625 0.01875 0.18359375
1 0.80625 0.946875 0.075 0.10546875
1 0.79375 0.271875 0.06875 0.17890625
1 0.79609375 0.63046875 0.06796875 0.1890625
1 0.87734375 0.80234375 0.0765625 0.18359375
1 0.7984375 0.803125 0.06875 0.18125
1 0.94765625 0.0921875 0.0625 0.17578125
1 0.95234375 0.6296875 0.07265625 0.18984375
1 0.79375 0.096875 0.0734375 0.1921875
1 0.7359375 0.80234375 0.0734375 0.184375
1 0.871875 0.44921875 0.07421875 0.17890625
1 0.9890625 0.0875 0.021875 0.175
1 0.6484375 0.096875 0.07265625 0.190625
1 0.94921875 0.4453125 0.071875 0.1796875
1 0.5171875 0.94921875 0.078125 0.1015625
1 0.5875 0.946875 0.06875 0.10546875
1 0.86953125 0.1 0.07421875 0.1953125
1 0.9921875 0.7984375 0.015625 0.18359375
1 0.5015625 0.09921875 0.07421875 0.1984375
1 0.503125 0.28671875 0.075 0.16796875
1 0.50703125 0.46171875 0.0765625 0.17109375
1 0.50703125 0.6359375 0.078125 0.16640625
1 0.5109375 0.80859375 0.08359375 0.18046875
1 0.57578125 0.0984375 0.075 0.196875
1 0.5796875 0.28046875 0.0796875 0.16796875
1 0.58046875 0.45625 0.0734375 0.18359375
1 0.58203125 0.63515625 0.078125 0.175
1 0.58515625 0.8078125 0.075 0.17421875
1 0.71953125 0.096875 0.08046875 0.19375
1 0.65 0.28125 0.0765625 0.17734375
1 0.72265625 0.27734375 0.0765625 0.18125
1 0.65234375 0.4546875 0.0765625 0.175
1 0.7265625 0.453125 0.0734375 0.17734375
1 0.65546875 0.63203125 0.078125 0.1734375
1 0.6609375 0.80859375 0.07578125 0.175
1 0.659375 0.946875 0.08125 0.10546875
1 0.86953125 0.2734375 0.0765625 0.16953125
1 0.94296875 0.2671875 0.0765625 0.17265625
1 0.9890625 0.259375 0.021875 0.16796875
1 0.8 0.44609375 0.075 0.17578125
1 0.7296875 0.6265625 0.0734375 0.17109375
1 0.95234375 0.8046875 0.07578125 0.16015625
0 0.74609375 0.15703125 0.0296875 0.03515625
0 0.7484375 0.3328125 0.02578125 0.03359375
0 0.603125 0.3390625 0.02578125 0.03671875
0 0.6765625 0.51171875 0.028125 0.0390625
0 0.75546875 0.68515625 0.02265625 0.0453125
0 0.83125 0.6859375 0.01875 0.0390625
0 0.821875 0.7421875 0.025 0.0375
0 0.76015625 0.86953125 0.0234375 0.03671875
0 0.98125 0.06875 0.02421875 0.04765625
0 0.8203125 0.03203125 0.03515625 0.0375