1 0.14921875 0.88515625 0.07421875 0.17421875
1 0.08359375 0.715625 0.0703125 0.178125
1 0.078125 0.0484375 0.06875 0.096875
1 0.1484375 0.19140625 0.075 0.1765625
1 0.08125 0.1859375 0.071875 0.1796875
1 0.14921875 0.36796875 0.075 0.171875
1 0.08125 0.8875 0.07109375 0.175
1 0.08203125 0.3625 0.06953125 0.16875
1 0.15 0.71484375 0.078125 0.1765625
1 0.1453125 0.053125 0.078125 0.10546875
1 0.94609375 0.7875 0.06953125 0.1734375
1 0.0203125 0.0484375 0.040625 0.096875
1 0.14921875 0.5359375 0.075 0.17578125
1 0.0203125 0.88671875 0.040625 0.171875
1 0.08046875 0.5375 0.0703125 0.16796875
1 0.0203125 0.3671875 0.040625 0.171875
1 0.0203125 0.7125 0.040625 0.17578125
1 0.94609375 0.43984375 0.06796875 0.1796875
1 0.946875 0.61953125 0.0703125 0.1828125
1 0.94375 0.2703125 0.06875 0.175
1 0.0203125 0.1875 0.040625 0.1796875
1 0.0203125 0.53515625 0.040625 0.171875
1 0.9359375 0.00390625 0.065625 0.0078125
1 0.94140625 0.0953125 0.0703125 0.175
1 0.98515625 0.0984375 0.02734375 0.18125
1 0.9453125 0.93515625 0.06953125 0.1234375
1 0.984375 0.0015625 0.025 0.003125
1 0.1484375 0.9859375 0.078125 0.025
1 0.08203125 0.98671875 0.07265625 0.02421875
1 0.0234375 0.984375 0.046875 0.0234375