1 0.4921875 0.1015625 0.096875 0.203125
1 0.9515625 0.31796875 0.0921875 0.225
1 0.4921875 0.321875 0.09609375 0.23359375
1 0.5953125 0.321875 0.09453125 0.2328125
1 0.9515625 0.1015625 0.090625 0.203125
1 0.49140625 0.778125 0.09375 0.22578125
1 0.59375 0.77734375 0.096875 0.225
1 0.59375 0.1015625 0.09375 0.203125
1 0.9515625 0.771875 0.0921875 0.2265625
1 0.49140625 0.546875 0.09765625 0.2265625
1 0.59296875 0.546875 0.09609375 0.2296875
1 0.95234375 0.54453125 0.09140625 0.22578125
1 0.403125 0.1015625 0.09375 0.203125
1 0.86796875 0.3171875 0.09140625 0.22578125
1 0.40390625 0.32109375 0.09609375 0.23359375
1 0.4046875 0.7765625 0.09453125 0.225
1 0.8671875 0.7734375 0.0921875 0.22578125
1 0.68125 0.1 0.09375 0.19921875
1 0.68125 0.54609375 0.09375 0.228125
1 0.68203125 0.3203125 0.09453125 0.2296875
1 0.40390625 0.55 0.0953125 0.22421875
1 0.68125 0.7765625 0.0953125 0.225
1 0.8671875 0.1015625 0.090625 0.203125
1 0.86796875 0.54609375 0.0921875 0.22578125
1 0.765625 0.1 0.09375 0.19921875
1 0.95234375 0.94453125 0.09296875 0.1109375
1 0.76640625 0.31875 0.09609375 0.22734375
1 0.76640625 0.5453125 0.09609375 0.22890625
1 0.765625 0.775 0.0953125 0.22578125
1 0.4984375 0.9453125 0.096875 0.109375
1 0.7703125 0.9453125 0.090625 0.109375
1 0.40703125 0.946875 0.09296875 0.10625
1 0.8671875 0.9453125 0.09296875 0.109375
1 0.58359375 0.9453125 0.096875 0.109375
1 0.68046875 0.94453125 0.0953125 0.1109375
0 0.8078125 0.1640625 0.02421875 0.04296875
0 0.80625 0.4 0.02421875 0.03984375