1 0.51484375 0.428125 0.12421875 0.078125
1 0.98125 0.0171875 0.0375 0.034375
1 0.89609375 0.14375 0.1234375 0.07734375
1 0.9734375 0.3765625 0.053125 0.08203125
1 0.9765625 0.21875 0.046875 0.078125
1 0.7765625 0.015625 0.121875 0.03125
1 0.8953125 0.0171875 0.121875 0.034375
1 0.509375 0.5078125 0.13125 0.0796875
1 0.63359375 0.51640625 0.1328125 0.0828125
1 0.30390625 0.04453125 0.1203125 0.0765625
1 0.88203125 0.446875 0.12890625 0.08046875
1 0.7609375 0.4421875 0.12734375 0.0828125
1 0.30078125 0.1203125 0.121875 0.0765625
1 0.8875 0.37265625 0.12734375 0.08046875
1 0.75625 0.52109375 0.128125 0.08203125
1 0.3125 0.00625 0.1125 0.01171875
1 0.971875 0.44921875 0.05625 0.078125
1 0.39765625 0.34375 0.12578125 0.08125
1 0.3984375 0.42578125 0.125 0.078125
1 0.975 0.296875 0.05 0.078125
1 0.8828125 0.521875 0.1296875 0.08359375
1 0.896875 0.075 0.1234375 0.07578125
1 0.653125 0.20703125 0.125 0.0765625
1 0.40078125 0.27265625 0.1265625 0.0796875
1 0.40546875 0.196875 0.13046875 0.07578125
1 0.2609375 0.56640625 0.1296875 0.08203125
1 0.2859375 0.265625 0.1234375 0.0796875
1 0.2796875 0.34296875 0.1234375 0.08046875
1 0.63671875 0.43828125 0.12734375 0.08203125
1 0.63203125 0.58984375 0.13359375 0.08515625
1 0.7640625 0.3625 0.12734375 0.0828125
1 0.059375 0.33046875 0.1109375 0.078125
1 0.528125 0.2046875 0.12421875 0.0765625
1 0.5203125 0.35 0.1203125 0.07734375
1 0.06171875 0.184375 0.11796875 0.075
1 0.88984375 0.2203125 0.12578125 0.07890625
1 0.88671875 0.2984375 0.1265625 0.0796875
1 0.7734375 0.13984375 0.12265625 0.07734375
1 0.16640625 0.33359375 0.1140625 0.0796875
1 0.38671875 0.50234375 0.12734375 0.08203125
1 0.15703125 0.41328125 0.12265625 0.08046875
1 0.6453125 0.3578125 0.125 0.0796875
1 0.15 0.4828125 0.12109375 0.08125
1 0.425 0.00625 0.125 0.01171875
1 0.29296875 0.19609375 0.11875 0.078125
1 0.66015625 0.065625 0.12109375 0.07890625
1 0.3828125 0.575 0.12578125 0.08203125
1 0.5546875 0.009375 0.121875 0.01875
1 0.775 0.0703125 0.1234375 0.0796875
1 0.27421875 0.42109375 0.12421875 0.0796875
1 0.9671875 0.609375 0.065625 0.078125
1 0.878125 0.596875 0.1265625 0.08203125
1 0.665625 0.0140625 0.11875 0.02734375
1 0.65 0.2859375 0.121875 0.08046875
1 0.96875 0.53125 0.0625 0.078125
1 0.75546875 0.59140625 0.125 0.07421875
1 0.77578125 0.2125 0.1234375 0.078125
1 0.53671875 0.1265625 0.1328125 0.07734375
1 0.771875 0.28984375 0.12421875 0.0796875
1 0.5453125 0.05859375 0.128125 0.0734375
1 0.1875 0.0390625 0.11875 0.078125
1 0.50390625 0.5796875 0.13203125 0.0796875
1 0.17421875 0.11328125 0.1265625 0.08125
1 0.9796875 0.0765625 0.040625 0.07421875
1 0.0640625 0.10859375 0.1234375 0.07578125
1 0.17109375 0.25546875 0.1171875 0.07890625
1 0.0609375 0.25234375 0.11640625 0.07734375
1 0.14296875 0.5609375 0.1234375 0.0828125
1 0.41796875 0.0515625 0.11796875 0.07734375
1 0.978125 0.14453125 0.04375 0.078125
1 0.04921875 0.40546875 0.0984375 0.0796875
1 0.1703125 0.1890625 0.11953125 0.07578125
1 0.0671875 0.03515625 0.128125 0.0703125
1 0.41796875 0.125 0.115625 0.07734375
1 0.52578125 0.2828125 0.12265625 0.07890625
1 0.65546875 0.13359375 0.121875 0.0765625
1 0.2734375 0.490625 0.12265625 0.0828125
1 0.0421875 0.553125 0.084375 0.08203125
1 0.04609375 0.478125 0.0921875 0.0765625
1 0.19375 0.00390625 0.13125 0.0078125
0 0.25390625 0.13671875 0.03359375 0.02734375
0 0.21484375 0.2140625 0.0359375 0.02421875
0 0.83828125 0.621875 0.02734375 0.02421875