1 0.10560212702365197 0.81328125 0.10952282467404081 0.1875
1 0.313858911926688 0.74921875 0.1111125982129911 0.1890625
1 0.061813396505412524 0.63203125 0.1048353246740408 0.1875
1 0.2662457520252996 0.57265625 0.10960464529089187 0.1921875
1 0.14415078936396766 0.42578125 0.11270237175194149 0.190625
1 0.044616619316309496 0.2734375 0.08301487175194147 0.190625
1 0.19099633603483124 0.603125 0.11267509821299111 0.1890625
1 0.07179454829242138 0.44296875 0.1158273717519415 0.190625
1 0.37768958684561016 0.7359375 0.1158273717519414 0.190625
1 0.11946225527171048 0.62265625 0.11264782467404078 0.1875
1 0.09353536038785575 0.25625 0.11429214529089182 0.1921875
1 0.21478798660072881 0.93671875 0.11158415665497756 0.1265625
1 0.16769302393939686 0.78984375 0.11429214529089178 0.1921875
1 0.15084821752600536 0.94375 0.11133869480442452 0.1125
1 0.28412832182807646 0.92578125 0.11352848620028233 0.1484375
1 0.16105409699517514 0.23046875 0.11264782467404078 0.1875
1 0.28580645535443605 0.3953125 0.10960464529089187 0.1921875
1 0.32928154017474653 0.55859375 0.11426487175194149 0.190625
1 0.2384867650109431 0.77265625 0.11105805113509051 0.1859375
1 0.23894727191409726 0.2171875 0.11116714529089178 0.1921875
1 0.4252072893606723 0.90703125 0.1126205511350904 0.1859375
1 0.35895104382489923 0.915625 0.11388304220663663 0.16875
1 0.45019938108084173 0.99609375 0.07513636769475163 0.0078125
1 0.03378603368192478 0.45859375 0.05480805113509045 0.1859375
1 0.13076085064862314 0.10625 0.08905459172016937 0.0890625
1 0.061515972807601696 0.12265625 0.09223413879807005 0.0921875
1 0.21254623335761322 0.40546875 0.11105805113509044 0.1859375
1 0.20158186525911975 0.090625 0.08749209172016936 0.0890625
1 0.018065981736055427 0.13984375 0.03291368587597074 0.0953125