1 0.841830455205202 0.054269119726641876 0.1555359104104042 0.10853823945328375
1 0.12840207594130598 0.39190903612085204 0.21912797355046645 0.14430692775829587
1 0.4587218235928187 0.08818442370440141 0.24274748407381014 0.14784103084255099
1 0.31828435232025243 0.3221208672910099 0.24265647881213823 0.14627853084255094
1 0.8736257577513336 0.13568534619098682 0.14910389988706063 0.12123189204448095
1 0.0934369997882385 0.2212516627440575 0.16903696828879458 0.141871674511885
1 0.2829923234516444 0.23984020130054154 0.23962248407381015 0.14778648376465034
1 0.07785823144297419 0.14175507751670988 0.14643392619541978 0.12898984496658022
1 0.72143319717152 0.19464906331654563 0.24274748407380997 0.147841030842551
1 0.4840928208913956 0.16125373092857181 0.24430998407381016 0.14786830438150136
1 0.2556493024755441 0.15976691761532144 0.23934946828879458 0.14309898376465036
1 0.511746655007558 0.2600906513832671 0.23953147881213827 0.14622398376465034
1 0.6934153420086702 0.08956214286185041 0.24908848933548206 0.14951262499835236
1 0.660815673635171 0.046871451300541524 0.24663134727034208 0.09374290260108305
1 0.8180975526167185 0.009133897729819086 0.14869510523343693 0.01826779545963817
1 0.22370978676111575 0.0813379545469524 0.2330238735787013 0.1148921631477993
1 0.11066927339517466 0.3022834744324548 0.19385495776545086 0.13918305113509044
1 0.42111613680346804 0.03795219318286668 0.22973227360693613 0.07590438636573336