1 0.5723955562499999 1 0.5689473765625 0.96932474375 0.5669698796875 0.9696666109375001 0.5674013625 0.969312025 0.3801793140625 0.9798044000000001 0.3818687125 1 0.5723955562499999 1
1 0.384384696875 0.9850650421875 0.575003909375 0.9724690609375 0.5650296515625 0.893958696875 0.37696286875 0.904915884375 0.384384696875 0.9850650421875
1 0.38146199531249997 0.9083294453124999 0.566131621875 0.8985583234375 0.5595362734375 0.8218588796875 0.371074496875 0.8280942187500001 0.38146199531249997 0.9083294453124999
1 0.377244828125 0.835410228125 0.5592060375 0.8296999328125001 0.5551813640625001 0.748364709375 0.371650203125 0.7567414828125 0.377244828125 0.835410228125
1 0.372338934375 0.7596162468750001 0.554713378125 0.7556308140625 0.550119471875 0.6749927640625 0.3602254859375 0.6844695359374999 0.372338934375 0.7596162468750001
1 0.364311375 0.6861582359375 0.5500829734375 0.6809867406250001 0.5444883468749999 0.602317990625 0.356715303125 0.611428096875 0.364311375 0.6861582359375
1 0.3609389390625 0.6136917515625 0.5458840578124999 0.6050705328125 0.5401151875 0.5318208125 0.3522043984375 0.540355965625 0.3609389390625 0.6136917515625
1 0.5376757875 0.6076871046875 0.720068478125 0.6007046828125 0.71160943125 0.5285188015625 0.5328893890625 0.5354650671875001 0.5376757875 0.6076871046875
1 0.5320564375 0.6026709078125 0.5411677234375001 0.6837255296875 0.7256996046874999 0.6733794546875 0.7168455640625 0.596471725 0.5320564375 0.6026709078125
1 0.5400657515625 0.6791259078125 0.5473680812499999 0.7557031249999999 0.7299167703125 0.7462986671875 0.7214942171875001 0.6681188125 0.5400657515625 0.6791259078125
1 0.5482675546875 0.7471648984375 0.5518607390625 0.8297722468750001 0.73821981875 0.8209065859375 0.73390140625 0.7414184453125 0.5482675546875 0.7471648984375
1 0.5477931 0.8250865578125 0.5565093937500001 0.901419334375 0.7431439640625 0.8937035765625 0.7346019171875 0.8119517828125 0.5477931 0.8250865578125
1 0.55230400625 0.8961586921875 0.55986358125 0.9768828046875001 0.7487750906249999 0.9663783531249999 0.7421979921874999 0.8866819187500001 0.55230400625 0.8961586921875
1 0.7118835109375 1 0.7493943421875 0.9935151687499999 0.7475536234375 0.958206784375 0.5584861171875 0.971133275 0.5613894515625 1 0.7118835109375 1
1 0.92355525 0.963406421875 0.92216953125 0.9525688062500001 0.73608594375 0.9625843703125 0.739403215625 0.9952424234375 0.92355525 0.963406421875
1 0.7395661015624999 0.970964225 0.9283398625 0.9598848156249999 0.9179523640625 0.8796495890625 0.7323002640625 0.8883930281250001 0.7395661015624999 0.970964225
1 0.7346602015625 0.8951702421875 0.9221577515625 0.8849102328124999 0.9123212390625 0.8069748203125 0.7256866671875 0.814690571875 0.7346602015625 0.8951702421875
1 0.7276333640625 0.819742928125 0.9103015484375 0.8139104125 0.9037244453125 0.73421398125 0.7170898734375 0.7419297375 0.7276333640625 0.819742928125
1 0.721001515625 0.749037459375 0.9089123046875001 0.7405023109375 0.9010589890625 0.661625275 0.7127349609375 0.6684355671875 0.721001515625 0.749037459375
1 0.7201632578125 0.6779291703125 0.9018672203125 0.66807198125 0.8937201609375001 0.5910420281250001 0.708931034375 0.597241215625 0.7201632578125 0.6779291703125
1 0.7128426812499999 0.6043489375 0.8965115890625001 0.596547115625 0.8848296250000001 0.520128275 0.7048333718750001 0.5278939375 0.7128426812499999 0.6043489375
1 0.9094438859375 0.9547688015625001 0.9108121234375 0.965609440625 0.99406376875 0.9512169874999999 0.9094438859375 0.9547688015625001
1 1 0.8758973609374999 0.9056582078125001 0.8805774578125 0.9129422875 0.9601516625000001 0.952272403125 0.95844183125 1 0.9501907390625 1 0.8758973609374999
1 1 0.8028251703124999 0.9013032984375 0.8070832859375001 0.906897925 0.8857520359375 1 0.8813427234375 1 0.8028251703124999
1 1 0.73004504375 0.8912925406250001 0.734566896875 0.90111080625 0.8154992984374999 1 0.8103584734375 1 0.73004504375
1 1 0.6594882296875 0.8886270843749999 0.6619781921875 0.89547968125 0.742824528125 1 0.73735046875 1 0.6594882296875
1 1 0.5884325453125 0.887908325 0.5944418390624999 0.8912807609375 0.666908321875 1 0.6640539234375 1 0.5884325453125
1 1 0.5148136625 0.8804499968749999 0.520286653125 0.886356615625 0.5941113312499999 1 0.59235191875 1 0.5148136625
0 0.5965513011997695 0.9786435366147584 0.04144335391920819 0.029780341901054184
0 0.5897951843484375 0.9073587856261753 0.04782974623907634 0.0347225098858317
0 0.920180051661988 0.6765796068041638 0.03850021034569906 0.03590300790866543