1 0.9828125 0.1390625 0.034375 0.17578125
1 0.7953125 0.84296875 0.075 0.1765625
1 0.9828125 0.4828125 0.034375 0.17578125
1 0.71796875 0.31796875 0.07109375 0.17265625
1 0.9828125 0.3109375 0.034375 0.16796875
1 0.72421875 0.4875 0.07109375 0.16796875
1 0.925 0.0234375 0.075 0.046875
1 0.721875 0.14296875 0.07109375 0.1703125
1 0.9328125 0.67109375 0.07265625 0.17734375
1 0.86796875 0.840625 0.071875 0.17109375
1 0.93046875 0.315625 0.0703125 0.17265625
1 0.7140625 0.02734375 0.071875 0.0546875
1 0.9328125 0.8390625 0.0734375 0.1734375
1 0.984375 0.66015625 0.03125 0.1796875
1 0.98125 0.025 0.0375 0.05
1 0.984375 0.8359375 0.03125 0.171875
1 0.9296875 0.48984375 0.07109375 0.17421875
1 0.86484375 0.1375 0.0734375 0.1703125
1 0.7875 0.0296875 0.075 0.05859375
1 0.7875 0.14296875 0.07734375 0.16953125
1 0.790625 0.3171875 0.07421875 0.17734375
1 0.86484375 0.315625 0.07421875 0.17109375
1 0.92890625 0.13671875 0.0703125 0.175
1 0.78671875 0.67265625 0.07734375 0.1796875
1 0.7265625 0.84609375 0.07265625 0.184375
1 0.86875 0.67265625 0.07578125 0.178125
1 0.790625 0.49140625 0.07265625 0.17109375
1 0.8609375 0.02734375 0.071875 0.0546875
1 0.71875 0.66328125 0.07109375 0.18046875
1 0.865625 0.48828125 0.0703125 0.17109375
1 0.790625 0.96484375 0.0765625 0.0703125
1 0.9859375 0.9609375 0.028125 0.0703125
1 0.93984375 0.96328125 0.0765625 0.0734375
1 0.86953125 0.96328125 0.07109375 0.0734375
1 0.72109375 0.96796875 0.0765625 0.0640625
1 0.83125 0.96328125 0.15703125 0.0734375
0 0.95859375 0.421875 0.028125 0.0375
0 0.74375 0.2484375 0.0265625 0.03125
0 0.74609375 0.20078125 0.01875 0.02109375
0 0.7515625 0.9546875 0.02421875 0.0265625