1 0.79765625 0.1390625 0.071875 0.17109375
1 0.871875 0.66796875 0.075 0.18046875
1 0.87265625 0.31640625 0.0734375 0.17421875
1 0.8703125 0.025 0.071875 0.05
1 0.8703125 0.4875 0.07265625 0.16796875
1 0.9359375 0.3140625 0.071875 0.175
1 0.796875 0.6609375 0.07265625 0.17578125
1 0.796875 0.490625 0.0703125 0.16953125
1 0.796875 0.02734375 0.075 0.0546875
1 0.79765625 0.31484375 0.0734375 0.1734375
1 0.87109375 0.1390625 0.071875 0.17421875
1 0.728125 0.8375 0.07421875 0.17734375
1 0.72421875 0.13828125 0.075 0.1796875
1 0.7296875 0.025 0.071875 0.05
1 0.7296875 0.48515625 0.07265625 0.17890625
1 0.72421875 0.66328125 0.071875 0.1765625
1 0.93515625 0.66640625 0.071875 0.17890625
1 0.86875 0.8375 0.071875 0.1703125
1 0.984375 0.4859375 0.03125 0.17578125
1 0.984375 0.0234375 0.03125 0.046875
1 0.984375 0.30859375 0.03125 0.171875
1 0.93515625 0.4875 0.06953125 0.16953125
1 0.9328125 0.025 0.071875 0.05
1 0.984375 0.134375 0.03125 0.16796875
1 0.73046875 0.3171875 0.0703125 0.16875
1 0.9859375 0.6546875 0.028125 0.17578125
1 0.93515625 0.13671875 0.071875 0.1703125
1 0.79140625 0.8328125 0.07578125 0.1765625
1 0.9859375 0.8296875 0.028125 0.17578125
1 0.984375 0.95859375 0.03125 0.0828125
1 0.9359375 0.834375 0.07109375 0.171875
1 0.8703125 0.96015625 0.07265625 0.0796875
1 0.796875 0.9609375 0.0734375 0.078125
1 0.93515625 0.96015625 0.0703125 0.0796875
1 0.725 0.9609375 0.08046875 0.078125
1 0.83359375 0.959375 0.1515625 0.08125
0 0.96640625 0.94375 0.02578125 0.0328125
0 0.82421875 0.5953125 0.02109375 0.03046875