1 0.73828125 0.86875 0.09375 0.22734375
1 0.6515625 0.86640625 0.096875 0.2265625
1 0.83984375 0.8703125 0.09609375 0.22734375
1 0.996875 0.04296875 0.00625 0.0859375
1 0.56484375 0.8640625 0.09375 0.22578125
1 0.85625 0.0390625 0.09375 0.078125
1 0.940625 0.0390625 0.09375 0.078125
1 0.93359375 0.42109375 0.0953125 0.22890625
1 0.846875 0.41875 0.09296875 0.22890625
1 0.85234375 0.19140625 0.0953125 0.22421875
1 0.9375 0.1921875 0.0953125 0.2265625
1 0.7453125 0.415625 0.09765625 0.2296875
1 0.66015625 0.41171875 0.0921875 0.2296875
1 0.8421875 0.65859375 0.096875 0.2265625
1 0.75625 0.0375 0.09375 0.07421875
1 0.74140625 0.65546875 0.09765625 0.2265625
1 0.5859375 0.0328125 0.096875 0.065625
1 0.75234375 0.18828125 0.09140625 0.22578125
1 0.65546875 0.640625 0.0953125 0.22734375
1 0.9953125 0.19140625 0.009375 0.2265625
1 0.93046875 0.66015625 0.09375 0.225
1 0.925 0.87109375 0.09765625 0.225
1 0.56953125 0.6390625 0.09375 0.22734375
1 0.575 0.4078125 0.09296875 0.228125
1 0.9890625 0.86875 0.021875 0.22265625
1 0.9921875 0.421875 0.015625 0.2265625
1 0.48125 0.1796875 0.0921875 0.23125
1 0.58125 0.1796875 0.09765625 0.228125
1 0.6671875 0.1828125 0.09375 0.22734375
1 0.6703125 0.03515625 0.096875 0.0703125
1 0.4828125 0.0328125 0.090625 0.065625
1 0.4640625 0.8625 0.09453125 0.22734375
1 0.990625 0.66015625 0.01875 0.2265625
1 0.465625 0.64453125 0.09296875 0.22421875
1 0.47265625 0.41328125 0.09453125 0.2171875
1 0.4609375 0.9875 0.09453125 0.02265625
0 0.50703125 0.55625 0.03046875 0.0359375
0 0.86796875 0.9609375 0.03125 0.03828125
0 0.496875 0.55625 0.0359375 0.0390625
0 0.521875 0.034375 0.02890625 0.04375
0 0.878125 0.33828125 0.028125 0.03984375
0 0.69375 0.33515625 0.03046875 0.040625