1 0.00625 0.9765625 0.0125 0.046875
1 0.07578125 0.9234375 0.1234375 0.075
1 0.553125 0.98828125 0.11875 0.0234375
1 0.00625 0.91796875 0.0125 0.078125
1 0.0125 0.85 0.025 0.07421875
1 0.31875 0.98203125 0.125 0.0359375
1 0.66875 0.98984375 0.11875 0.0203125
1 0.7921875 0.99375 0.128125 0.01171875
1 0.0703125 0.98046875 0.121875 0.0390625
1 0.325 0.9296875 0.11953125 0.0734375
1 0.44453125 0.93671875 0.12734375 0.07578125
1 0.66953125 0.9546875 0.11796875 0.07265625
1 0.015625 0.77734375 0.03125 0.0703125
1 0.20078125 0.92578125 0.125 0.07265625
1 0.07734375 0.853125 0.1171875 0.071875
1 0.1984375 0.859375 0.13125 0.07265625
1 0.1921875 0.98046875 0.128125 0.0390625
1 0.44453125 0.87265625 0.14453125 0.075
1 0.00625 0.0859375 0.0125 0.0625
1 0.9125 0.8921875 0.13125 0.07734375
1 0.67421875 0.8796875 0.1390625 0.07421875
1 0.175 0.09375 0.11171875 0.06171875
1 0.08125 0.78046875 0.11171875 0.06953125
1 0.4375 0.984375 0.125 0.03125
1 0.915625 0.99375 0.125 0.01171875
1 0.5625 0.94140625 0.10625 0.07734375
1 0.9453125 0.134375 0.10859375 0.065625
1 0.509375 0.10625 0.10859375 0.0609375
1 0.20390625 0.784375 0.13359375 0.075
1 0.6171875 0.1140625 0.11015625 0.0609375
1 0.67421875 0.8046875 0.15546875 0.07109375
1 0.78359375 0.95703125 0.12109375 0.0734375
1 0.909375 0.96171875 0.1359375 0.075
1 0.44296875 0.7984375 0.12578125 0.075
1 0.3171875 0.865625 0.11875 0.07734375
1 0.1765625 0.03046875 0.115625 0.06015625
1 0.0671875 0.08984375 0.1125 0.06171875
1 0.28671875 0.1 0.11484375 0.06171875
1 0.3234375 0.7890625 0.11875 0.07421875
1 0.72578125 0.11953125 0.1140625 0.06328125
1 0.39609375 0.10234375 0.11640625 0.0625
1 0.79609375 0.88359375 0.10390625 0.07578125
1 0.83515625 0.1265625 0.10703125 0.0609375
1 0.2875 0.034375 0.115625 0.0609375
1 0.7234375 0.05546875 0.11484375 0.0640625
1 0.6140625 0.04921875 0.10859375 0.059375
1 0.8328125 0.06328125 0.109375 0.06875
1 0.9421875 0.078125 0.10625 0.0609375
1 0.0703125 0.02890625 0.11484375 0.0578125
1 0.9421875 0.025 0.11484375 0.05
1 0.009375 0.02734375 0.01875 0.0546875
1 0.83125 0.02109375 0.1125 0.0421875
1 0.80546875 0.8125 0.1140625 0.07421875
1 0.55703125 0.87109375 0.1015625 0.0734375
1 0.90078125 0.82109375 0.12890625 0.07109375
1 0.5046875 0.046875 0.11328125 0.06484375
1 0.39140625 0.040625 0.115625 0.0625
1 0.72109375 0.015625 0.11640625 0.03125
1 0.80078125 0.81484375 0.0984375 0.0765625
1 0.5515625 0.79921875 0.10078125 0.06953125
1 0.50546875 0.80078125 0.19375 0.071875
1 0.98671875 0.965625 0.02578125 0.06796875
1 0.98359375 0.825 0.03125 0.06953125
0 0.23046875 0.13515625 0.03046875 0.03046875
0 0.11484375 0.13359375 0.03359375 0.03046875
0 0.21796875 0.13515625 0.0328125 0.03203125
0 0.11953125 0.80546875 0.02421875 0.03125
0 0.4828125 0.9640625 0.01953125 0.0296875
0 0.515625 0.96796875 0.025 0.01796875
0 0.634375 0.89765625 0.02109375 0.02421875
0 0.8078125 0.93984375 0.0328125 0.025