1 0.646875 0.30625 0.07421875 0.1703125
1 0.72578125 0.1359375 0.07421875 0.17421875
1 0.92265625 0.6640625 0.0765625 0.17109375
1 0.91796875 0.8609375 0.0765625 0.178125
1 0.77578125 0.85703125 0.07734375 0.18046875
1 0.7171875 0.48203125 0.0765625 0.17265625
1 0.73046875 0.025 0.0765625 0.05
1 0.86171875 0.31875 0.0765625 0.1671875
1 0.72109375 0.31171875 0.07578125 0.17578125
1 0.790625 0.13984375 0.075 0.1734375
1 0.784375 0.484375 0.07734375 0.175
1 0.653125 0.13359375 0.07578125 0.17265625
1 0.85234375 0.85859375 0.07578125 0.17890625
1 0.5671875 0.4734375 0.07890625 0.17890625
1 0.57265625 0.30390625 0.07734375 0.16796875
1 0.78828125 0.31640625 0.07421875 0.1703125
1 0.9796875 0.665625 0.040625 0.16796875
1 0.85546875 0.66171875 0.0765625 0.17734375
1 0.9765625 0.8609375 0.046875 0.17578125
1 0.9140625 0.97421875 0.078125 0.0515625
1 0.98125 0.49609375 0.0375 0.1796875
1 0.92578125 0.4953125 0.07578125 0.18046875
1 0.78046875 0.66171875 0.07734375 0.18046875
1 0.86484375 0.1421875 0.07578125 0.17109375
1 0.975 0.97265625 0.05 0.0546875
1 0.9390625 0.1453125 0.075 0.1703125
1 0.6421875 0.475 0.07578125 0.1734375
1 0.70546875 0.65703125 0.078125 0.178125
1 0.86015625 0.49140625 0.075 0.1796875
1 0.6265625 0.96484375 0.078125 0.0703125
1 0.56015625 0.6578125 0.07890625 0.18828125
1 0.63671875 0.65625 0.0765625 0.1796875
1 0.4890625 0.846875 0.07734375 0.184375
1 0.55703125 0.85078125 0.078125 0.1734375
1 0.9828125 0.321875 0.034375 0.17578125
1 0.8453125 0.97421875 0.078125 0.0515625
1 0.5515625 0.96484375 0.078125 0.0703125
1 0.50078125 0.47109375 0.07890625 0.18203125
1 0.49375 0.6546875 0.07578125 0.17890625
1 0.7703125 0.96875 0.078125 0.0625
1 0.6953125 0.9703125 0.078125 0.05859375
1 0.578125 0.13203125 0.0796875 0.17578125
1 0.70078125 0.85390625 0.078125 0.1796875
1 0.984375 0.146875 0.03125 0.16796875
1 0.9296875 0.31953125 0.078125 0.17265625
1 0.6328125 0.84921875 0.07734375 0.17421875
1 0.940625 0.03203125 0.075 0.0640625
1 0.79375 0.02734375 0.075 0.0546875
1 0.6578125 0.02421875 0.0765625 0.04765625
1 0.478125 0.96640625 0.075 0.0671875
1 0.86796875 0.0296875 0.07109375 0.059375
1 0.984375 0.03515625 0.03125 0.0703125
1 0.50625 0.303125 0.0765625 0.16796875
1 0.51171875 0.134375 0.07421875 0.175
0 0.6640625 0.5828125 0.02421875 0.03046875
0 0.88125 0.546875 0.02421875 0.0296875
1 0.515625 0.0234375 0.07421875 0.046875
0 0.525 0.5359375 0.02578125 0.034375
0 0.5328125 0.2359375 0.0203125 0.02734375
0 0.51328125 0.9015625 0.02421875 0.028125
0 0.58828125 0.5796875 0.0234375 0.028125
0 0.5328125 0.19609375 0.021875 0.025
0 0.6546875 0.9078125 0.02421875 0.02421875
0 0.73046875 0.91328125 0.02578125 0.02734375
0 0.67890625 0.19765625 0.021875 0.02734375
1 0.5921875 0.02734375 0.08125 0.05234375
0 0.5984375 0.23515625 0.025 0.0265625
0 0.803125 0.9140625 0.03828125 0.04296875
0 0.9890625 0.91796875 0.021875 0.0390625