1 0.15729532749223604 0.8079785170741702 0.2418585306460784 0.15767746042459266
1 0.7903996461615856 0.8441816949363613 0.1947288626613009 0.14897084577069997
1 0.037205592358164716 0.7722977238807183 0.07441118471632943 0.14602955223856356
1 0.5807553907243782 0.8808948801461831 0.2510425296574953 0.15348128335537084
1 0.763475048823324 0.9118571958408724 0.18969385277546902 0.10193207146044045
1 0.3739124831197239 0.8488580653560049 0.24335736364988403 0.15619684757972233
1 0.5629657128537688 0.9348387516974807 0.2418001808363588 0.07971623473485216
1 0.35161171878526787 0.9178504047951268 0.24409219269935695 0.1359662347348518
1 0.13171039566729406 0.8810408808235517 0.24284802768032887 0.14369684757972223
1 0.40706983441231825 0.7621459594085398 0.23835152866891213 0.14813868611433315
1 0.023799666959013345 0.8416618775441913 0.04759933391802669 0.11667624491161739
1 0.6134989065417089 0.804339024198718 0.2384788626613009 0.15126368611433288
1 0.052987101255413296 0.6809357394845504 0.10597420251082659 0.13500352103089916
1 0.18898567927912197 0.7190045482818348 0.24622769566510644 0.15011062188998175
0 0.544262133804296 0.9155498411366025 0.04872134288963732 0.047769114653892684