1 0.22347659937936154 0.3441721465608682 0.14667719470081658 0.2549083183886112
1 0.37967424474854167 0.6117986704965628 0.14985673870145302 0.25966855357097246
1 0.31580045938095236 0.3580365844405211 0.14511469470081656 0.25487195079743064
1 0.2732697034134054 0.5960444242962849 0.1466590133672712 0.25334581838861114
1 0.3174951547978576 0.9735342978713891 0.09878294533736343 0.03197865824437507
1 0.2630368966820448 0.11937282152274327 0.14482379336408951 0.22987195079743067
1 0.03119983473899667 0.5333943814588888 0.052763562698907605 0.2386637629177777
1 0.18163618674408735 0.5743856702122223 0.14351583203372575 0.25171058320625017
1 0.23533554077813124 0.8263488669255905 0.14985673870145294 0.25966855357097246
1 0.5385641553548626 0.17108601757052128 0.1434976507001803 0.25014808320625015
1 0.08377085140831472 0.5541439457634375 0.14511469470081662 0.2548719507974308
1 0.46827366808558696 0.6411971893982642 0.1419351507001803 0.2501117156150695
1 0.055825475373952674 0.3004370643045487 0.0902635626989076 0.23953658510611114
1 0.555078398671227 0.04650424486909769 0.10703179734245402 0.06966049620027788
1 0.3530170066836356 0.1331827080156253 0.14195333203372568 0.2516742156150696
1 0.43184746144967645 0.8668504996187503 0.14357037603436212 0.2563980832062501
1 0.04182244545667614 0.9093211018236111 0.06284544533736346 0.03114220364722229
1 0.21257129746176684 0.9507851692622917 0.09722044533736343 0.03194229065319476
1 0.3332645107813129 0.8520593413743753 0.14046355736790747 0.2578878480238891
1 0.44936529535327185 0.15729431487322956 0.1450419693666348 0.24862195079743069
1 0.4152737480505886 0.38222092648048644 0.1435340133672712 0.25327308320625014
1 0.5100686273869975 0.4070774157469102 0.1483124200349984 0.2611946859797918
1 0.12710103870940712 0.317716789703264 0.14509651336727117 0.2533094507974306
1 0.14213043344204046 0.8038724952503473 0.14671355736790753 0.2580333183886111
1 0.16218292134786297 0.11077711189159736 0.14624084269572593 0.21740831838861122
1 0.10107269867918123 0.09451502583555563 0.09589539735836247 0.1865570554708334
1 0.06381452943981328 0.7856478656913195 0.11228401336727119 0.252545731382639