1 0.35699240963394535 0.9347631619589564 0.11500191567207603 0.12469201201463562
1 0.15723346025511248 0.28351992998090997 0.13827135765251136 0.25612382535009015
1 0.22648732032669824 0.7611631246419558 0.13460032608248032 0.24671246268299923
1 0.19574003633759277 0.5285506193109556 0.1293667945124492 0.23728291868236298
1 0.14187710189672936 0.7715290073201824 0.1314753260824803 0.24667610001590834
1 0.26044946551678433 0.2838824619669106 0.13321983660582398 0.2498192813494539
1 0.29344949424421796 0.5149051952975926 0.1311113050357929 0.24042610001590833
1 0.326813544018339 0.7521779286282746 0.1345093208208085 0.24514996268299924
1 0.257219922788125 0.939833017305865 0.11454688936371686 0.11687951201463562
1 0.32706229991529534 0.08531714528963838 0.1201290314288567 0.15910337468172658
1 0.455020385956422 0.9265864879455934 0.12207096302712266 0.13882723734881744
1 0.3847647389825461 0.5122790872851841 0.1318393471291678 0.2529261000159083
1 0.35742317605424545 0.27102737862032034 0.13165733660582407 0.24980110001590833
1 0.07418574182514355 0.2938676313255913 0.1287143471291677 0.2528897373488174
1 0.1372108446395061 0.10081651798218264 0.11820251038216938 0.15283519334818116
1 0.052763581061803476 0.5435045519971364 0.056202310297464766 0.24111589600572714
1 0.08405689662094007 0.7854920573281367 0.06374179451244921 0.2365193026734543
1 0.10786831001511607 0.5366091146562733 0.12798630503579292 0.24038973734881744
1 0.11020070961982793 0.9524886533259094 0.046085315700310936 0.0942227146721816
1 0.417628259817472 0.740958070615866 0.12798630503579284 0.24038973734881744
1 0.02784906811938536 0.3170784119987273 0.03276481029746475 0.24084317600254534
1 0.1716919464656483 0.9478642406508644 0.11372784200867021 0.10281701201463563
1 0.2432333314853265 0.09567393730109239 0.1282145472138723 0.1638817813494538
1 0.053472881471209065 0.11273580999363667 0.10294153142885676 0.1589033800127267
0 0.23530452332458748 0.3756432479710468 0.033707142065139986 0.04255112667090888