1 0.31796875 0.46640625 0.12734375 0.090625
1 0.1015625 0.22421875 0.125 0.0828125
1 0.20234375 0.4546875 0.1296875 0.08515625
1 0.43828125 0.4765625 0.12890625 0.0890625
1 0.309375 0.5421875 0.13203125 0.0921875
1 0.56640625 0.415625 0.1265625 0.0890625
1 0.32421875 0.396875 0.1234375 0.0859375
1 0.459375 0.25390625 0.12734375 0.08359375
1 0.33359375 0.31953125 0.12734375 0.084375
1 0.9984375 0.45703125 0.003125 0.0859375
1 0.9453125 0.2203125 0.109375 0.08203125
1 0.2140625 0.31015625 0.128125 0.08828125
1 0.6796875 0.57578125 0.13125 0.08671875
1 0.11328125 0.1421875 0.125 0.0828125
1 0.45 0.4046875 0.13046875 0.0875
1 0.68046875 0.50390625 0.13046875 0.08671875
1 0.08828125 0.36640625 0.12734375 0.0890625
1 0.9296875 0.52578125 0.12578125 0.08515625
1 0.9484375 0.14453125 0.103125 0.0859375
1 0.71875 0.1296875 0.12578125 0.08046875
1 0.4921875 0.00390625 0.128125 0.0078125
1 0.0984375 0.29921875 0.12578125 0.0859375
1 0.23671875 0.08828125 0.125 0.08515625
1 0.55390625 0.56328125 0.134375 0.08671875
1 0.81875 0.43828125 0.1296875 0.08828125
1 0.8125 0.51484375 0.1328125 0.0875
1 0.82421875 0.3609375 0.12421875 0.0890625
1 0.434375 0.5515625 0.13046875 0.0890625
1 0.34609375 0.16640625 0.12421875 0.0859375
1 0.953125 0.021875 0.09375 0.04296875
1 0.9953125 0.5328125 0.009375 0.08203125
1 0.603125 0.0078125 0.125 0.015625
1 0.559375 0.48671875 0.13125 0.0859375
1 0.94375 0.30078125 0.1125 0.0859375
1 0.34140625 0.24140625 0.125 0.08671875
1 0.2484375 0.02734375 0.128125 0.0546875
1 0.69140625 0.42890625 0.12734375 0.0859375
1 0.83984375 0.1390625 0.1265625 0.0875
1 0.5953125 0.0484375 0.1203125 0.08125
1 0.95 0.078125 0.1 0.078125
1 0.46796875 0.18359375 0.1234375 0.08359375
1 0.934375 0.44296875 0.128125 0.090625
1 0.99375 0.609375 0.0125 0.0859375
1 0.3625 0.03125 0.125 0.0625
1 0.19375 0.534375 0.13203125 0.0859375
1 0.07734375 0.44375 0.121875 0.08515625
1 0.80546875 0.5828125 0.13203125 0.08984375
1 0.9265625 0.6015625 0.1265625 0.0921875
1 0.35390625 0.0953125 0.125 0.0859375
1 0.20546875 0.384375 0.12890625 0.08671875
1 0.12265625 0.07890625 0.121875 0.07734375
1 0.70078125 0.27421875 0.1265625 0.08828125
1 0.45546875 0.33046875 0.13046875 0.0890625
1 0.59296875 0.1203125 0.12421875 0.08359375
1 0.07265625 0.52109375 0.12421875 0.0859375
1 0.834375 0.21328125 0.12734375 0.084375
1 0.71953125 0.0609375 0.125 0.08203125
1 0.2265625 0.15703125 0.12265625 0.08203125
1 0.13125 0.021875 0.11875 0.04296875
1 0.69375 0.346875 0.12734375 0.0875
1 0.7296875 0.015625 0.121875 0.03125
1 0.5796875 0.26484375 0.1296875 0.08671875
1 0.846875 0.06953125 0.121875 0.0859375
1 0.8484375 0.015625 0.121875 0.03125
1 0.57734375 0.3390625 0.1265625 0.09140625
1 0.9390625 0.3671875 0.121875 0.09375
1 0.8296875 0.290625 0.12109375 0.08828125
1 0.225 0.23515625 0.12421875 0.0859375
1 0.70859375 0.20703125 0.128125 0.08984375
1 0.03203125 0.0734375 0.0640625 0.078125
1 0.0359375 0.01953125 0.071875 0.0390625
1 0.58984375 0.19375 0.125 0.08515625
1 0.4796875 0.1109375 0.1234375 0.08125
1 0.48125 0.0390625 0.125 0.078125
1 0.028125 0.13984375 0.05625 0.0859375
1 0.02421875 0.2171875 0.0484375 0.08359375
1 0.01484375 0.3578125 0.02890625 0.0875
1 0.01796875 0.2890625 0.0359375 0.08828125
1 0.0265625 0.184375 0.053125 0.15625
0 0.88515625 0.09296875 0.03359375 0.0296875
0 0.4578125 0.16015625 0.0265625 0.02265625
0 0.98125 0.55625 0.0375 0.05078125