1 0.18046875 0.5515625 0.0703125 0.16640625
1 0.321875 0.71328125 0.07265625 0.16953125
1 0.246875 0.54765625 0.06953125 0.16640625
1 0.0046875 0.71484375 0.009375 0.1640625
1 0.1703125 0.21953125 0.07109375 0.1640625
1 0.246875 0.71796875 0.07109375 0.16484375
1 0.325 0.984375 0.06875 0.03125
1 0.178125 0.38125 0.06953125 0.16640625
1 0.040625 0.71640625 0.07109375 0.165625
1 0.18125 0.7171875 0.06953125 0.1640625
1 0.25 0.8828125 0.071875 0.16953125
1 0.0046875 0.5453125 0.009375 0.16796875
1 0.003125 0.21484375 0.00625 0.1640625
1 0.3765625 0.384375 0.06875 0.1640625
1 0.1109375 0.71796875 0.06953125 0.16640625
1 0.24140625 0.21953125 0.06875 0.1609375
1 0.3875 0.71953125 0.06875 0.1640625
1 0.040625 0.54765625 0.071875 0.16484375
1 0.37109375 0.07265625 0.06953125 0.14375
1 0.309375 0.225 0.06953125 0.1671875
1 0.3734375 0.228125 0.06640625 0.16953125
1 0.24375 0.3859375 0.06796875 0.1640625
1 0.0421875 0.984375 0.071875 0.03125
1 0.16796875 0.071875 0.06953125 0.1390625
1 0.00625 0.88125 0.0125 0.16796875
1 0.390625 0.88203125 0.06796875 0.16796875
1 0.04609375 0.88359375 0.07265625 0.16796875
1 0.1140625 0.984375 0.071875 0.03125
1 0.0046875 0.3765625 0.009375 0.16796875
1 0.30859375 0.06875 0.07109375 0.1375
1 0.25 0.984375 0.06875 0.03125
1 0.175 0.9859375 0.06875 0.02734375
1 0.3203125 0.88671875 0.06640625 0.16953125
1 0.1046875 0.2234375 0.06875 0.1671875
1 0.003125 0.9859375 0.00625 0.02734375
1 0.3125 0.38828125 0.0703125 0.16171875
1 0.31796875 0.54921875 0.06875 0.16640625
1 0.38671875 0.5515625 0.06953125 0.1703125
1 0.23828125 0.0734375 0.06953125 0.140625
1 0.1109375 0.54765625 0.06875 0.165625
1 0.1828125 0.88203125 0.0703125 0.1703125
1 0.10625 0.38671875 0.0703125 0.165625
1 0.384375 0.9859375 0.06875 0.02734375
1 0.04296875 0.3796875 0.07109375 0.16640625
1 0.034375 0.07109375 0.06875 0.1359375
1 0.0015625 0.06640625 0.003125 0.1328125
1 0.1140625 0.88359375 0.071875 0.16484375
1 0.103125 0.0703125 0.06953125 0.13671875
1 0.03671875 0.21875 0.0703125 0.1640625