1 0.8187565779551468 0.3486405138582481 0.14834341645877275 0.23921666542531544
1 0.9021169257643976 0.10934807434030083 0.12134426881613791 0.21869614868060167
1 0.8589922036767632 0.7922620812694249 0.15088621960192583 0.22686221463952716
1 0.9524422574435981 0.3066798380938504 0.09511548511280381 0.22838617328319835
1 0.8535809183207995 0.007823038670241719 0.097786836641599 0.015646077340483438
1 0.7346191724546288 0.3744817299455173 0.14856174028009034 0.24390416542531543
1 0.9356326318221709 0.7609157278786027 0.12873473635565807 0.2296961162111039
1 0.7571704528527029 0.1526409631962943 0.1464170434232436 0.23133139081820958
1 0.8825601745215433 0.558629789913096 0.14834341645877275 0.23921666542531544
1 0.8935917580627706 0.324798445413614 0.14834341645877275 0.23921666542531544
1 0.7016203120344933 0.03675286745395802 0.1313656240689866 0.07350573490791604
1 0.7952977690210254 0.5846165552145769 0.1482706418516667 0.23765416542531542
1 0.9733862659206535 0.7374204158441093 0.05322746815869302 0.23049232878371625
1 0.9838806561196906 0.5179426697730508 0.03223868776061885 0.23216183664159917
1 0.9419660608963376 0.533970084164909 0.11606787820732478 0.24077916542531544
1 0.780943938998964 0.027121002276311583 0.133762877997928 0.054242004552623166
1 0.8296982702638797 0.129689306662319 0.14656259263745533 0.23445639081820963
1 0.6674915227450791 0.17717439040843405 0.154447867244561 0.23638276385373888
1 0.6153382096771285 0.04823833106002788 0.14005141935425697 0.09647666212005576