1 0.96875 0.3984375 0.0625 0.171875
1 0.90078125 0.3953125 0.071875 0.171875
1 0.9046875 0.9015625 0.071875 0.17421875
1 0.6921875 0.39453125 0.06875 0.175
1 0.9046875 0.99375 0.071875 0.01171875
1 0.69375 0.9 0.07109375 0.1703125
1 0.9046875 0.56640625 0.0703125 0.17109375
1 0.9046875 0.7359375 0.07265625 0.16953125
1 0.903125 0.065625 0.07421875 0.13046875
1 0.69140625 0.56796875 0.0703125 0.16875
1 0.69453125 0.7359375 0.07109375 0.1671875
1 0.6921875 0.9921875 0.071875 0.015625
1 0.9671875 0.8984375 0.065625 0.171875
1 0.96875 0.98984375 0.0625 0.0203125
1 0.76484375 0.56484375 0.071875 0.1671875
1 0.69296875 0.228125 0.06875 0.175
1 0.83125 0.565625 0.0734375 0.17109375
1 0.83671875 0.3984375 0.07109375 0.1703125
1 0.759375 0.99375 0.075 0.01171875
1 0.8375 0.90390625 0.071875 0.1765625
1 0.965625 0.571875 0.06875 0.16796875
1 0.96875 0.7328125 0.0625 0.16796875
1 0.8359375 0.99375 0.071875 0.01171875
1 0.759375 0.903125 0.07578125 0.17421875
1 0.83828125 0.73515625 0.07109375 0.16953125
1 0.9671875 0.2265625 0.065625 0.1640625
1 0.8375 0.0703125 0.0703125 0.13515625
1 0.8375 0.22890625 0.06875 0.16953125
1 0.76640625 0.728125 0.07109375 0.165625
1 0.7671875 0.22890625 0.0734375 0.1734375
1 0.9671875 0.0640625 0.065625 0.128125
1 0.99375 0.06875 0.0125 0.13671875
1 0.76484375 0.39453125 0.0734375 0.1734375
1 0.90078125 0.2328125 0.0703125 0.1625
1 0.6984375 0.06875 0.07578125 0.1375
1 0.75625 0.06796875 0.08125 0.1359375
0 0.92421875 0.6140625 0.028125 0.03828125
0 0.928125 0.8390625 0.021875 0.03359375
0 0.7859375 0.9921875 0.021875 0.015625
0 0.89921875 0.2328125 0.03203125 0.03125
0 0.71875 0.4484375 0.025 0.02578125
0 0.7859375 0.50234375 0.034375 0.03359375
0 0.7890625 0.66640625 0.021875 0.0296875
0 0.8609375 0.78984375 0.03046875 0.0375
0 0.99375 0.4453125 0.0125 0.03125
0 0.8578125 0.99765625 0.021875 0.0046875