1 0.9205382555271135 0.9751150231786057 0.15892348894577282 0.04976995364278878
1 0.9201823468618496 0.9176432756649966 0.1596353062763008 0.10958079715018094
1 0.5064485399101677 0.957093744628704 0.2300545769491748 0.085812510742592
1 0.5073810681331361 0.8851727758921392 0.23156251324684402 0.1103930246489437
1 0.7292139173148295 0.9637094544316988 0.23016370435383654 0.07258109113660254
1 0.28299862702614353 0.8687344691310198 0.22525794954451311 0.10850297602842467
1 0.7309276955377978 0.9000076390756938 0.23000001324684405 0.11031113749381376
1 0.28209338065434064 0.9493266316144915 0.22536707694917474 0.10134673677101702
1 0.7318602237607662 0.815056106963518 0.23000001324684405 0.11031113749381412
1 0.2847124052491119 0.7838238805964091 0.2236954495445131 0.10842108887329509
1 0.10181560361249864 0.95 0.14077382213985135 0.1
1 0.5090675645049391 0.7994809373575285 0.23000001324684388 0.11031113749381412
1 0.9210392359733337 0.8318695499752561 0.1579215280533326 0.10785452283992143
1 0.2874306335647475 0.5936902035271876 0.2236954495445131 0.10842108887329509
1 0.09935031332381272 0.8575502284032741 0.14250001324684392 0.10572545680654813
1 0.9193824775358135 0.6468770742855157 0.16123504492837312 0.10629202283992142
1 0.292993642002268 0.6860005342598822 0.22364088584218217 0.1068585888732951
1 0.5086335109694092 0.6084022359780474 0.2267113221398514 0.1054598631835546
1 0.7331102105139223 0.7168642684289074 0.22838294954451294 0.10866675033868418
1 0.09925605488629222 0.7655265027135335 0.14875001324684392 0.10605300542706697
1 0.5142238012580951 0.7014938167107421 0.22676588584218216 0.1070223631835546
1 0.9201290112010774 0.7327326871303859 0.15974197759784517 0.10316702283992144
1 0.09607894726707837 0.5852215270237929 0.15494544954451306 0.10481805404758582
1 0.10077886015110257 0.6751471641789226 0.15812501324684392 0.10654432835784533
1 0.7322347020764017 0.6247995991616019 0.22336806733052797 0.0990460888732951