1 0.7857366033580446 0.046436082159410384 0.30012897477225664 0.05538370991548636
1 0.4828571400185334 0.03234951947038235 0.29991071996293317 0.04913370991548636
1 0.18761901797134933 0.22485844889756962 0.30921628729346107 0.13677918028020858
1 0.7565103393934105 0.5922934428167368 0.307653787293461 0.13674281268902816
1 0.9715079230508252 0.12269337689666748 0.05436509618646852 0.1261637629177778
1 0.7812549452833437 0.12999346456822983 0.30927085099579193 0.1383416802802086
1 0.962782675961232 0.4845030458746189 0.046388905079475865 0.12129442496187508
1 0.467956303998866 0.347102350492431 0.3093254146981227 0.13990418028020857
1 0.4768402637949981 0.11508928428802123 0.29989585099579197 0.13812347473312525
1 0.7620287078123975 0.47904856040791727 0.309216287293461 0.13677918028020847
1 0.9695188039988659 0.35877634726138974 0.04186509618646852 0.12587282218833346
1 0.47225691279920623 0.24633928428802127 0.30630954210278444 0.1429564450978475
1 0.46219239891939007 0.46737848290125045 0.2982242235911302 0.1349621071419446
1 0.4590450623515684 0.5798966666968407 0.3061458509957919 0.1382689450978475
1 0.7738194127992062 0.25335822938586866 0.3062004146981227 0.13983144509784748
1 0.7670386447430388 0.3579729942035076 0.3093254146981227 0.13990418028020857
1 0.1918749867531561 0.10298344889756961 0.307653787293461 0.13674281268902805
1 0.18450148557202972 0.02305955955489599 0.29974702885594057 0.04444620991548636
1 0.1805654314035277 0.3372857137152085 0.30620041469812276 0.1398314450978475
1 0.9682142535433791 0.26179224448784805 0.05200398801910033 0.14796602773541673
1 0.1684473442027339 0.5723510447372571 0.30921628729346107 0.13677918028020866
1 0.17466511706822468 0.46146809612402795 0.30307541469812277 0.13975870991548636
1 0.9441467486492376 0.5927513037584037 0.0760218413771451 0.12042290919430557
0 0.06119040490983987 0.5315422471502084 0.0755109206885725 0.061084276785486225
0 0.07553568022240134 0.2550888499237501 0.06257441106992567 0.04829333605604171