1 0.6587089141000477 0.9656075424813025 0.1557795631400623 0.02415180653075453
1 0.8194644035767041 0.9631124811412246 0.15541554209337471 0.017901806530754526
1 0.6880379112574502 0.7431596236068285 0.16372784200867016 0.10707343393541642
1 0.7003019638035817 0.6530703369463398 0.16069384727034192 0.10852680653075471
1 0.6717773324735468 0.9152528784161522 0.15904034200867018 0.10690974282842376
1 0.677290856080483 0.8339755965649867 0.16225634727034208 0.10858137023308564
1 0.8302793481879753 0.8309721037365627 0.15546031570031085 0.09898811542376222
1 0.8229303087960236 0.916991449290059 0.16234735253201374 0.11014387023308565
1 0.7058609900413536 0.5710118050951744 0.14921031570031093 0.09876986061443879
1 0.8554521953877302 0.6531099985644196 0.162256347270342 0.10858137023308564
1 0.8346398954724347 0.7427181355877281 0.163818847270342 0.10863593393541641
1 0.8639997137329944 0.5732860893085925 0.16372784200867016 0.10707343393541642
0 0.9211920455006695 0.7693227864060349 0.02956567363517095 0.05249008293962447
0 0.7551406532237681 0.5950197347694215 0.030582142065139983 0.04316964664195542
0 0.7798768007623413 0.7726983014669773 0.031689615756780753 0.03541171034428618
0 0.609755474609274 0.9493848309558899 0.04418961575678075 0.03584821996293286