0 0.9109910434817318 0.5783115920137735 0.03845474623907634 0.03455909057054054
0 0.4401162538274307 0.5219586606678045 0.036664925705962935 0.026673815963434676
0 0.5444387263138306 0.7544694077723204 0.04296038981258547 0.02852741439185813
0 0.5287442154932779 0.9712202601296852 0.03353992570596294 0.02652826674922295
0 0.6254614057807173 0.7660661873418249 0.03344899749271768 0.02340326674922295
0 0.3730651461472988 0.5141418525622526 0.05086381802583091 0.03201628742738745
0 0.10412492953339361 0.4812757328364922 0.0447047462390763 0.03485018899896399
0 0.02303405390657298 0.4720227032669877 0.0415797462390763 0.034704639784752446
0 0.013192529889533866 0.6926798056243525 0.026385059779067733 0.029871590570540542
0 0.08122802098269653 0.8111258986760925 0.044613818025830934 0.031725188998963816
0 0.07179553351910886 0.9202098002476689 0.04461381802583095 0.03172518899896417
1 0.43281795005387175 0.9740111964425621 0.2707049565847752 0.051977607114875826
1 0.18320336111185126 0.6672368116202085 0.2806542695960413 0.1535061054577369
1 0.7106474333608244 0.9905716118678776 0.2763639231986804 0.018856776264244958
1 0.714832479679043 0.9359204991714304 0.2806088054894186 0.12815900165713928
1 0.7415460246771133 0.4061347233214703 0.28377926959604133 0.15365165467194847
1 0.9334380079840658 0.42524224999549076 0.11448370031656907 0.12704199710451594
1 0.44406900178236663 0.8162908575246514 0.28382473370266403 0.15521415467194863
1 0.4686755113492781 0.5890027655063688 0.288512233702664 0.15543247849326605
1 0.45756686361913373 0.7019201424708394 0.2900292695960413 0.15394275310037192
1 0.19199099089530697 0.553429022745079 0.2853417695960413 0.15372442927905433
1 0.9271532525737894 0.5336904507812792 0.12087009263643722 0.1320205955329392
1 0.02821696206155863 0.6493664532669877 0.05643392412311726 0.1299829065339754
1 0.17283049927508418 0.7817530758882322 0.283824733702664 0.15521415467194827
1 0.7265645676966266 0.6252657129823882 0.28387019780928674 0.15677665467194846
1 0.026557522169830768 0.7603039532669876 0.053115044339661535 0.12373290653397521
1 0.7200404683962718 0.8494844629823881 0.2806088054894186 0.1519436054577369
1 0.03288774168672979 0.5432620024811994 0.06577548337345958 0.13027400496239885
1 0.021977670757904973 0.860158404052776 0.043955341515809945 0.12344180810555194
1 0.16440658234460992 0.8830608647633618 0.2853417695960413 0.15372442927905466
1 0.4763409103330637 0.4868773393276863 0.2931542695960413 0.15408830231458365
1 0.7170184199664822 0.7382558645539647 0.28704066191590927 0.15848470388616018
1 0.7390538590002802 0.5186711106250232 0.28699519780928673 0.15692220388616018
1 0.8848494629859955 0.9504999606058873 0.10676212852981451 0.09900007878822556
1 0.9200645151102018 0.6428835142635144 0.12399509263643722 0.13216614474715094
1 0.4772705760098967 0.37426817741702756 0.28377926959604133 0.15365165467194847
1 0.9106320276466141 0.7519674158350911 0.1114496285298145 0.1300214478903042
1 0.4364263348518924 0.9176350337033338 0.2806088054894186 0.1519436054577369
1 0.19963365782578124 0.4520848465663966 0.283824733702664 0.15521415467194846
1 0.16229250138665524 0.9557171147633617 0.2756197771178887 0.08773555624352483
1 0.8957307901830264 0.8607966062817971 0.11140416442319179 0.12845894789030404
1 0.04158444325694015 0.3195526747309404 0.0831688865138803 0.12558650496239868
1 0.01797448086617711 0.9358304921421172 0.03594896173235422 0.04666098428423453
1 0.033675003365212286 0.4330693651776464 0.06735000673042457 0.12551373035529284
1 0.2083758235026143 0.3398395576912671 0.2838701978092867 0.15677665467194846