1 0.74296875 0.4671875 0.06875 0.17265625
1 0.32265625 0.28984375 0.07578125 0.17265625
1 0.6828125 0.46875 0.06875 0.171875
1 0.040625 0.6390625 0.0734375 0.17265625
1 0.53515625 0.46953125 0.07109375 0.17421875
1 0.11796875 0.4734375 0.0765625 0.1734375
1 0.47890625 0.80859375 0.07109375 0.1734375
1 0.59375 0.0171875 0.06875 0.034375
1 0.596875 0.11875 0.071875 0.165625
1 0.11796875 0.81796875 0.071875 0.1703125
1 0.32734375 0.8109375 0.071875 0.1671875
1 0.115625 0.29375 0.0734375 0.1671875
1 0.32421875 0.12265625 0.07109375 0.17109375
1 0.04296875 0.4640625 0.07109375 0.17265625
1 0.60078125 0.45859375 0.07109375 0.16875
1 0.3234375 0.0171875 0.071875 0.034375
1 0.3265625 0.4640625 0.0734375 0.16640625
1 0.25546875 0.95390625 0.071875 0.0921875
1 0.11875 0.1203125 0.07734375 0.1765625
1 0.04296875 0.29375 0.0734375 0.16875
1 0.53828125 0.8078125 0.0703125 0.17265625
1 0.11640625 0.63984375 0.075 0.17109375
1 0.79375 0.0171875 0.06875 0.034375
1 0.53046875 0.121875 0.07109375 0.16796875
1 0.403125 0.8171875 0.07421875 0.16796875
1 0.05 0.81796875 0.07109375 0.17109375
1 0.67578125 0.1203125 0.06796875 0.16796875
1 0.04140625 0.1171875 0.0765625 0.17421875
1 0.39375 0.4703125 0.07421875 0.17265625
1 0.40078125 0.63828125 0.071875 0.1703125
1 0.25390625 0.81953125 0.07109375 0.16875
1 0.2515625 0.29453125 0.0703125 0.16953125
1 0.6046875 0.29375 0.06875 0.1703125
1 0.3921875 0.296875 0.075 0.175
1 0.3265625 0.640625 0.07109375 0.1734375
1 0.6078125 0.8109375 0.07109375 0.1703125
1 0.190625 0.81875 0.071875 0.1703125
1 0.25390625 0.6390625 0.071875 0.17265625
1 0.25234375 0.4625 0.07109375 0.16640625
1 0.39765625 0.1203125 0.06796875 0.16640625
1 0.73671875 0.11953125 0.0703125 0.1671875
1 0.2515625 0.0171875 0.071875 0.034375
1 0.5265625 0.015625 0.071875 0.03125
1 0.18828125 0.4625 0.0703125 0.16796875
1 0.7453125 0.80078125 0.06796875 0.17109375
1 0.79921875 0.12265625 0.0671875 0.16953125
1 0.2546875 0.11953125 0.07265625 0.17109375
1 0.1765625 0.015625 0.071875 0.03125
1 0.18671875 0.11953125 0.0703125 0.1703125
1 0.684375 0.80546875 0.06484375 0.1734375
1 0.7375 0.29375 0.07265625 0.1734375
1 0.18984375 0.63984375 0.0703125 0.17109375
1 0.4671875 0.6375 0.07265625 0.16796875
1 0.671875 0.634375 0.06796875 0.16875
1 0.0375 0.015625 0.075 0.03125
1 0.67734375 0.29375 0.06640625 0.1734375
1 0.73125 0.015625 0.06875 0.03125
1 0.60859375 0.63515625 0.06953125 0.171875
1 0.32578125 0.95078125 0.0734375 0.0984375
1 0.46328125 0.46171875 0.06875 0.16953125
1 0.45625 0.01953125 0.06875 0.0390625
1 0.3953125 0.0171875 0.071875 0.034375
1 0.74375 0.628125 0.07109375 0.17109375
1 0.5328125 0.2953125 0.07265625 0.171875
1 0.459375 0.11953125 0.0703125 0.165625
1 0.6703125 0.946875 0.06875 0.10625
1 0.47109375 0.2953125 0.071875 0.171875
1 0.18046875 0.296875 0.071875 0.17265625
1 0.6703125 0.015625 0.071875 0.03125
1 0.1125 0.0140625 0.075 0.02734375
1 0.8046875 0.796875 0.065625 0.16953125
1 0.4 0.95078125 0.07421875 0.0984375
1 0.8015625 0.45703125 0.0671875 0.16953125
1 0.53828125 0.6359375 0.06875 0.16875
1 0.8046875 0.6328125 0.06484375 0.1734375
1 0.6078125 0.9484375 0.07265625 0.103125
1 0.80078125 0.28984375 0.06953125 0.17109375
1 0.4640625 0.95 0.0703125 0.1
1 0.53984375 0.94921875 0.075 0.1015625
1 0.746875 0.94609375 0.07421875 0.1078125
1 0.18984375 0.95234375 0.075 0.0953125
1 0.046875 0.9515625 0.07578125 0.09609375
1 0.80390625 0.9453125 0.06484375 0.109375
0 0.8140625 0.90234375 0.0390625 0.03359375
0 0.284375 0.22578125 0.02421875 0.0328125
0 0.82734375 0.903125 0.0328125 0.0375
0 0.06875 0.22890625 0.01484375 0.02265625
0 0.140625 0.40078125 0.02265625 0.0234375
0 0.071875 0.57734375 0.0140625 0.02265625
0 0.2828125 0.74921875 0.0140625 0.01875
0 0.81328125 0.98203125 0.021875 0.028125
1 0.11796875 0.9515625 0.06953125 0.096875