1 0.4359375 0.0171875 0.115625 0.034375
1 0.18203125 0.34453125 0.125 0.08046875
1 0.43203125 0.13984375 0.11875 0.07890625
1 0.43359375 0.071875 0.11796875 0.0765625
1 0.1859375 0.2671875 0.12578125 0.0796875
1 0.31015625 0.20625 0.12421875 0.07734375
1 0.42265625 0.51640625 0.12421875 0.08359375
1 0.19375 0.1234375 0.1203125 0.07890625
1 0.0015625 0.16796875 0.003125 0.078125
1 0.06484375 0.25703125 0.12421875 0.08203125
1 0.31953125 0.06171875 0.11875 0.078125
1 0.0578125 0.4078125 0.115625 0.08203125
1 0.43125 0.2140625 0.1171875 0.0796875
1 0.178125 0.421875 0.125 0.0796875
1 0.07421875 0.040625 0.12421875 0.07734375
1 0.3 0.4296875 0.11875 0.07890625
1 0.06953125 0.1890625 0.121875 0.0796875
1 0.0609375 0.33203125 0.121875 0.078125
1 0.0046875 0.1 0.009375 0.07421875
1 0.42421875 0.43828125 0.121875 0.08359375
1 0.0015625 0.24609375 0.003125 0.078125
1 0.4265625 0.3609375 0.1171875 0.084375
1 0.315625 0.128125 0.121875 0.07578125
1 0.30078125 0.57734375 0.125 0.08046875
1 0.1734375 0.56875 0.12578125 0.084375
1 0.30625 0.34921875 0.125 0.0796875
1 0.2984375 0.50546875 0.12421875 0.08125
1 0.18984375 0.1984375 0.1203125 0.078125
1 0.42265625 0.58671875 0.125 0.08359375
1 0.309375 0.275 0.125 0.07734375
1 0.07421875 0.11328125 0.11953125 0.08203125
1 0.0765625 0.00625 0.121875 0.01171875
1 0.42734375 0.290625 0.11875 0.08125
1 0.315625 0.0140625 0.11875 0.02734375
1 0.0546875 0.55625 0.109375 0.08203125
1 0.1953125 0.04765625 0.12109375 0.07734375
1 0.1984375 0.0078125 0.115625 0.015625
1 0.17109375 0.49375 0.125 0.0859375
1 0.00625 0.0328125 0.0125 0.065625
1 0.0546875 0.478125 0.109375 0.08203125
0 0.259375 0.44921875 0.02578125 0.03125
0 0.015625 0.3609375 0.028125 0.0234375
0 0.15625 0.00390625 0.025 0.0078125
0 0.4796875 0.096875 0.02734375 0.02578125