1 0.9697036408359214 0.6613740171892717 0.06059271832815725 0.1894274823325695
1 0.48094093528498316 0.09939154910566013 0.11025570357377176 0.17740026101791675
1 0.9965791586304185 0.8283257810569801 0.006841682739162991 0.18364895459715277
1 0.6857902613687065 0.06981707114149363 0.10283052273741297 0.1101036582443751
1 0.9041396492388782 0.3332477107685077 0.11513420456235508 0.18219686379145852
1 0.5975766314443811 0.2418173980794797 0.11200920456235508 0.18212412860909735
1 0.6884496181356894 0.5756488438429173 0.12001270555093821 0.18699346656500015
1 0.9640849936113904 0.8431870616421883 0.0718300127772192 0.18517639342673614
1 0.6592807939919513 0.22374085172670194 0.11825920456235509 0.18226959897381959
1 0.6120171803420673 0.07902711056041718 0.11153436068413462 0.13216049620027787
1 0.9053161941822317 0.15141648252000076 0.09781937056996633 0.17867182028847228
1 0.9346163053978389 0.6789420704759035 0.11707870653952135 0.191608231382639
1 0.8414314022046279 0.34583732332569517 0.11200920456235508 0.18212412860909738
1 0.7498672792003847 0.5505410474901394 0.11513420456235508 0.18219686379145833
1 0.7948017303026986 0.7147133034740631 0.1138263725471326 0.18841049620027786
1 0.7824648508726648 0.8908212085843061 0.11644203657757757 0.175983231382639
1 0.7321571502646426 0.7288654160312505 0.12001270555093821 0.186993466565
1 0.5744614195048333 0.42157698005145877 0.11200920456235508 0.18212412860909738
1 0.8888051038012332 0.5124078806963895 0.11519787155854928 0.18375936379145835
1 0.917910260948777 0.862753372812605 0.11331703657757757 0.17591049620027793
1 0.7032748276037791 0.3839886739150353 0.11526153855474383 0.18532186379145843
1 0.8521088474126237 0.8760515001874312 0.11331703657757757 0.17591049620027804
1 0.5532151833078167 0.09170764209555601 0.10955536661563343 0.16021276101791676
1 0.8553307816346617 0.16976578580663265 0.11676037155854938 0.183795731382639
1 0.7927498685927998 0.1854803983638201 0.11513420456235508 0.18219686379145844
1 0.7526912598858317 0.06434962756225757 0.10850751977166358 0.09618662860909732
1 0.7216707060452298 0.2033387391695145 0.11188187056996632 0.17899912860909734
1 0.9572818952845455 0.3157523926642369 0.08362953657757757 0.1752195119678473
1 0.9464869987828616 0.49589383434361184 0.10702600243427689 0.18375936379145835
1 0.5281554693911026 0.2620558564763546 0.10888420456235508 0.1820513934267362
1 0.7713563241437381 0.36918259792697977 0.11519787155854928 0.18375936379145844
1 0.6407257480600148 0.4004845364722227 0.11200920456235508 0.18212412860909732
1 0.9817314555509382 0.47736269310107726 0.03653708889812357 0.1730751305089584
1 0.6218351211014388 0.5881475374221533 0.11369903855474384 0.18528549620027784
1 0.8698641724334019 0.047564130696389616 0.08035334486680376 0.05650587955902784
1 0.6699264057018499 0.7531737785884381 0.11057403855474383 0.1852127610179167
1 0.8713178093521716 0.6962009992375007 0.12332870653952135 0.1917537017473613
1 0.8169765247517604 0.5310292877064937 0.11200920456235508 0.18212412860909738
1 0.809898923421985 0.05085147843593818 0.10104784684397003 0.06635365824437507
1 0.7183851048269976 0.9080619535503132 0.10824753460041112 0.16642639342673604
1 0.460474584980972 0.018522755602673996 0.07407416996194396 0.01733427678548617
0 0.8168200854752635 0.02915831639184096 0.046140170950527096 0.021367160144236154