1 0.35916767803620003 0.7506262782669884 0.14638281017246654 0.2648547953411587
1 0.5001134700162106 0.0955713653312611 0.12835194003242129 0.14544969810012062
1 0.25382520657224733 0.731077338873295 0.14794531017246645 0.26493668249628843
1 0.24749608560363265 0.9131119108995623 0.12529971463952716 0.14684842378986113
1 0.19451628742738744 0.06007212008095948 0.1265325748547749 0.10638719810012062
1 0.283354117244561 0.2439768085701417 0.1445292117440431 0.2585229081860289
1 0.07825377997928015 0.8769652917231141 0.08184081306795059 0.1508055834462283
1 0.26799890673886306 0.4832097269329359 0.14482031017246647 0.26477290818602894
1 0.19143844499482005 0.22824890999505124 0.1443836625298313 0.2553979081860289
1 0.3364323070675853 0.9302579276908192 0.13289389081820957 0.1394841446183616
1 0.1445701387467858 0.8952483022385636 0.12529971463952716 0.14684842378986113
1 0.3935359842842343 0.08297178878243797 0.13082196856846862 0.13155097241038016
1 0.08676806162020853 0.2063971641789227 0.12883143713693718 0.25614153663473144
1 0.15558675971540048 0.7134593916776855 0.14779976095825478 0.26181168249628844
1 0.08056748903723604 0.6923822518090222 0.10873726095825476 0.25976450361804454
1 0.3849722752262784 0.2672272800760107 0.14438366252983129 0.2553979081860289
1 0.462123665835091 0.9404418331633145 0.14234166542531543 0.11911633367337089
1 0.5419203277457498 0.9450988952957301 0.12493584160399784 0.10980220940853976
1 0.3734869274170275 0.5058836663266293 0.14467476095825474 0.2616479081860289
1 0.17214059718556912 0.466495860470021 0.14191363399378404 0.2692966338757694
1 0.1026733897847523 0.045906721505869 0.10847177956950457 0.08673643939369338
1 0.5824123554577367 0.30641036804479455 0.13984171174404308 0.2582772467206397
1 0.46272932567883523 0.765405830505552 0.14652835938667824 0.2679797953411587
1 0.5556445717498938 0.7858621726582073 0.1418408593866781 0.2677341338757692
1 0.5683649338271684 0.5402564235627185 0.14467476095825482 0.2616479081860289
1 0.30254711124870504 0.07040983378491236 0.12384422249741008 0.11559842378986114
1 0.4863721093866782 0.28579025158187965 0.13976893713693722 0.25671474672063965
1 0.07851687572161643 0.4475610747398008 0.12763281017246647 0.2638721494796016
1 0.4747775996667685 0.5221028878324983 0.13835198635114895 0.2597578595655099
1 0.5927376176588458 0.10977770748391644 0.1258819114963739 0.1593484237898611
1 0.14604240012383451 0.05675236827193717 0.19833480024766903 0.10859150723608924
0 0.0469887016098486 0.6407445087064273 0.03794095574818701 0.07836401741285463
0 0.05753659573782709 0.5158230738352897 0.07068068114108114 0.07852114767057934