1 0.11546805072475808 0.836124528494131 0.16287392126547412 0.11937187697836435
1 0.5639701858726754 0.547533503506503 0.16599892126547414 0.11953565128862387
1 0.8509788567311125 0.8179091220055827 0.15815914772652384 0.11756371551297526
1 0.11283655965650712 0.37177542345117687 0.16599892126547414 0.11953565128862395
1 0.024397396912449614 0.45695268487113766 0.03466710064862312 0.1079696302577247
1 0.2651996749156268 0.45449831298115584 0.1691784683433748 0.12282442559888337
1 0.11382590989809313 0.6524488913390012 0.15813187418757346 0.11600121551297526
1 0.11136733725264722 0.5563960849165662 0.16281937418757347 0.11624687697836436
1 0.11797721630818936 0.979874528494131 0.15208069724005643 0.03763055404758582
1 0.2667973567344078 0.3668345386708963 0.1691511948044245 0.12126192559888356
1 0.871205987414803 0.5431614275235066 0.16292846834337488 0.12249687697836435
1 0.8571355791349724 0.6330427990748042 0.15974892126547396 0.11920810266810485
1 0.7218315044609316 0.45246226368326836 0.16281937418757336 0.1162468769783644
1 0.4123975978026587 0.8236909690194782 0.15963982710967278 0.11295810266810484
1 0.7055436258058359 0.8184933774326497 0.15492505357072234 0.11114994120271575
1 0.5677695215070602 0.3620087613084191 0.17079551542127547 0.12603131275401322
1 0.8764802739426921 0.2629416610151633 0.16290119480442442 0.12093437697836444
1 0.8564418782414679 0.727696879807499 0.1565148271096728 0.11279432835784534
1 0.10567685024158605 0.275187028494131 0.16599892126547414 0.11953565128862395
1 0.7287615685849609 0.35669938433005466 0.16767051542127548 0.1258675384437537
1 0.9695086150556012 0.35876873812981336 0.060982769888797604 0.11125176051544958
1 0.7110748311635673 0.7321873852345657 0.15648755357072233 0.11123182835784533
1 0.9696126651763942 0.6377568752849431 0.06077466964721161 0.10845430913596861
1 0.5632492114402207 0.6406250842391976 0.15966710064862308 0.11452060266810485
1 0.025307106327370692 0.5538686284487024 0.03310460064862312 0.10788774310259512
1 0.40933505316039004 0.7378353561746079 0.16742505357072252 0.11180503844375381
1 0.9703620030428922 0.2775596817073782 0.05927599391421552 0.1108423247398008
1 0.7187395064895264 0.5441141751486576 0.16131142126547413 0.11928998982323477
1 0.8735303721556832 0.45233170963568237 0.16292846834337488 0.12249687697836435
1 0.10974456168510201 0.4634273349165662 0.1660534683433748 0.12266065128862387
1 0.2628171943973874 0.2732073694035909 0.1707409683433748 0.12290631275401323
1 0.03244527069298598 0.7388201605608782 0.021976185875970743 0.09637703301668665
1 0.26456052110002304 0.5522773937138504 0.16440914772652382 0.1178912641334943
1 0.11379072807931216 0.740030778494131 0.15969437418757346 0.11608310266810484
1 0.9664779825468344 0.5495984560176377 0.06704403490633126 0.11338747060135787
1 0.42224674147528807 0.26797987958035624 0.1628466477265238 0.11780937697836444
1 0.4138747284863493 0.5499259203989592 0.16125687418757342 0.11616498982323478
1 0.5739456091700397 0.2678493255327703 0.16147506249917604 0.12866498982323468
1 0.4048050604639907 0.9710982355278215 0.15342500892845373 0.025212441202715753
1 0.11550105275335296 0.9276126656492607 0.15810460064862314 0.11443871551297527
1 0.5739979764577544 0.4500443498430299 0.17082278896022593 0.12759381275401327
1 0.42545929058178367 0.3624292424252265 0.1660534683433747 0.12266065128862405
1 0.7179912585181214 0.6356432558813522 0.16438187418757338 0.11632876413349429
1 0.42391615584090336 0.453218016735486 0.1628466477265238 0.11780937697836436
1 0.4164868542954805 0.9235681382867835 0.1533625535707225 0.11106805404758617
1 0.2654680507247581 0.8282633616016749 0.16281937418757347 0.11624687697836444
1 0.849258443987055 0.8985416463158422 0.15936709172016955 0.09733310266810484
1 0.4147435275928449 0.644498113976524 0.16131142126547413 0.11928998982323477
1 0.021260939933160517 0.2772651848711376 0.034830741882325156 0.11734463025772479
1 0.26477434983125364 0.9229174423343695 0.15969437418757346 0.11608310266810484
1 0.9649621213449044 0.7317934803278973 0.07007575731019103 0.1090275192218769
1 0.874950775971287 0.3545116853254228 0.16292846834337488 0.12249687697836453
1 0.7255353827089902 0.2614687714851844 0.16133869480442442 0.12085248982323468
1 0.027792952511766944 0.6514839348711376 0.025210280031772104 0.10279080732694616
1 0.9594309159871731 0.8907557225259811 0.08113816802565381 0.08320200361804453
1 0.2600151172844193 0.6502611923343695 0.16295574188232517 0.12405937697836436
1 0.9727182999172743 0.45782371381955383 0.05456340016545127 0.11108798620519007
1 0.26536686484878735 0.732868974446545 0.15969437418757346 0.11608310266810484
1 0.5593135081110843 0.8183373264372815 0.15977619480442443 0.12077060266810484
1 0.7063442410649557 0.9091593210102147 0.16265573295387128 0.10687187697836435
1 0.5625964208551417 0.7376229149718923 0.15815914772652384 0.11756371551297526
1 0.25791642369451556 0.9780143781100182 0.1534522824674041 0.02677494120271575
1 0.023760422887031934 0.3756617412935727 0.036229600648623114 0.10805151741285454
1 0.9626416907439393 0.8218010046381566 0.07471661851212126 0.10466756784239592
1 0.5524379910649557 0.9172252057904953 0.15333528003177221 0.10950555404758618
0 0.6112811570554241 0.8836447438955645 0.044268197240056394 0.03198034034363317
0 0.9418532727215808 0.7826499734304923 0.03494774431795733 0.034614017412854636
0 0.6690764715864904 0.6108380076903744 0.05216251785690744 0.03707727611928178
0 0.05771978043221861 0.8876327968114968 0.03963524431795715 0.034859678878243726
0 0.578562340092021 0.7563352934205947 0.030342064934808198 0.03905585594746519