1 0.8577014375953125 0.14051743140501252 0.18808449430041668 0.1668877055509382
1 0.11193238307440953 0.5391500247145794 0.22386476614881906 0.17517504942915885
1 0.2610783978920484 0.23976147285114377 0.23663109707395852 0.17354888243296432
1 0.666857578837847 0.17575064136739396 0.23506859707395833 0.17348521543676995
1 0.6424225829219097 0.0832620524320893 0.22765483415618065 0.12323054745199238
1 0.8781567951185067 0.2695974363479284 0.18350609707395832 0.17138420456235506
1 0.07496297919843747 0.155431599315428 0.14992595839687495 0.17023819863085596
1 0.08771624591593742 0.27241085228117756 0.17543249183187484 0.17919670456235506
1 0.8374266116072568 0.07087609345829102 0.19389677678548622 0.08126854053191016
1 0.6911646349742707 0.3073335638007958 0.23197996466513898 0.17492038144438116
1 0.4411685542365625 0.09539334342110999 0.2332878915268751 0.16404654844057553
1 0.06266300094993053 0.08460976334587286 0.12532600189986107 0.06296952669174571
1 0.09943368949517348 0.40810827174882985 0.19886737899034695 0.18184154349765969
1 0.24040483482177075 0.12005646790822788 0.23034472948277793 0.17173171444818677
1 0.4683648742406943 0.20363426634880347 0.23652199430041687 0.1688613824329643
1 0.4920179669462497 0.32971660528410807 0.23201633225631962 0.17648288144438115
1 0.7250103452710066 0.43226723821136404 0.2352504350298613 0.18129771543676992
1 0.8977763512549302 0.40098935779274714 0.17721972948277767 0.16956703657757752
1 0.28774738782406223 0.37065864577883717 0.23982883225631957 0.17680121642535312
1 0.518650589287083 0.4621762782118015 0.23674019984749997 0.1782363824329643
1 0.3096197749825343 0.5060523177179475 0.24451633225631958 0.17699221741393636