1 0.27953871185714363 0.9511105179517709 0.1346125535707225 0.09777896409645806
1 0.3056248883943282 0.22204453305375024 0.15178423701106122 0.28466855357097237
1 0.3283594103117208 0.48674346589941 0.1516751428552599 0.2784185535709724
1 0.06333878774900042 0.8041439457634375 0.12056151055001155 0.2855037017473613
1 0.16533984416239195 0.9576137846692709 0.13121481818121908 0.08477243066145804
1 0.02715678936726293 0.24987336664124998 0.05431357873452586 0.2778717332825
1 0.08714666031501608 0.96081086664125 0.09670345048646733 0.0783782667175
1 0.04353399147858335 0.5221847777354167 0.0870679829571667 0.27874455547083343
1 0.19364703977430003 0.23428800028434044 0.15819787824476322 0.29418902393569457
1 0.07800622321463878 0.24565929853697926 0.15601244642927756 0.284777656344514
1 0.26768141437220583 0.7838899164125003 0.1614046988616143 0.2989492591180557
1 0.3859250795518953 0.94453451605191 0.13488528896022595 0.11093096789618002
1 0.14079163190480176 0.799694141526875 0.16135015178371356 0.2958242591180557
1 0.22567474107484156 0.5038926386770834 0.15331946347211084 0.28314242116215294
1 0.3697212013038368 0.7589100598392364 0.15356492532266391 0.2972049211621529
1 0.10983155276323883 0.5137014369297224 0.15019446347211085 0.28306968597979176
0 0.2519152816566252 0.11997223356684047 0.04780230032431163 0.054216027735416714
0 0.24454884090939047 0.04945971181534743 0.03174092370110611 0.028852351823611143