0 0.9476919669568258 0.671157277754691 0.036956171939110403 0.026464340912471053
0 0.6843152164625341 0.658085638895936 0.038582338935304605 0.02809050790866543
0 0.6729771043327059 0.9157880509492144 0.04027217292769336 0.031279174904859985
0 0.4642520672608369 0.731793758440138 0.037019838935304604 0.02802684091247105
0 0.24877696448536782 0.630979380455798 0.038582338935304696 0.02809050790866543
0 0.040368898287476175 0.703602502471458 0.02432883794672147 0.02283000494291585
0 0.03909685284983119 0.8829398339923887 0.00739600593149905 0.028379667984777514
0 0.8132373484012069 0.8934249141048071 0.22285917984777584 0.07147704646340927
1 0.8092674314050126 0.891703246614321 0.2165110207602467 0.1070962114824372
1 0.15955795558811925 0.585226528668912 0.22913835475263547 0.1107305474519924
1 0.8124521453217266 0.7210233320895846 0.216574687756441 0.10865871148243719
1 0.591984430910721 0.8805097841433007 0.21807352076024672 0.10715987847863176
1 0.16062966015047425 0.7646593606841345 0.2228883547526354 0.11047587946721489
1 0.16116551243165175 0.8543757766917457 0.22276102076024668 0.10735087946721471
1 0.5905121142185378 0.9524478387067493 0.2165746877564409 0.09510432258650141
1 0.9522886364058876 0.9669022581929922 0.09542272718822495 0.06619548361401542
1 0.16041214285026872 0.6827554446765233 0.22607702174882985 0.11216571345960365
1 0.8098311641048068 0.809831164104807 0.21638368676785796 0.1039712114824372
1 0.9540215855124445 0.8950086132299546 0.09195682897511084 0.09683519072219085
1 0.8062326147128293 0.9588417366913081 0.21175985376405243 0.0823165266173838
1 0.5902057080967582 0.9958231304557981 0.20733233893530462 0.008353739088403955
1 0.38141966262193217 0.7853551571475437 0.22288835475263546 0.11047587946721471
1 0.38107344722234326 0.947791524961725 0.2165110207602467 0.10441695007654986
1 0.5916395796181266 0.7954808681356893 0.21800985376405216 0.10559737847863157
1 0.3824688735728968 0.6005490756266129 0.2228246877564411 0.10891337946721472
1 0.38013834691833215 0.8687579061589605 0.21957235376405224 0.10566104547482595
1 0.38151645760246666 0.989947191463628 0.213646005931499 0.020105617072744053
1 0.1598841967280517 0.9377785257031626 0.2211985207602467 0.10728721247102051
1 0.5942923943331435 0.7074542861204669 0.21969968775644108 0.10878604547482595
1 0.9559249837255587 0.7203587817090237 0.08815003254888261 0.09664418973360736
1 0.38153772634836586 0.6925455746380298 0.22288835475263546 0.11047587946721471
1 0.9561133261209044 0.8061689477166348 0.08777334775819128 0.09664418973360753
1 0.8126020425462576 0.6289949995800705 0.21976335475263548 0.11034854547482595
1 0.9611098908359214 0.6324277001880928 0.07778021832815725 0.1008860207602467
1 0.5920030410633828 0.6129867031166614 0.2243235207602467 0.10741454646340927