1 0.8785693858332071 0.23315960380059772 0.24135222872636924 0.13620728949430205
1 0.6529386476388679 0.062451035770248395 0.2409886143631848 0.07370728949430205
1 0.6612324157892404 0.1144137961093306 0.24450449980360817 0.1410403387085138
1 0.4084841448101974 0.17219194706173463 0.25698631908544906 0.13849753556536065
1 0.8799187832756832 0.13553974110415065 0.23985336123992687 0.14707201488719618
1 0.8840613826117532 0.09509667762191529 0.23158634328594588 0.06858314185166689
1 0.16406652429869267 0.14127147104966795 0.26638859016268784 0.1436216832079958
1 0.6505307442444634 0.20769076116314253 0.24759313836728972 0.1349358879227255
1 0.1747045633299124 0.05893200599585603 0.26309087334017517 0.11378863399378403
1 0.43192671087058443 0.03809092886476957 0.2517715782588311 0.04765421174404304
1 0.41605627117543464 0.079550682793711 0.25226245764913063 0.13202921174404303
0 0.7381989158874364 0.18285988916107057 0.04084316861791084 0.03939213978475227