1 0.19350962226160834 0.17201562695857583 0.21237563103709695 0.11165637749004845
1 0.051338842636437176 0.12462065661607107 0.09804034639736088 0.09763368676785787
1 0.05650972743445783 0.19480582262368226 0.10483591567683306 0.11663835475263547
1 0.3581223885589443 0.031027847566816907 0.19579588479802065 0.06205569513363381
1 0.8765517913036536 0.07144139912733516 0.16380173871722903 0.10499520060802232
1 0.3742595170887589 0.1474427554000264 0.19371655925034234 0.11401737353571577
1 0.7223871285298145 0.09571318175057993 0.1840687746106063 0.10426037155854942
1 0.7079776360516619 0.040989143498753475 0.1855858105039836 0.08197828699750695
1 0.0491709373844454 0.07699624011416825 0.09534124373179384 0.058507519771663484
1 0.8637047988255009 0.02545766745330493 0.16178459765100195 0.05091533490660986
1 0.7114830692794721 0.006080267757316094 0.1792161385589443 0.012160535514632188
1 0.5349038489046434 0.05135428777612537 0.20438127461060632 0.10270857555225074
1 0.5510576978092867 0.12146655133196298 0.20148359514371972 0.1127732085166877
1 0.5382501577592743 0.016676869544202017 0.1827503155185486 0.033353739088404034
1 0.17518786810497322 0.053089213422422545 0.19405152837152997 0.07189354053191015
1 0.3611624720241815 0.07366967437338716 0.21067673871722895 0.10690521049385407
1 0.182043273356965 0.10052262893574218 0.21563702335696502 0.11647121148243725