1 0.02833583600673618 0.4073349975285421 0.03400622136826899 0.26033000494291586
1 0.1428439353593452 0.8745450607606842 0.1458058844101307 0.24772652866891215
1 0.23487226786885923 0.8668824579852151 0.13987421939110262 0.2552843606841346
1 0.37309257908665394 0.36042025787148435 0.1464425543720747 0.26335152866891204
1 0.4416488498840817 0.8521965809894582 0.14194605536065769 0.2678480276803291
1 0.34561876688027604 0.8576746012554132 0.1465062213682689 0.2649140286689119
1 0.13208428262324473 0.14956230680635146 0.13923754942915872 0.2396593606841345
1 0.20301613691876969 0.6420243794300337 0.14513472235685218 0.2695378616727176
1 0.3037509659682426 0.6175735246773983 0.14188238836446346 0.2662855276803288
1 0.10961630539783881 0.6544381492016973 0.14507105536065779 0.26797536167271757
1 0.33428611117842605 0.12044913906871972 0.1441160504177419 0.24089827813743944
1 0.0534618058921304 0.6590739110646954 0.061876553383491406 0.255226010874415
1 0.23866986364988402 0.1342636175670357 0.13942855041774188 0.2443468606841345
1 0.07830400250863898 0.40451640365032154 0.13406988836446337 0.2659671926993569
1 0.1642269150562091 0.3814516353615328 0.14038355536065775 0.26778436068413447
1 0.051838367109925135 0.15830990711036264 0.09972938045579798 0.22713018577927474
1 0.4099691324701453 0.6124629189361797 0.1434448883644634 0.2663491946765232
1 0.2759138315581119 0.3761181951336338 0.14500738836446345 0.2664128616727176
1 0.0875343528498312 0.8807114891255852 0.05642504942915871 0.2362850098858317
1 0.454554709579633 0.9768782460084863 0.11300933596955502 0.017084023725996288