1 0.23969912179491137 0.7887659494586392 0.32692506299888785 0.17641671364440442
1 0.24915117455280425 0.9161538489046434 0.32710707352223156 0.16769230219071324
1 0.04206197799083049 0.8242618655976909 0.08412395598166097 0.13549488229073817
1 0.2389347403942895 0.9700600989046434 0.3068562157285458 0.05987980219071325
1 0.527684240182528 0.76192963097059 0.3271070735222315 0.17954171364440424
1 0.03848507529646611 0.69170777837153 0.07697015059293222 0.13567673871722902
1 0.8122104296027146 0.7138631701626725 0.3051410682605596 0.17734271615168673
1 0.8191374508611634 0.9308377214954561 0.26325740514873247 0.12776861348611987
1 0.5402535876646315 0.8820291823033735 0.3288515840455752 0.18271217775102713
1 0.5362570614268595 0.9532854390337981 0.3077508577936857 0.0934291219324038
1 0.21835401378946412 0.671541345539431 0.31911256299888785 0.17618939311129084
1 0.8105330794897752 0.5948631175762478 0.32232856826055956 0.17784282132453627
1 0.8177562323606076 0.8470621150689652 0.2785785682605598 0.17656982633910098
1 0.5147886690087837 0.6339948475844951 0.3255445735222315 0.1794962495377817
1 0.054388037255225966 0.9351706218658968 0.10877607451045193 0.12965875626820633
0 0.12319489028135004 0.8542425337818063 0.06568518415851471 0.05650606426490725
0 0.3492120877352187 0.950814971561963 0.05411064732681172 0.04525031551854859
0 0.7330858297721237 0.8899877494712747 0.059526189420186525 0.05788670783841639
0 0.711232487551692 0.768052913498755 0.0761522472985769 0.0755288489046432