0 0.61640625 0.3203125 0.02109375 0.02578125
0 0.76875 0.14453125 0.0234375 0.02890625
0 0.54140625 0.6671875 0.01875 0.02421875
0 0.60234375 0.90078125 0.01796875 0.02578125
0 0.76640625 0.4921875 0.01875 0.03046875
0 0.5484375 0.31484375 0.021875 0.0296875
0 0.6078125 0.8484375 0.01875 0.0234375
0 0.90703125 0.67734375 0.01796875 0.02578125
0 0.69296875 0.31953125 0.01875 0.02734375
0 0.9859375 0.50390625 0.028125 0.0390625
0 0.99375 0.2828125 0.0125 0.03515625
1 0.728125 0.79375 0.07890625 0.18671875
1 0.80703125 0.6140625 0.078125 0.1828125
1 0.73125 0.61171875 0.078125 0.18046875
1 0.95078125 0.6171875 0.0796875 0.178125
1 0.88515625 0.44296875 0.07578125 0.18046875
1 0.5015625 0.9390625 0.078125 0.12109375
1 0.8828125 0.61640625 0.07734375 0.18359375
1 0.584375 0.79140625 0.07890625 0.18359375
1 0.95234375 0.44296875 0.078125 0.18203125
1 0.9546875 0.265625 0.075 0.175
1 0.66015625 0.78828125 0.07890625 0.18359375
1 0.99375 0.265625 0.0125 0.171875
1 0.653125 0.93515625 0.08125 0.1296875
1 0.8109375 0.43984375 0.07734375 0.18125
1 0.8796875 0.7984375 0.0796875 0.178125
1 0.66328125 0.60859375 0.07890625 0.175
1 0.95703125 0.09453125 0.07578125 0.18203125
1 0.578125 0.9390625 0.08125 0.12109375
1 0.88984375 0.26328125 0.07578125 0.17578125
1 0.9453125 0.94296875 0.078125 0.1140625
1 0.5328125 0.09296875 0.0828125 0.178125
1 0.94921875 0.79765625 0.0796875 0.18046875
1 0.50859375 0.790625 0.0765625 0.18359375
1 0.99375 0.44375 0.0125 0.18359375
1 0.9953125 0.09375 0.009375 0.1875
1 0.5875 0.60859375 0.07734375 0.18046875
1 0.9921875 0.61875 0.015625 0.18359375
1 0.80390625 0.7953125 0.08125 0.18125
1 0.875 0.94296875 0.08125 0.1140625
1 0.728125 0.94296875 0.08125 0.1140625
1 0.8 0.94140625 0.08125 0.1171875
1 0.9921875 0.7984375 0.015625 0.17578125
1 0.88984375 0.09296875 0.0765625 0.178125
1 0.51953125 0.43828125 0.0765625 0.184375
1 0.5984375 0.0875 0.07734375 0.16796875
1 0.59609375 0.2515625 0.07734375 0.18203125
1 0.73515625 0.43671875 0.07578125 0.18046875
1 0.52578125 0.25859375 0.08203125 0.1734375
1 0.9890625 0.9453125 0.021875 0.109375
1 0.58671875 0.4328125 0.07734375 0.1859375
1 0.51171875 0.61015625 0.07578125 0.17421875
1 0.8171875 0.26015625 0.0796875 0.1765625
1 0.66875 0.25546875 0.07578125 0.1765625
1 0.67421875 0.08359375 0.0796875 0.1671875
1 0.7453125 0.25703125 0.07890625 0.17578125
1 0.8203125 0.08515625 0.078125 0.1703125
1 0.66640625 0.43515625 0.07734375 0.18203125
1 0.73984375 0.084375 0.0734375 0.16875
0 0.8296875 0.85390625 0.03046875 0.03125