1 0.7029975294921571 0.9772939679429283 0.2178239974927175 0.025666021914097215
1 0.9059499266952414 0.8446921534151572 0.18810014660951707 0.10028419236879245
1 0.29514191389446637 0.9023402013005416 0.21688127461060622 0.10061147483619663
1 0.49810544101235515 0.9738355515454229 0.21823317445232174 0.03972852191409722
1 0.7092869819202974 0.9248138502481765 0.21540970282385158 0.10370920129724617
1 0.10712142517723748 0.807134615666157 0.16986988229073816 0.09510576866768625
1 0.3005448162434643 0.8193913336057899 0.2168358105039836 0.09904897483619664
1 0.5087868767474478 0.9111173632338201 0.2215233105039836 0.09913079545304768
1 0.5096386714163138 0.8329378161559194 0.220051738717229 0.10222852191409722
1 0.9050143897460785 0.9792171578793841 0.18997122050784299 0.014292145290891867
1 0.11207936130804164 0.8969374553577314 0.1747847028238516 0.10300008928453722
1 0.29082413842593036 0.9688555454563428 0.21211956677218974 0.0443069277582957
1 0.904822341547398 0.9299302240320083 0.19035531690520385 0.10340919236879245
1 0.7114057598961159 0.8364507796313255 0.2137562746106063 0.10055692775829579
1 0.10921042557294888 0.9595192759745824 0.16377299498543504 0.046586448050835116
0 0.9882683332008744 0.88783245292869 0.023463333598251167 0.039580697240056396
0 0.9844518371596539 0.9692188206234416 0.03109632568069216 0.028725017856907443