0 0.4599008308004029 0.9773287443212524 0.01742385733609062 0.020612508928453722
0 0.4591104901336302 0.9765611310907276 0.02692612667090888 0.03171365016215581
1 0.8539224561186763 0.8594910389668164 0.10054653469127146 0.18296823295387138
1 0.5605997174569943 0.9013372142894802 0.09894767202418073 0.17981595941492118
1 0.177278687460176 0.9314703681017888 0.09996473201781733 0.13296823295387128
1 0.25220596212599417 0.9239112382321725 0.10323518268618095 0.14552278003177221
1 0.1085741407940396 0.9365766538156037 0.10299882535009015 0.1252102800317722
1 0.40210596479149424 0.9126992284929397 0.10031017735518084 0.16265573295387128
1 0.7033593821212217 0.8808729354755244 0.10054653469127164 0.18296823295387138
1 0.7798127941199491 0.8701615320669575 0.10054653469127146 0.18296823295387138
1 0.634700288788949 0.8898854711893392 0.103689716024817 0.18458528003177213
1 0.33027641812535785 0.9178600612846555 0.10334427068745358 0.1548977800317722
1 0.4817298301240852 0.9058395280064726 0.10043744668999892 0.17359323295387127