1 0.345691953300045 0.6875685892878327 0.1969369549975256 0.09397964529089187
1 0.15675560605900696 0.6783550507313486 0.1938119549975256 0.09392509821299111
1 0.7210482366554161 0.9265536282513537 0.19060506784239592 0.09230805113509036
1 0.52613852837853 0.9674900941590966 0.19003850180902226 0.05171032467404082
1 0.15768402023792966 0.7557533478092493 0.19529256784239585 0.0923898717519414
1 0.531371582991943 0.9181349764643449 0.19373006784239594 0.09236259821299128
1 0.16628549355282096 0.9049584610397741 0.19521068068726613 0.0908273717519414
1 0.1607194097679086 0.6047811830365969 0.19389384215265534 0.09548759821299128
1 0.7155230964480686 0.6271576002481766 0.20326884215265545 0.09565123944669303
1 0.5345873569635181 0.6960008778443167 0.19529256784239593 0.0923898717519414
1 0.7164105670494264 0.7037746473260773 0.193648180687266 0.0908000982129911
1 0.3426245070089466 0.6141174525183575 0.1969369549975256 0.09397964529089187
1 0.5323421042499847 0.6233173543053663 0.19381195499752552 0.09392509821299129
1 0.9932032818850332 0.8668477970844913 0.013593436229933786 0.08028751785690744
1 0.1588050277011615 0.5234902727281714 0.1892882293077851 0.09696827759614024
1 0.9049895516727368 0.6363575020351855 0.19002089665452643 0.09074555113509035
1 0.1593527408392875 0.8323567581176748 0.19364818068726608 0.09080009821299129
1 0.9936885425140538 0.5719892646170872 0.012622914971892385 0.08036933847375849
1 0.5296464721832376 0.5420400807664161 0.19413950361804452 0.10017509821299111
1 0.9928989874483853 0.6439597220034134 0.014202025103229233 0.07568183847375849
1 0.5260998275648759 0.7727815661559194 0.19915455223856354 0.10650691882984198
1 0.34420245363872926 0.9128004143689106 0.1922494549975256 0.09389782467404081
1 0.7148701577317437 0.9727973827155807 0.18757524310259494 0.034495551135090355
1 0.716623008252142 0.8570360150208289 0.18748006784239593 0.09225350405718977
1 0.9977513410210015 0.9770722309318671 0.004497317957996927 0.012909103084255236
1 0.9006516909755732 0.5637148888046607 0.19381195499752552 0.09392509821299129
1 0.34744256105653254 0.7657344995962582 0.19537445499752568 0.0939523717519414
1 0.9923772266500226 0.7135727926202644 0.015245546699954815 0.07568183847375849
1 0.7226119001569702 0.5535291854755242 0.200225729307785 0.09715919236879245
1 0.16656213251697302 0.9549993713481996 0.19308161465389256 0.0502023717519414
1 0.9904606018193647 0.9388455280097677 0.019078796361270633 0.07568183847375849
1 0.9011352063522626 0.9758018315804902 0.18379514586155707 0.021941004057189774
1 0.9005686403188891 0.9351495580415399 0.18904256784239593 0.09228077759614024
1 0.5253838545886689 0.8486446367727705 0.1969369549975255 0.09397964529089187
1 0.3439579556748941 0.5351157451320313 0.19701884215265544 0.09554214529089186
1 0.9012768899802047 0.7099313697299372 0.19381195499752552 0.09392509821299111
1 0.8984052747604855 0.8640285345025894 0.19413950361804452 0.10017509821299128
1 0.3501525604907057 0.9666521172910099 0.188230340343633 0.04699555113509035
1 0.715776481228349 0.7812002179429284 0.1875619549975255 0.09381600405718978
1 0.053180226705793296 0.6715613543020711 0.0401956320667471 0.0818772913958579
1 0.3490293945027606 0.8407754099046837 0.1905231806872661 0.09074555113509035
1 0.9916695587394837 0.7910120000065906 0.016660882521032504 0.07568183847375849
1 0.7162556795556123 0.4770075957839497 0.20310506784239593 0.09252623944669303
1 0.9007246913142574 0.7889194403467882 0.19373006784239594 0.09236259821299111
1 0.5343915258921392 0.46845257630218917 0.1873162935321364 0.08912850405718978
1 0.04828028550307762 0.5183818072241705 0.04710072930778512 0.09448638555165907
1 0.1517903878324983 0.44932606980607215 0.1905231806872661 0.09074555113509035
1 0.05394486657445652 0.7458346513799718 0.033863744911617345 0.0802056972400564
1 0.05916239031888913 0.9498363587662979 0.020551517412854547 0.034702282467404186
1 0.9967399604245927 0.49063017046128576 0.006520079150814695 0.07242047077900686
1 0.05929850915665319 0.8927505616883973 0.029176244911617345 0.08012387662320535
1 0.9034436618040736 0.4877836343404338 0.19311267639185276 0.09085464529089186
1 0.3485801786511012 0.4591844906678045 0.19677318068726607 0.09085464529089186
1 0.04933153041469497 0.598123854302071 0.0401956320667471 0.0818772913958579
1 0.0559001922187685 0.8279068116883973 0.029421906377006608 0.08481137662320534
1 0.04434970205684953 0.4433818072241705 0.0467731806872661 0.08823638555165911
0 0.6018999304601235 0.5032445876662749 0.03593085594746537 0.03028751785690744
0 0.2287966231331772 0.48629818993645585 0.034532130257724794 0.033385244317957155
0 0.7821108101520213 0.7339064322291133 0.03757524310259512 0.03187729139585791
0 0.9678978239468314 0.6681063340161222 0.030915807326946522 0.023955697240056396
0 0.28282454036431764 0.8606981720795484 0.033133404567984304 0.03648297077900686
0 0.037929283694055314 0.4700806749189221 0.028282130257724792 0.033276150162155814