1 0.89765625 0.91484375 0.07578125 0.16953125
1 0.69609375 0.39375 0.07109375 0.16875
1 0.8328125 0.91484375 0.06875 0.1703125
1 0.89765625 0.740625 0.07109375 0.1703125
1 0.9609375 0.9125 0.078125 0.16796875
1 0.69609375 0.22578125 0.07734375 0.1734375
1 0.63046875 0.3890625 0.07109375 0.175
1 0.75859375 0.90625 0.071875 0.171875
1 0.90234375 0.39375 0.07109375 0.16875
1 0.7671875 0.0703125 0.065625 0.140625
1 0.89921875 0.56796875 0.071875 0.17265625
1 0.96875 0.39453125 0.0625 0.171875
1 0.621875 0.7390625 0.0703125 0.17578125
1 0.6875 0.73671875 0.071875 0.17109375
1 0.971875 0.07421875 0.05625 0.1484375
1 0.8359375 0.5671875 0.0703125 0.16875
1 0.9671875 0.56640625 0.065625 0.171875
1 0.68984375 0.5640625 0.071875 0.175
1 0.76171875 0.3921875 0.071875 0.1703125
1 0.6859375 0.91484375 0.0703125 0.1703125
1 0.7015625 0.0703125 0.071875 0.140625
1 0.846875 0.071875 0.075 0.14375
1 0.6265625 0.221875 0.07109375 0.16484375
1 0.83046875 0.7390625 0.07265625 0.171875
1 0.965625 0.7421875 0.06875 0.171875
1 0.7609375 0.565625 0.0828125 0.17421875
1 0.771875 0.22421875 0.06953125 0.17265625
1 0.9703125 0.228125 0.059375 0.16796875
1 0.6265625 0.56328125 0.07109375 0.17421875
1 0.75859375 0.7375 0.0703125 0.16875
1 0.9078125 0.22734375 0.0703125 0.171875
1 0.8375 0.39375 0.07265625 0.1703125
1 0.628125 0.0703125 0.06875 0.140625
1 0.61875 0.90859375 0.07265625 0.1703125
1 0.8421875 0.21953125 0.0734375 0.17421875
1 0.996875 0.740625 0.00625 0.16796875
1 0.9109375 0.07421875 0.078125 0.1484375
0 0.65703125 0.15234375 0.02265625 0.03203125
0 0.71015625 0.671875 0.0265625 0.03515625
0 0.70703125 0.846875 0.02578125 0.034375
0 0.9296875 0.00625 0.028125 0.01171875
0 0.7984375 0.00390625 0.021875 0.0078125