1 0.5145917406084598 0.032985161126704986 0.15519151878308043 0.06597032225340997
1 0.36719956810069593 0.8414140575540889 0.1935722223568522 0.27364329715018093
1 0.19532054540046392 0.5635357982818348 0.20776205634924097 0.27750528154634874
1 0.33955063684440756 0.12948888653353202 0.20906988836446336 0.25897777306706404
1 0.12700033243515194 0.7861787601767652 0.21257689034162972 0.280875943011738
1 0.5043029090503479 0.40389969018666283 0.19637888737588013 0.2659945714604405
1 0.32407028650321534 0.5988857208285004 0.20132105536065775 0.27249023292582975
1 0.014282745514194667 0.8725810068974049 0.028565491028389334 0.08608798620519025
1 0.5675217865403963 0.19165863975712155 0.1933812213682689 0.2689557971501809
1 0.1419222672630245 0.3051744216421546 0.21088705634924093 0.2776690558566083
1 0.24591215851887532 0.8142484492317743 0.20262888737588022 0.26632212008095946
1 0.43754519608503595 0.6264607649264636 0.19038355536065782 0.2719170228399214
1 0.0878807074909235 0.5324639399595202 0.175761414981847 0.27882212008095947
1 0.4627361274528674 0.16128946630594468 0.21088705634924096 0.2776690558566083
1 0.12336456273785053 0.09618228120766446 0.15014587452429895 0.19236456241532893
1 0.27070384186387314 0.3397430941888203 0.20932455634924096 0.2775871687014785
1 0.053800184753510484 0.7480822959069855 0.10760036950702097 0.27258540818602894
1 0.6361974851712524 0.052077658865427104 0.1598445266917457 0.10415531773085421
1 0.20606697479112907 0.11658331241532893 0.2066160504177419 0.23316662483065786
1 0.3847596605704037 0.020840365219719444 0.15860567885919252 0.04168073043943889
1 0.39570650045711053 0.3713914846233104 0.20750738836446345 0.27125528154634876
1 0.05970727519028043 0.2768657151742909 0.11941455038056085 0.25441526232447187
1 0.029110543954770217 0.4957319018544508 0.058221087909540434 0.2522861962910984
0 0.31709206912646015 0.44489426164710333 0.060359179847775654 0.0655298247398008
0 0.3423320800380561 0.007395340909459936 0.05908583992388783 0.014790681818919873
0 0.3300549841454882 0.45201072082850047 0.06686384783255317 0.07210737336031983
0 0.39875719908796653 0.2199927589335699 0.05723417984777566 0.06536605042954131