1 0.765625 0.9140625 0.06875 0.171875
1 0.9703125 0.39453125 0.059375 0.171875
1 0.9703125 0.9078125 0.059375 0.17578125
1 0.6984375 0.915625 0.078125 0.16875
1 0.84375 0.91328125 0.07421875 0.17265625
1 0.9046875 0.071875 0.071875 0.14375
1 0.9703125 0.22265625 0.059375 0.171875
1 0.9734375 0.73046875 0.053125 0.171875
1 0.771875 0.56640625 0.0703125 0.1546875
1 0.9078125 0.56328125 0.06953125 0.15703125
1 0.625 0.4046875 0.07265625 0.18203125
1 0.76328125 0.40078125 0.06796875 0.18203125
1 0.6984375 0.4046875 0.0734375 0.17578125
1 0.69375 0.571875 0.07578125 0.1609375
1 0.9703125 0.5640625 0.059375 0.16015625
1 0.759375 0.07421875 0.075 0.1484375
1 0.84140625 0.40078125 0.07265625 0.18515625
1 0.69609375 0.7328125 0.0734375 0.18046875
1 0.628125 0.0703125 0.06875 0.140625
1 0.62890625 0.22734375 0.06875 0.171875
1 0.84140625 0.734375 0.07265625 0.17421875
1 0.7640625 0.7390625 0.07109375 0.18046875
1 0.6296875 0.57109375 0.06953125 0.159375
1 0.6953125 0.0765625 0.078125 0.15234375
1 0.84375 0.56875 0.075 0.15703125
1 0.909375 0.91171875 0.08125 0.1765625
1 0.8390625 0.0765625 0.071875 0.15234375
1 0.69609375 0.22734375 0.075 0.17421875
1 0.9078125 0.22578125 0.07109375 0.17265625
1 0.6265625 0.91171875 0.07265625 0.16875
1 0.90625 0.40234375 0.071875 0.1765625
1 0.76953125 0.22734375 0.07109375 0.1734375
1 0.62578125 0.73984375 0.071875 0.178125
1 0.96875 0.071875 0.0625 0.14375
1 0.84140625 0.22421875 0.07421875 0.171875
1 0.9078125 0.7328125 0.0734375 0.17109375
0 0.65390625 0.11484375 0.025 0.0390625
0 0.865625 0.2875 0.025 0.034375
0 0.92734375 0.1125 0.0234375 0.03515625
0 0.78671875 0.16015625 0.0265625 0.03515625
0 0.86484375 0.8484375 0.028125 0.03515625
0 0.73125 0.7921875 0.02734375 0.0359375
0 0.996875 0.2875 0.00625 0.03515625
0 0.71484375 0.115625 0.03046875 0.040625
0 0.78671875 0.978125 0.0421875 0.03984375
0 0.73203125 0.11484375 0.0265625 0.040625
0 0.71640625 0.79375 0.03671875 0.040625
0 0.659375 0.28984375 0.015625 0.034375
0 0.86484375 0.11796875 0.0265625 0.03671875
0 0.65625 0.625 0.02578125 0.028125
0 0.8640625 0.6234375 0.0171875 0.028125
0 0.9984375 0.453125 0.003125 0.03125