1 0.5796065274470931 0.6985668485505031 0.2911371285298145 0.12667262607064966
1 0.09528901491068079 0.8051056565176623 0.14729620031656912 0.12271131303532465
1 0.8570793434278599 0.9314212969280558 0.28584131314428013 0.12982489714788842
1 0.861350997459464 0.5815122005188519 0.27729800508107194 0.13135103571156997
1 0.0896370938235714 0.5840164516972022 0.14899509263643715 0.12740790339440444
1 0.5916398630239013 0.5752202521412993 0.2927905567430599 0.12980671642972935
1 0.5845681267474478 0.9227765081914235 0.28649509263643724 0.12820785499341092
1 0.8609884588609485 0.4737178812370111 0.27802308227810285 0.12667262607064966
1 0.3005184210206024 0.6906942194547915 0.2895746285298145 0.12666353571156996
1 0.0916278396669363 0.4645170179539809 0.15979620031656913 0.1227840359079618
1 0.09020304664742299 0.6840028161585827 0.14403480799670107 0.11800563231716552
1 0.0941477152272499 0.9269533854404235 0.13792120031656913 0.12265677088084707
1 0.2972045190673159 0.9257913821207738 0.28962009263643723 0.12822603571156996
1 0.304886357613625 0.4649766019683487 0.2942621285298145 0.1266908067888089
1 0.30278195150370335 0.58056978571157 0.29122805674305996 0.12979762607064965
1 0.5862095316037281 0.8181162792686625 0.28654055674305995 0.12977035499341066
1 0.8612391687776826 0.7064940198006926 0.2775216624446347 0.12823512607064966
1 0.29466688928386015 0.8117334273003138 0.2896200926364371 0.12822603571157024
1 0.5940397858268703 0.469783318398078 0.2880121285298145 0.12665444535249043
1 0.8589696266160992 0.821305953543914 0.28206074676780163 0.1329498971478884