1 0.4 0.9625 0.0875 0.07421875
1 0.1390625 0.584375 0.09375 0.22578125
1 0.05234375 0.5796875 0.096875 0.225
1 0.046875 0.95703125 0.09375 0.0859375
1 0.1421875 0.125 0.090625 0.21640625
1 0.05859375 0.12109375 0.09296875 0.2171875
1 0.40390625 0.81484375 0.090625 0.22421875
1 0.0484375 0.78828125 0.09453125 0.22578125
1 0.13125 0.95859375 0.09375 0.0828125
1 0.5 0.96484375 0.09375 0.0703125
1 0.50390625 0.81875 0.09296875 0.2234375
1 0.1359375 0.8046875 0.09296875 0.2265625
1 0.22421875 0.5859375 0.09375 0.22578125
1 0.40546875 0.59375 0.0890625 0.22421875
1 0.13984375 0.35859375 0.09296875 0.221875
1 0.0015625 0.115625 0.003125 0.21484375
1 0.05546875 0.34140625 0.0953125 0.221875
1 0.40625 0.37109375 0.0890625 0.2203125
1 0.50546875 0.59609375 0.09296875 0.225
1 0.22578125 0.36171875 0.0921875 0.2203125
1 0.3171875 0.9609375 0.090625 0.078125
1 0.5078125 0.37109375 0.0953125 0.22109375
1 0.228125 0.14140625 0.090625 0.21875
1 0.2203125 0.8078125 0.09609375 0.225
1 0.4078125 0.1390625 0.08828125 0.2140625
1 0.2171875 0.9609375 0.096875 0.078125
1 0.509375 0.1390625 0.09296875 0.21328125
1 0.32578125 0.13828125 0.0921875 0.2171875
1 0.3203125 0.8109375 0.0921875 0.22421875
1 0.321875 0.58828125 0.09296875 0.225
1 0.3234375 0.365625 0.09296875 0.21953125
1 0.4125 0.01953125 0.09140625 0.03828125
1 0.50078125 0.02109375 0.09140625 0.0421875
1 0.32265625 0.0171875 0.09609375 0.03359375
1 0.23125 0.0140625 0.09296875 0.028125
1 0.05625 0.0109375 0.09453125 0.02109375
1 0.1421875 0.0125 0.08984375 0.025
0 0.5390625 0.215625 0.028125 0.04375