1 0.6274602866406831 0.21706404946633978 0.2579772266868172 0.15887888737588016
1 0.18559150732018243 0.10448320604522979 0.23601132001909003 0.1501750494291587
1 0.8659228026336834 0.27836759988408166 0.25170904535327165 0.15706171939110264
1 0.20578637599459118 0.04824779349765968 0.23530224801081764 0.08923754942915872
1 0.8483165846196841 0.3808240964240406 0.2579772266868172 0.15887888737588024
1 0.6441125319860006 0.1294194694282837 0.2485658640197263 0.15537188539871383
1 0.8734000426480009 0.17315351786885924 0.2517817706874535 0.16331171939110262
1 0.8802045733211369 0.1257519358536368 0.23849997334499945 0.09561488342154752
1 0.9705728452816842 0.4201969556253003 0.0512908746817267 0.11297484387822046
1 0.3831284839672288 0.2571319980600147 0.2501647266868172 0.15856055239490824
1 0.9842455412953655 0.3199250415948554 0.026272693348181164 0.11039367193911023
1 0.6721471726607275 0.07115864186168555 0.23848179201145392 0.09405238342154751
1 0.6082279339592747 0.32492562901010424 0.2627919960216353 0.17000738836446344
1 0.4396528459977729 0.034328509428721204 0.24256930800445428 0.04268088441013068
1 0.4036960699793191 0.1688653355124446 0.25487040802036276 0.16031405338349142
1 0.4258534279917276 0.07831858996106889 0.25454314401654476 0.13218905338349143
1 0.15939153930618305 0.20658953410611952 0.2313056386855446 0.14842154844057553
0 0.5505892513128645 0.1732875331547174 0.05841248400699968 0.05391817885919248
0 0.7988727573201825 0.12947250205152844 0.05835794000636341 0.04923067885919248
0 0.10726705999363666 0.05126802273741301 0.039462489337999784 0.03596667490485979