1 0.035662990260767365 0.43002330732813665 0.07132598052153473 0.26182838534372677
1 0.14526013271228538 0.18030402331318277 0.15153877516050812 0.2688965453532718
1 0.38436531737044016 0.04343982264481919 0.12814436525911965 0.08687964528963837
1 0.2512646708617323 0.1931301926320925 0.14687854869945846 0.27040450135263544
1 0.16504338393339665 0.702623918642592 0.15172968993316052 0.27983404535327167
1 0.34709932224170414 0.20685579061904766 0.15321036931630944 0.27516472668681724
1 0.2094281781686283 0.44200404463718324 0.1500853693163095 0.2751283640197263
1 0.2617138323912691 0.7132154259627744 0.15005809577735915 0.2735658640197263
1 0.06708167552947775 0.6858824086569095 0.1341633510589555 0.27667268268618095
1 0.17589429829571665 0.037626721992363985 0.12946140340856668 0.07525344398472797
1 0.0461293372592378 0.8736005846594548 0.0922586745184756 0.14654883068109043
1 0.013963493914215332 0.6779068239974546 0.027926987828430665 0.2598113520050907
1 0.28448804829571667 0.03699037531827342 0.1278989034085667 0.07398075063654684
1 0.230370554795129 0.8979176899665925 0.12918075973923263 0.15147268801718106
1 0.06806638717651227 0.17261024932368227 0.0983319545436571 0.2635908800127267
1 0.1359756724898807 0.8912051606460919 0.12742734496658023 0.1405170066836355
1 0.10175204586337998 0.43544605665181885 0.1484683222384088 0.27198518268618094
1 0.4515140868522007 0.22126264127150286 0.1516751428552599 0.27670904535327184
1 0.4865590629062133 0.05141540730427406 0.12063187418757337 0.10283081460854812
1 0.09569828368522007 0.02231080466263655 0.07422843262955987 0.0446216093252731
1 0.3377739517108739 0.9201006779519567 0.1273182508107789 0.1342670066836355
1 0.36607404992386505 0.7307472766152296 0.14997627516050818 0.2688783640197265
1 0.2935713530875504 0.4543035026257291 0.1265115016215578 0.2670431440165447
1 0.4040042926169691 0.48191887794400257 0.15488196347211095 0.28143290802036275
0 0.3183438875868446 0.8250336259548202 0.039826159090609534 0.044204533338636054
0 0.010850356333961265 0.8435409146642275 0.02170071266792253 0.05666817067154497
0 0.29948043385067113 0.47376202729154737 0.09159103084255102 0.23539315467854482
0 0.4274647065755473 0.1223438832750027 0.03373980032431163 0.05350680800445434
0 0.4451391761367381 0.049496729272775514 0.049337526785361165 0.05212612133990878
0 0.32845050811767484 0.11177964795513842 0.05421594155801355 0.06311816534054512