1 0.8484375 0.8953125 0.0984375 0.209375
1 0.74453125 0.89296875 0.09921875 0.21328125
1 0.9328125 0.89609375 0.096875 0.2078125
1 0.65625 0.8921875 0.09765625 0.215625
1 0.86328125 0.20078125 0.09140625 0.2296875
1 0.94765625 0.2046875 0.0953125 0.23046875
1 0.9546875 0.0453125 0.090625 0.08984375
1 0.996875 0.68125 0.00625 0.23046875
1 0.85703125 0.43203125 0.09375 0.23125
1 0.94453125 0.43515625 0.096875 0.22890625
1 0.74765625 0.675 0.09609375 0.2296875
1 0.66171875 0.6703125 0.09375 0.23046875
1 0.75625 0.4296875 0.09140625 0.23125
1 0.93984375 0.68125 0.09453125 0.23046875
1 0.5703125 0.890625 0.09375 0.21875
1 0.5921875 0.0390625 0.096875 0.078125
1 0.4890625 0.03515625 0.096875 0.0703125
1 0.8515625 0.678125 0.096875 0.2296875
1 0.9984375 0.4359375 0.003125 0.23046875
1 0.9953125 0.89609375 0.009375 0.2078125
1 0.4640625 0.8828125 0.0984375 0.22265625
1 0.47890625 0.421875 0.0984375 0.2359375
1 0.4015625 0.0328125 0.096875 0.065625
1 0.38828125 0.41875 0.0953125 0.23515625
1 0.39609375 0.1859375 0.09375 0.234375
1 0.484375 0.18671875 0.096875 0.2328125
1 0.575 0.66796875 0.09375 0.23125
1 0.6796875 0.0390625 0.096875 0.078125
1 0.66953125 0.42734375 0.09453125 0.2328125
1 0.58828125 0.190625 0.096875 0.23046875
1 0.7625 0.196875 0.09453125 0.2296875
1 0.86875 0.04296875 0.09375 0.0859375
1 0.47265625 0.66484375 0.0984375 0.23046875
1 0.58125 0.42421875 0.1 0.234375
1 0.675 0.19375 0.09921875 0.2296875
1 0.765625 0.040625 0.1 0.08125
1 0.38046875 0.875 0.09765625 0.22734375
1 0.384375 0.6625 0.096875 0.22578125
0 0.51484375 0.5109375 0.02890625 0.0390625
0 0.41875 0.56953125 0.02734375 0.034375
0 0.5578125 0.1640625 0.03984375 0.03671875
0 0.59765625 0.74375 0.02890625 0.0421875
0 0.41328125 0.96796875 0.0265625 0.03671875
0 0.4234375 0.26796875 0.0328125 0.0421875
0 0.7953125 0.35078125 0.0328125 0.03984375