1 0.3338654190106943 0.23748515322420644 0.2194772287263694 0.13518844499482
1 0.7718562984009937 0.1734870432138465 0.2100931383672897 0.13318929735218488
1 0.13286600039278346 0.2656336162111037 0.19913745764913057 0.12955487510244393
1 0.1512710876286051 0.1914705241928211 0.2038522287263694 0.1344606989237615
1 0.3561949369646752 0.1603789977236884 0.22105790944452863 0.13838621960192593
1 0.9278608587058439 0.22295200392443223 0.1429147287263696 0.13162248924663303
1 0.5383256600337039 0.2860811267550737 0.21635222872636942 0.13504289578060824
1 0.9196256570086417 0.2952443808889029 0.1585306383672897 0.13078773531769167
1 0.16658299112120542 0.11169313296032675 0.19913745764913057 0.12955487510244387
1 0.5520614279876848 0.2085747109154735 0.2194772287263694 0.13518844499482005
1 0.7495313256265526 0.2498119487143645 0.2132363190854491 0.1364598465663966
1 0.731076241415793 0.3325687907326471 0.21008404800821018 0.13162679735218488
1 0.691867774789672 0.4901608128585536 0.2132181383672897 0.1333348465663967
1 0.7110722927436529 0.4129091081438239 0.21009313836728988 0.1331892973521848
1 0.38738637051150476 0.03757935256225263 0.20960225897699045 0.0488142973521849
1 0.11754500654110353 0.3469735074435981 0.2038340480082102 0.1313356989237615
1 0.18334376512531053 0.051519766334938245 0.19893746974937895 0.09517987510244388
1 0.7839522983027978 0.10918910276714042 0.20362496974937905 0.09539819892376143
1 0.4999029885871226 0.44292828618453317 0.21634313836728988 0.13348039578060825
1 0.2993535427436529 0.3937329991714305 0.2194681383672898 0.13362594499482006
1 0.32637965105671335 0.31528266749223005 0.21789654800821018 0.1319906703877142
1 0.8846410820694602 0.5327422268361269 0.21161927693097127 0.12701207195929065
1 0.8983404885871227 0.4614858109965268 0.19915563836728972 0.13267987510244392
1 0.9368409489667278 0.15694601426351446 0.12549996974937905 0.09175946856846862
1 0.907447843875121 0.373604821335609 0.1819772287263696 0.13344185442427942
1 0.5697443525575239 0.12421898159363795 0.2179147287263694 0.1351156703877142
1 0.5779022862025494 0.06520785462916724 0.20982042759490122 0.0863142973521849
1 0.5167546661820239 0.36712991955914465 0.21478972872636942 0.13497012117350254
1 0.377011951893594 0.07460631761606457 0.21785109621281204 0.12417817038771417
0 0.5494182170189045 0.1256166617012618 0.0392443071815924 0.03306936517764645