1 0.3625370730665237 0.9689335550331423 0.10245536660488845 0.06213288993371542
1 0.07628715917100912 0.324149317330528 0.1317311827542901 0.24181053248413759
1 0.4490921319595311 0.9731275090704926 0.10865080290255769 0.05374498185901473
1 0.08644828822013335 0.9291468413771451 0.10886905771188107 0.07871033175849824
1 0.17604162251052027 0.33467264427970267 0.12838792794496667 0.23545140507947587
1 0.11021575898567466 0.11413940027015246 0.12956848202865068 0.22456846878180675
1 0.321135834584087 0.592390918959292 0.1316220553496283 0.23868553248413757
1 0.3817807349390575 0.15491076632688683 0.1282242368379741 0.23076390507947592
1 0.5598958112552601 0.1838145602437698 0.12827880054030488 0.2323264050794759
1 0.18525781045265194 0.9443303864751543 0.10418155771188112 0.07854664065150559
1 0.5015673790491242 0.6221578084296713 0.12526292794496677 0.23534227767481414
1 0.05612844315275918 0.5491939573490614 0.11225688630551836 0.2339434687818068
1 0.35167653957089573 0.36740084264308936 0.12660717313564315 0.22914684137714508
1 0.44959568439875264 0.38568210588993335 0.1282788005403049 0.23232640507947586
1 0.10962787179273008 0.7805555739539499 0.1317311827542901 0.24181053248413759
1 0.14145825826788444 0.5634325613400781 0.12995042794496667 0.23550596878180663
1 0.03638884546867827 0.7649454429210911 0.07277769093735655 0.23926588584218217
1 0.0253868911996598 0.31518105589778256 0.0507737823993196 0.22680060217691828
1 0.41671122941194394 0.6105903366526396 0.12989586424263583 0.2339434687818068
1 0.3762598110856241 0.8281944989036916 0.12704368275429 0.2416468413771451
1 0.020577817793864084 0.9160987151536097 0.04115563558772817 0.07282243030721958
1 0.5394022288637897 0.412284300625123 0.13151292794496677 0.23556053248413772
1 0.05728173194383266 0.10681548439090338 0.06356153611233469 0.2113392932839108
1 0.2035862029182561 0.8002629279449666 0.1334028101589518 0.24499009618646853
1 0.4734771616180799 0.17219252476440733 0.12995042794496675 0.23550596878180677
1 0.48040167406231554 0.8474752669598591 0.13027781015895173 0.24488096878180662
1 0.2677156463875014 0.9573785126986898 0.10886905771188111 0.07871033175849788
1 0.20838044047402038 0.1253894135169964 0.12660717313564324 0.229146841377145
1 0.012137868334169036 0.5374007962791356 0.02427573666833807 0.22792659255827133
1 0.28596219329960926 0.8156548041685021 0.1301686827542901 0.24175596878180663
1 0.23596222641671902 0.5675149153310949 0.1317311827542901 0.24181053248413759
1 0.29684273974838093 0.1456870445498552 0.13145836424263582 0.2339980324841376
1 0.268546581040708 0.3512004345683886 0.12493554573098153 0.22596727767481414