1 0.9703125 0.39453125 0.059375 0.171875
1 0.771875 0.3984375 0.0703125 0.1640625
1 0.90703125 0.23125 0.07109375 0.1703125
1 0.77109375 0.56015625 0.0703125 0.16796875
1 0.696875 0.3953125 0.07109375 0.1703125
1 0.90546875 0.5609375 0.07109375 0.16484375
1 0.9703125 0.5625 0.059375 0.1640625
1 0.90859375 0.734375 0.07109375 0.17265625
1 0.7703125 0.99375 0.071875 0.01171875
1 0.69609375 0.56484375 0.07109375 0.17265625
1 0.76875 0.23203125 0.06875 0.16484375
1 0.765625 0.903125 0.07109375 0.17265625
1 0.771875 0.078125 0.0703125 0.1515625
1 0.69765625 0.2328125 0.0703125 0.16640625
1 0.69921875 0.90390625 0.0734375 0.16796875
1 0.84296875 0.5703125 0.07109375 0.171875
1 0.7703125 0.7359375 0.06953125 0.17109375
1 0.90546875 0.3953125 0.0703125 0.16484375
1 0.9671875 0.99375 0.065625 0.01171875
1 0.971875 0.7328125 0.05625 0.17578125
1 0.69609375 0.73828125 0.071875 0.17265625
1 0.69375 0.98984375 0.06875 0.0203125
1 0.84453125 0.903125 0.07265625 0.1734375
1 0.9734375 0.8984375 0.053125 0.171875
1 0.9046875 0.075 0.0703125 0.146875
1 0.96875 0.07421875 0.0625 0.1484375
1 0.7015625 0.078125 0.07265625 0.15234375
1 0.8421875 0.99375 0.071875 0.01171875
1 0.8421875 0.403125 0.07109375 0.16484375
1 0.9078125 0.99375 0.071875 0.01171875
1 0.9703125 0.23046875 0.059375 0.1640625
1 0.84296875 0.0765625 0.0703125 0.14765625
1 0.909375 0.9015625 0.0703125 0.1734375
1 0.84140625 0.23203125 0.07265625 0.16953125
1 0.84140625 0.7296875 0.07421875 0.17421875
0 0.7875 0.66796875 0.028125 0.0375
0 0.78671875 0.1671875 0.03046875 0.03671875
0 0.9921875 0.16796875 0.015625 0.0234375
0 0.86640625 0.1703125 0.021875 0.025
0 0.9296875 0.0140625 0.01640625 0.01796875
0 0.93359375 0.50234375 0.02421875 0.02578125
0 0.86640625 0.50390625 0.0203125 0.021875
0 0.93359375 0.66953125 0.021875 0.02421875
0 0.72421875 0.66953125 0.02421875 0.025