1 0.895420901624082 0.8501145285021053 0.1621483105039836 0.09623971662612121
1 0.7350396795999006 0.9393139047691467 0.20098348997087018 0.08865447560311139
1 0.04323261282771089 0.9839568434823377 0.06653428213245363 0.03163179508134419
1 0.1684886770926181 0.9207387051150479 0.19969377461060622 0.09802038524403187
1 0.164599147467447 0.9738773406536673 0.1998923514119258 0.05115447560311139
1 0.3580285502121563 0.9032325216664141 0.19344377461060613 0.09798402380771307
1 0.8964545527194389 0.921971347783946 0.1556255258642473 0.0868283551898024
1 0.35547420005387176 0.9641745668459538 0.1878924565847752 0.0682692527304745
1 0.730881028504544 0.8674752662054651 0.19978470282385175 0.10114538524403187
1 0.04305676807970267 0.9363096838414172 0.07763691818411551 0.09106133723582169
1 0.7577526640274804 0.02697909387512104 0.1938696719450391 0.05395818775024208
1 0.538951941278383 0.8865575851927183 0.1981312746106063 0.09801129488495235
1 0.5431560564803625 0.9568337237563996 0.18825616943775678 0.0807692527304745
1 0.38540029090794226 0.04447845955444507 0.20263691818411544 0.08895691910889014
1 0.576988397334433 0.0376762202403583 0.20539820533113406 0.0753524404807166
1 0.20358198957515872 0.06364836778103027 0.19638691818411552 0.0917522045258726
1 0.05490044866721648 0.08405229225267356 0.10980089733443296 0.09127041549465287
1 0.05577262688046185 0.04576649707313376 0.1115452537609237 0.02721700585373248
1 0.9024657704539711 0.020197307868963406 0.11694345909205772 0.04039461573792681