1 0.9046875 0.95703125 0.071875 0.0859375
1 0.96875 0.5 0.0625 0.1640625
1 0.903125 0.50078125 0.07109375 0.16640625
1 0.69296875 0.33828125 0.06875 0.171875
1 0.69609375 0.8421875 0.06953125 0.17734375
1 0.69375 0.9609375 0.06875 0.078125
1 0.765625 0.84375 0.071875 0.1734375
1 0.89921875 0.33515625 0.0703125 0.16640625
1 0.69296875 0.5 0.0703125 0.16640625
1 0.69296875 0.1703125 0.06875 0.16796875
1 0.90234375 0.66484375 0.0703125 0.16796875
1 0.96875 0.6625 0.0625 0.16796875
1 0.9015625 0.82890625 0.06953125 0.171875
1 0.96875 0.834375 0.0625 0.16796875
1 0.7625 0.96484375 0.075 0.0703125
1 0.834375 0.17265625 0.06953125 0.16640625
1 0.96875 0.9546875 0.0625 0.08984375
1 0.996875 0.171875 0.00625 0.1640625
1 0.89921875 0.1671875 0.06640625 0.16796875
1 0.69296875 0.671875 0.06796875 0.175
1 0.965625 0.3296875 0.06875 0.16796875
1 0.7640625 0.6703125 0.07578125 0.1734375
1 0.8296875 0.33515625 0.07109375 0.1640625
1 0.8390625 0.665625 0.0703125 0.1734375
1 0.9671875 0.1703125 0.065625 0.16796875
1 0.996875 0.0375 0.00625 0.07421875
1 0.728125 0.04140625 0.1375 0.0828125
1 0.76484375 0.17421875 0.071875 0.1671875
1 0.9640625 0.0375 0.071875 0.07421875
1 0.83671875 0.5015625 0.0703125 0.16484375
1 0.8390625 0.95859375 0.071875 0.0828125
1 0.76640625 0.50546875 0.07109375 0.1640625
1 0.83828125 0.8375 0.06953125 0.165625
1 0.89453125 0.0375 0.06796875 0.075
1 0.83125 0.0375 0.071875 0.075
1 0.75859375 0.34296875 0.06640625 0.16640625
0 0.9484375 0.08359375 0.025 0.0265625
0 0.9828125 0.07890625 0.01953125 0.03046875
0 0.9890625 0.109375 0.021875 0.03125
0 0.921875 0.271875 0.02109375 0.0265625
0 0.99375 0.43359375 0.0125 0.03125