1 0.4188046659544248 0.17593280356735508 0.14083491553090166 0.2726022287263694
1 0.299816845415965 0.7160487434588966 0.13311342079257357 0.27411927693097127
1 0.3145798975385733 0.18079704468856048 0.13256738922254244 0.2647442769309713
1 0.3059127399001793 0.4503692013044187 0.13118689974588618 0.2678601865718917
1 0.08801739753857328 0.1794789426220159 0.1325673892225425 0.2647442769309713
1 0.06880206384593388 0.7240829154946529 0.13449391026922988 0.271003367290051
1 0.41004650305435897 0.4470674601832133 0.14037988922254244 0.2647897287263694
1 0.2794911219360857 0.9296925660603869 0.13484397881213822 0.14061486787922634
1 0.0118427634365283 0.7228289668225127 0.0236855268730566 0.27376475292686636
1 0.026024173705758193 0.1798465812838933 0.052048347411516385 0.2690681625677866
1 0.18100811930524982 0.9302011052879984 0.1253779735504664 0.13959778942400333
1 0.4047318585701446 0.7127515475172309 0.13954543131591723 0.2772806383672897
1 0.401775645613609 0.9230294756031114 0.12628802616718496 0.1539410487937772
1 0.06509031882525705 0.9251681716429729 0.1301806376505141 0.14966365671405413
1 0.1929955109468667 0.4434601502711465 0.14083491553090174 0.2726022287263694
1 0.18300107173844166 0.7224027617074649 0.13798293131591732 0.2772715480082102
1 0.071909466222656 0.45604144262201596 0.13614741553090176 0.2725749576491305
1 0.2007904133235888 0.1754459484757484 0.13725488922254245 0.2647715480082101
1 0.012774473832815093 0.4485647650271146 0.025548947665630185 0.2721295300542293
1 0.09316617107492227 0.023987466724316876 0.12543961575678067 0.0350931383672898
1 0.016178736845820378 0.024314198770335988 0.032357473691640756 0.033003397540671976
1 0.3746891868599378 0.020936231358648062 0.22396812101845248 0.03722833098930572
1 0.3121436842291019 0.021353866995463357 0.13012711575678065 0.035120409444528655
1 0.20185092633659413 0.023056746680350303 0.13637711575678066 0.03515677088084712
0 0.27069484769386504 0.3438783067888089 0.0484976841585147 0.05495112041330889
0 0.14312098243119456 0.8972300448849524 0.04582771046687397 0.06274543969514994
0 0.261291942686307 0.6126646682251273 0.0519867052052021 0.06121930113146803