1 0.4972335101462697 0.03290537215568328 0.3274079797074606 0.05413766964062104
1 0.49608802151035547 0.09853037215568329 0.33416826866768634 0.17296949025747207
1 0.17464762378383164 0.20232793344033878 0.31226599512873604 0.17102516071216733
1 0.18782155397775951 0.07439384821299114 0.30560689204448094 0.14747856655636596
1 0.48111976623534963 0.23971843384408054 0.33411372158978564 0.16984449025747209
1 0.15919812743727962 0.32631485835926083 0.312184174511885 0.16633766071216732
1 0.8073567581176748 0.1297526931762761 0.32476599512873605 0.17124334902377
1 0.8124766806009649 0.06028962702365196 0.3104659415580137 0.06790016071216731
1 0.7915936160731938 0.2717083680951982 0.3231489480508355 0.16809107548481972
1 0.19436760876629794 0.012770555599317326 0.2893897824674041 0.023795604705812896
1 0.46420322727512386 0.35820933522405235 0.33411372158978564 0.1698444902574721
1 0.14901637824805852 0.46281542004765813 0.29803275649611705 0.16313084009531628
1 0.7778157138824432 0.38947256655307066 0.3200239480508353 0.16803652840691904
1 0.44933042938644424 0.49392864691244964 0.3340319009729347 0.1651569902574721
1 0.7662042836885153 0.5174339253193686 0.3262194009729347 0.1650206225627203