1 0.2328125 0.13515625 0.0765625 0.17265625
1 0.1796875 0.48046875 0.07890625 0.1734375
1 0.1078125 0.48515625 0.0796875 0.17734375
1 0.328125 0.6546875 0.078125 0.17890625
1 0.2046875 0.9609375 0.084375 0.078125
1 0.31328125 0.30625 0.075 0.175
1 0.0125 0.96640625 0.025 0.0671875
1 0.128125 0.9625 0.08125 0.07421875
1 0.0359375 0.484375 0.071875 0.1796875
1 0.3046875 0.13203125 0.07734375 0.171875
1 0.3390625 0.82578125 0.0765625 0.1765625
1 0.16015625 0.1375 0.0765625 0.171875
1 0.0296875 0.3140625 0.059375 0.17578125
1 0.18125 0.65859375 0.0796875 0.175
1 0.009375 0.84765625 0.01875 0.1796875
1 0.3453125 0.95703125 0.078125 0.0859375
1 0.25390625 0.6546875 0.07734375 0.17578125
1 0.11875 0.8328125 0.07734375 0.18125
1 0.1140625 0.6625 0.0765625 0.17265625
1 0.0515625 0.96484375 0.078125 0.0703125
1 0.321875 0.47578125 0.071875 0.1765625
1 0.2484375 0.47734375 0.078125 0.175
1 0.271875 0.95859375 0.08125 0.0828125
1 0.09765625 0.31328125 0.0796875 0.1734375
1 0.0953125 0.13984375 0.07578125 0.1703125
1 0.0515625 0.84609375 0.08046875 0.1859375
1 0.24296875 0.31015625 0.07890625 0.171875
1 0.028125 0.140625 0.05625 0.1796875
1 0.003125 0.665625 0.00625 0.18359375
1 0.26640625 0.828125 0.0796875 0.1765625
1 0.171875 0.3109375 0.07734375 0.17265625
1 0.040625 0.66484375 0.07890625 0.1703125
1 0.1953125 0.8390625 0.08125 0.17890625
1 0.225 0.02421875 0.07578125 0.0484375
1 0.08671875 0.028125 0.0734375 0.05546875
1 0.1515625 0.02578125 0.075 0.0515625
1 0.2953125 0.0234375 0.07265625 0.04609375
1 0.025 0.02734375 0.05 0.0546875
0 0.11484375 0.778125 0.03828125 0.040625
0 0.225 0.4546875 0.028125 0.028125