1 0.03534853368192478 0.4577981281341031 0.058342154219345556 0.21096624373179385
1 0.04485158765638903 0.8678861819741691 0.0629205600635442 0.20485263605166182
1 0.02853014894433979 0.06796875 0.05706029788867958 0.1359375
1 0.031584785306777864 0.24217312813410308 0.05839670129724624 0.21409124373179383
1 0.04116965989809313 0.6569486819741691 0.06302965421934556 0.21110263605166182
1 0.10828897605071727 0.6510874753893938 0.09422510714144487 0.20888691818411545
1 0.1101985292176979 0.44702210101621437 0.09427965421934557 0.2120119181841155
1 0.09098923863591428 0.06499986853393813 0.09604097727182856 0.12999973706787626
1 0.09634671468992684 0.23559886770926183 0.09285352191409726 0.21977895407749282
1 0.11579533319216215 0.8572238151228371 0.09737738068039521 0.21054034639736088
1 0.04684255599976385 0.9819486819741691 0.05997501785690749 0.03610263605166182
1 0.12262380599976383 0.9797436728029691 0.08653751785690748 0.03687552586424729