1 0.20703125 0.15569475587249476 0.196875 0.11979097743445784
1 0.20703125 0.15569475587249476 0.196875 0.11979097743445784
1 0.36875 0.26036422083704724 0.19375 0.11501254922121244
1 0.09609375 0.13392270744270512 0.0640625 0.08155152837152993
1 0.53984375 0.29444840116186366 0.1921875 0.11496708511458972
1 0.18984375 0.22103861104534425 0.1953125 0.11349551332783514
1 0.08046875 0.19765859850893192 0.0609375 0.07833560015828459
1 0.3875 0.19341240155757508 0.2 0.12144440564770317
1 0.1140625 0.05527487021654428 0.065625 0.08472199247815262
1 0.134375 0.015778112694696887 0.075 0.031556225389393774
1 0.40546875 0.11632706433141424 0.2 0.12144440564770317
1 0.57578125 0.155121476709542 0.1953125 0.11662051332783516
1 0.59375 0.08506738948338118 0.1921875 0.12434208511458977
0 0.61328125 0.14387408815059766 0.0453125 0.03725595909205777
1 0.23828125 0.03547684725529069 0.1984375 0.07095369451058138
1 0.225 0.08329691864633391 0.196875 0.12291597743445781
1 0.434375 0.0161608944314391 0.190625 0.0323217888628782
1 0.42265625 0.05306150085792982 0.1921875 0.10612300171585964
1 0.6109375 0.03300976214070091 0.175 0.06601952428140181
1 0.5578125 0.22439431393570283 0.1921875 0.12746708511458982