1 0.6434199797140512 0.9217350227561777 0.10873189204448082 0.14342383068109044
1 0.7169639886392096 0.4240520480983136 0.11040348620028233 0.14969201201463567
1 0.6072814768713821 0.6642310580839961 0.10407166558343128 0.1449317866804538
1 0.9252423185915515 0.5788502781269488 0.10719666558343129 0.1449681493475449
1 0.8665438340161222 0.9368674847230883 0.10549779788867966 0.12626503055382338
1 0.6444713798729116 0.41383161608845054 0.11043075973923262 0.15125451201463566
1 0.666198149758414 0.2882776327577685 0.10711484496658023 0.1402806493475448
1 0.6798422694850558 0.6705452400938594 0.10240007142762977 0.13866360534690864
1 0.5650020681845144 0.4004043680776328 0.10878643912238176 0.14654883068109026
1 0.6968406290621327 0.5472804627625412 0.10711484496658023 0.1402806493475449
1 0.8197362069825843 0.3111622441119949 0.10716939204448091 0.1434056493475448
1 0.7931881546329732 0.9344870983847704 0.10547052434972919 0.1310258032304592
1 0.9827020369349263 0.4654332154678119 0.021013703732878496 0.12990567600254543
1 0.7386634849857616 0.3000605647676317 0.10878643912238176 0.14654883068109026
1 0.8775469326328551 0.4462372254534944 0.10714211850553071 0.14184314934754486
1 0.9201374017870089 0.19980766812535786 0.1040171185055307 0.1418067866804539
1 0.6093186785723701 0.14461799208304163 0.10878643912238176 0.14654883068109026
1 0.6643654995995535 0.7961719487587231 0.10867734496658024 0.14029883068109025
1 0.5847870937553548 0.7889947007479053 0.10708757142762977 0.1387181493475449
1 0.4822713888013654 0.3947532573997242 0.11034893912238175 0.14656701201463562
1 0.687116396104966 0.16427705876031387 0.1055796185055307 0.14182496801399935
1 0.6996766716725112 0.07143557809513199 0.09357845048646744 0.08076019867918123
1 0.7779133510589554 0.5583821421069042 0.10867734496658024 0.1402988306810901
1 0.8992327922099321 0.3230269921228125 0.10714211850553071 0.1418431493475448
1 0.9700283076312075 0.2066394707988121 0.05563416558343128 0.14436816534054514
1 0.7972418238665572 0.43592588677590405 0.11034893912238175 0.14656701201463568
1 0.6266372232179341 0.540212302752996 0.10867734496658024 0.14029883068109025
1 0.7159944090972001 0.927267954766041 0.10547052434972919 0.13557496801399935
1 0.8842688965152984 0.8221730167886306 0.10385347727182861 0.13243178668045408
1 0.544070185068487 0.5251861920750874 0.11034893912238175 0.14656701201463562
1 0.5270172784135096 0.6515759694064057 0.10886825973923261 0.15123633068109027
1 0.8453692268680868 0.18565371411517653 0.10716939204448081 0.1434056493475448
1 0.6248812232146388 0.058844124084950634 0.09837504464226861 0.08706474267981759
1 0.740737084826901 0.8080003341024498 0.10714211850553071 0.14184314934754463
1 0.9713224318220763 0.5801678774665393 0.039736430193927676 0.1285613520050907
1 0.9784777816566251 0.1254712867997666 0.04020798863591431 0.06607953333863614
1 0.7768158701303838 0.0840543041056315 0.09190685633066593 0.07449201734563578
1 0.9372760831987528 0.11327073146081232 0.08708298863591431 0.06662497334499946
1 0.8581366392084024 0.5733809807844945 0.10240007142762977 0.13866360534690844
1 0.5889907674531656 0.27956515674726906 0.11034893912238175 0.14656701201463562
1 0.9452429472433519 0.4626531134627213 0.0962046185055307 0.14171588001272664
1 0.7577763547124035 0.6823918067711315 0.1040171185055307 0.141806786680454
1 0.563101234178278 0.9122049340785873 0.10711484496658023 0.1402806493475449
1 0.8140654906710998 0.8151048567790857 0.10086484496658024 0.14020792401336307
1 0.4451223961082613 0.6428089493952699 0.11043075973923262 0.15125451201463563
1 0.5267380036534479 0.13037313140513307 0.11034893912238157 0.1465670120146357
1 0.7015403969223355 0.9898464867122707 0.09424092370110611 0.020307026575458666
1 0.6289523307697114 0.9855220660407256 0.09281479139585791 0.028955867918548962
1 0.5052768717585321 0.7779112027370877 0.1087046185055307 0.14186133068109008
1 0.8365326002481765 0.6919037141151765 0.10078302434972919 0.1355204240133631
1 0.8601505215103554 0.09987075545031279 0.09185230925276536 0.0713670173456358
1 0.4628474586074375 0.5226782627307243 0.113419392044481 0.1434783746817267
1 0.5048203189952932 0.266864614735815 0.11034893912238175 0.1465670120146357
1 0.9310348023594969 0.8289684567949941 0.027018241882325357 0.11591590133672725
1 0.9052144164008007 0.696609942791176 0.10237279788867966 0.13710110534690845
1 0.9080455414024484 0.9373167587921305 0.028689836038126516 0.12218408267027243
1 0.7788295998444348 0.993416929384134 0.09569432954530477 0.013166141231732098
1 0.954364982553425 0.7010889047978577 0.03809210957707698 0.12385567067154532
1 0.95844415097623 0.3330928827975394 0.07427507142762976 0.13833634134309047
1 0.5415056615262415 0.04537142274026934 0.09823867694751698 0.07925224267981759
1 0.43434676299223407 0.76770895206077 0.10552507142762994 0.13869996801399936
1 0.4868387431067317 0.8941265487348605 0.11662621266133186 0.14820223734881743
1 0.5524852881560376 0.9795987827020893 0.09613070616851012 0.040802434595821425
1 0.7620482122575902 0.16905601277049526 0.10547052434972919 0.13557496801399935
1 0.4767722220034134 0.9752652713637714 0.09157957386326174 0.04946945727245726
1 0.4166626108014834 0.8854958887253155 0.10234552434972918 0.13553860534690826
1 0.40266256615921475 0.9685789193586807 0.0933602621748646 0.06284216128263864
0 0.9703814947282895 0.6340741274665394 0.014662517856907442 0.034538632001908987
0 0.8754626866933404 0.7447110881205854 0.03343979139585755 0.036319308004454244
0 0.9465155263849148 0.7478820887969031 0.014717064934808377 0.03766363200190916
0 0.8580662755708405 0.3983446181174037 0.03974433847375849 0.03951703333863614
0 0.770232859173335 0.19259351010499517 0.03979888555165907 0.0426420333386361