0 0.06015625 0.496875 0.02421875 0.03203125
1 0 0.533596253125 0.00431001875 0.5328105937500001 0 0.5058670515625 0 0.533596253125
1 0 0.704403578125 0.025502887499999998 0.698913121875 0.002447996875 0.5265596328125 0 0.527056778125 0 0.704403578125
1 0 0.1765965265625 0.024692734375 0.17170080468749999 0.000132828125 0.001036621875 0 0.0010589375 0 0.1765965265625
1 0 0.35133759375 0.049765340625 0.34273415625000003 0.025101475 0.1732601640625 0 0.1781274421875 0 0.35133759375
1 0 0.5107620515625 0.003383853125 0.5309854328125 0.07159636875 0.5164816203125 0.0491794 0.34548961718750004 0 0.3552171484375 0 0.5107620515625
1 0.025812637500000003 0.7001050281250001 0.09788338437500001 0.6895557265625001 0.07239258750000001 0.5168773671875 0.00287115625 0.5310415468749999 0.025812637500000003 0.7001050281250001
1 0 0.0043980437499999995 0.02359173125 0.17011191406249998 0.026589953125 0.170253671875 0.09285799375 0.1586913796875 0.0718539 0 0 0.003016 0 0.0043980437499999995
1 0.048718678125 0.34077019062499997 0.12067838125000001 0.327988171875 0.0968721625 0.15846397343750002 0.02545115 0.1670758875 0.048718678125 0.34077019062499997
1 0.07555619687500001 0.5151289953125 0.146176265625 0.5027752109375 0.121526578125 0.329464840625 0.049195937499999995 0.3454748515625 0.07555619687500001 0.5151289953125
1 0.09968137187500001 0.6910619265625 0.16976511875 0.6766673875 0.14675039375 0.503159140625 0.07375348125 0.5184839796875 0.09968137187500001 0.6910619265625
1 0.09960340625 0.15725901250000002 0.16755366249999998 0.14692825781250002 0.14368838125 0 0.070750534375 0.0038629578125 0.09960340625 0.15725901250000002
1 0.11856143125 0.33083222968750003 0.19155125625 0.317087425 0.168281365625 0.145927078125 0.09276585000000001 0.1595714734375 0.11856143125 0.33083222968750003
1 0.146781109375 0.508067578125 0.22011824375 0.49421645312500007 0.19298775625 0.31637271875 0.11875989687499999 0.3272321171875 0.146781109375 0.508067578125
1 0.168555434375 0.6766673875 0.24147674062500002 0.6657341531250001 0.217653984375 0.4979908125 0.14417745312500002 0.5084958125 0.168555434375 0.6766673875
1 0.16721325 0.13843353125 0.23581526249999998 0.12970316875000001 0.2160084125 0 0.14535342499999998 0.0051917296875 0.16721325 0.13843353125
1 0.263966828125 0.30231105468749997 0.237911875 0.132561109375 0.16672751875 0.147541 0.192061046875 0.3160762546875 0.263966828125 0.30231105468749997
1 0.219672271875 0.4893746765625 0.290480946875 0.4765032609375 0.264308359375 0.3040068484375 0.191131740625 0.315694765625 0.219672271875 0.4893746765625
1 0.24007300312500002 0.6612022609375 0.31389093749999997 0.64846840625 0.290682071875 0.4787801296875 0.217744525 0.4908380390625 0.24007300312500002 0.6612022609375
1 0.384335315625 0.63084403125 0.36048513125000003 0.462351109375 0.29156435625 0.475602 0.31342987187500004 0.6512457109375 0.384335315625 0.63084403125
1 0.24153019687500002 0.1299332265625 0.3055689875 0.1192485546875 0.287771475 0.0019045046874999999 0.2189152125 0.0022531484375 0.24153019687500002 0.1299332265625
1 0.261555246875 0.30292533593750004 0.331269128125 0.2880047390625 0.30725386875 0.1208637078125 0.23690815625 0.1320796484375 0.261555246875 0.30292533593750004
1 0.2873255875 0.47589846874999997 0.35947192499999997 0.46363421875000005 0.33344733125000003 0.290305325 0.26223451249999996 0.3031814796875 0.2873255875 0.47589846874999997
1 0.31147556249999997 0.644201653125 0.385189140625 0.6334553125 0.360908246875 0.4628918625 0.28594998125000004 0.473695125 0.31147556249999997 0.644201653125
1 0.42830351875000006 0.4471032109375 0.360240365625 0.46040865625 0.3821931625 0.6318164453125 0.452051246875 0.6203467265625 0.42830351875000006 0.4471032109375
1 0.330904828125 0.28961751874999997 0.35911900937499996 0.4656620546875 0.428132753125 0.451569190625 0.40262235312500005 0.2745143015625 0.330904828125 0.28961751874999997
1 0.375685115625 0.107439675 0.307866728125 0.1192793875 0.30683834062500004 0.12012135156249999 0.331494915625 0.2906587109375 0.399810421875 0.27750505937500003 0.375685115625 0.107439675
1 0.37496205 0.1104541984375 0.354708084375 0 0.287911471875 0.0021434453124999997 0.307257175 0.11977850000000001 0.37496205 0.1104541984375