1 0.6427827554422956 0.15119552240215461 0.14121531015895172 0.24526291469812272
1 0.7186458841129018 0.4019792616023814 0.14515876569391467 0.2688095421027844
1 0.7384226376562808 0.1638989082443368 0.14105161905195907 0.2405754146981227
1 0.7924926781146027 0.8933631419174499 0.1442311827542902 0.21327371616510007
1 0.8482068654237622 0.17943711740749674 0.13781749164729754 0.237341287293461
1 0.8299380481780523 0.41600953446787214 0.1405803930985762 0.2717708509957919
1 0.9830133966419554 0.20226203691494288 0.033973206716089166 0.2246924651536097
1 0.6812823596029484 0.88364091233587 0.14165181977759858 0.23271817532825984
1 0.8864336510727607 0.9004960848385413 0.1407242368379741 0.19900783032291755
1 0.6213343744942549 0.3860963120578684 0.14203376569391465 0.2687004146981227
1 0.6029117898253498 0.6406101972670784 0.14214289309857636 0.2718254146981227
1 0.906292250169636 0.680855773668099 0.1421428930985762 0.2718254146981227
1 0.8115427453603126 0.6713046696770822 0.14192463828925303 0.26557541469812274
1 0.698742644997493 0.6587823331092606 0.14170638347992934 0.2593254146981227
1 0.5858061684959559 0.877289219414779 0.1419792019915839 0.245421561170442
1 0.5314633095259796 0.13638399953666386 0.13792661905195924 0.240466287293461
1 0.9726339465492881 0.4322397135939652 0.054732106901423806 0.264737111795565
1 0.510741614875608 0.36974957104354306 0.14192463828925295 0.26557541469812274
1 0.9375099236837974 0.19208593954734807 0.12498015263240525 0.2325446598887993
1 0.49307299835553753 0.6235094881039185 0.14208832939624544 0.2702629146981227
1 0.9248512440943681 0.430248138458889 0.1421428930985762 0.2718254146981227
1 0.9709536566194974 0.6921777087846418 0.0580926867610053 0.26204862141421204
1 0.9558557074338794 0.9068477777596321 0.08828858513224133 0.18630444448073574
1 0.48405269553779784 0.8723908990890262 0.14203376569391465 0.25521820182194765
0 0.8270412266711731 0.444779375212045 0.05390873920022656 0.06898810217691817