1 0.8468670040181354 0.10166734038099837 0.24605902936027144 0.20333468076199673
1 0.6667737080680878 0.4746313606097724 0.2835772106938169 0.21146005931499054
1 0.9236225973901793 0.8617825562376978 0.15275480521964155 0.13005886760421675
1 0.908651030712907 0.7357930592034474 0.18269793857418612 0.19057987353571573
1 0.8721953627068618 0.26069490011591834 0.23979084802672607 0.20655238342154753
1 0.7296133467934032 0.9043069317505799 0.26540791868236296 0.12638472235685222
1 0.8864658533577261 0.42177698015397447 0.2270682932845478 0.20629771543676992
1 0.3841328360518612 0.3665601699247628 0.2883374360279987 0.21790106030357367
1 0.6375027367122706 0.3101205330431743 0.27890789202736244 0.21283155832640724
1 0.2247354901336302 0.9756844550194655 0.2706761266709089 0.04226439034162972
1 0.4569474587841764 0.8474162390884039 0.2835772106938169 0.21146005931499054
1 0.8967590107017711 0.5823324781768081 0.2064819785964577 0.2117837114824372
1 0.356624359365044 0.21917317536197034 0.2883374360279987 0.21790106030357367
1 0.13071638737268002 0.28465488981015713 0.2572147053628168 0.22756522037968577
1 0.2120804014560398 0.8956932074909234 0.2803613040260897 0.20352022532260178
1 0.7149503154439495 0.7860981012182322 0.2742022106938169 0.2110780573378241
1 0.8277801020050907 0.023079425361970326 0.23993520401018137 0.04615885072394065
1 0.4806945887969031 0.9402430676435853 0.26188292934436314 0.09188238836446345
1 0.6857338880887687 0.6262747736516341 0.28043402936027134 0.20977022532260178
1 0.18211908676794988 0.7390267134224225 0.2804885733609078 0.2144577253226016
1 0.44019466876190466 0.6839585755522508 0.2835772106938169 0.21146005931499054
1 0.3299607673456358 0.0856808554754823 0.28955449069063527 0.1713617109509646
1 0.6146726693586807 0.16176128749179855 0.2852487986950896 0.22089872631118485
1 0.4156566507399512 0.5231629969970694 0.27890789202736244 0.21283155832640724
1 0.1148266633513628 0.12819664277590662 0.22892607336090784 0.21235671444818677
1 0.16235038474695088 0.5850713838786581 0.28835561736154414 0.21946356030357367
1 0.5953039566756815 0.05723820254800762 0.2906079133513629 0.11447640509601524
1 0.14101009205917908 0.43039847133108794 0.2743476613621805 0.2235780573378241
0 0.1874289166931806 0.18776796095096462 0.0663158906747269 0.06204901384016446
0 0.44855677335295374 0.12632248908840404 0.06308180267345413 0.052546679847775654
0 0.7614873187459963 0.5536238408381089 0.06778748400699967 0.05430018083635879
0 0.792725491366953 0.21547258342373513 0.06468066534054503 0.05573534684397004
0 0.3159924580680878 0.48892460125541326 0.06308180267345423 0.052546679847775654