1 0.21430074287871456 0.8207489765015371 0.13786759517409744 0.22182541469812272
1 0.07378419244187429 0.8545386778601486 0.09546188962701407 0.21097719473518958
1 0.03827994357923605 0.2400148755905632 0.0765598871584721 0.2168452488188736
1 0.17060921352777725 0.6185342012737935 0.13804943313000023 0.22963791469812272
1 0.13655694937572846 0.8406373797669143 0.13634146276527792 0.22333335099579193
1 0.015297038468993015 0.123645831125526 0.03059407693798603 0.058958337748947987
1 0.09368303761597169 0.6368328226880056 0.1363778303564585 0.22489585099579196
1 0.16180890967246447 0.9630927331249591 0.12329333605604172 0.06519346878180698
1 0.1291159638121177 0.42248758049255386 0.13797669794763906 0.2265129146981227
1 0.01856489599218735 0.45467757631620265 0.0371297919843747 0.20939484736759478
1 0.08838578030086786 0.22719492786014867 0.13634146276527798 0.22333335099579185
1 0.1092651379209714 0.9735143671530426 0.07758079255305558 0.04642362141421188
1 0.25267029901513804 0.9497717883897693 0.12376611474138899 0.08550596878180698
1 0.05321265292604153 0.4378521748649238 0.10642530585208305 0.22742065027015243
1 0.25861835980430503 0.5936036339432657 0.13957556553881964 0.22812997840045365
1 0.06783950379972213 0.10379463339511148 0.10138196846486117 0.06286707694917477
1 0.2194688600886455 0.39747516760852963 0.1332528303564585 0.22478672359113014
1 0.039747605338992825 0.6507341207812397 0.07949521067798565 0.21728175843752062
1 0.3054167053596521 0.7964905317663474 0.13786759517409744 0.22182541469812272
1 0.12361737832475686 0.0885763719623661 0.15007404160312507 0.0754960517214313
1 0.343549872153402 0.9356695936545798 0.12427526101791671 0.10738096878180663
1 0.1749597131465276 0.19685017423195159 0.1394664627652779 0.22344247840045356
0 0.04993434403673563 0.5712276700556004 0.04643989532659726 0.05001984736759475
0 0.08703887300642331 0.3521403641578178 0.03375805737069448 0.041770837748947985
0 0.12931337272208288 0.5481597030878922 0.03528418977951393 0.040262901451278844
0 0.17138785068624934 0.7527727920179664 0.03208645459715278 0.03702877404661713
0 0.21282654901513812 0.9511631627992061 0.03212282218833336 0.03859127404661713