1 0.77578125 0.19375 0.071875 0.1640625
1 0.7734375 0.0546875 0.078125 0.109375
1 0.84765625 0.19453125 0.07109375 0.1609375
1 0.9734375 0.36328125 0.053125 0.171875
1 0.9734375 0.19140625 0.053125 0.171875
1 0.76640625 0.715625 0.06875 0.18046875
1 0.775 0.36796875 0.071875 0.16953125
1 0.69921875 0.3625 0.075 0.171875
1 0.69765625 0.53671875 0.07265625 0.1671875
1 0.62734375 0.53359375 0.06953125 0.171875
1 0.9734375 0.53515625 0.053125 0.171875
1 0.90703125 0.88046875 0.0703125 0.17421875
1 0.77109375 0.5359375 0.06953125 0.1703125
1 0.846875 0.0546875 0.06875 0.109375
1 0.6296875 0.3609375 0.071875 0.16640625
1 0.7015625 0.190625 0.071875 0.16796875
1 0.84296875 0.5375 0.07109375 0.16953125
1 0.84765625 0.36171875 0.07109375 0.175
1 0.696875 0.70703125 0.07265625 0.17578125
1 0.7015625 0.053125 0.071875 0.10546875
1 0.84375 0.7140625 0.07109375 0.17734375
1 0.625 0.88671875 0.07109375 0.1828125
1 0.696875 0.884375 0.08046875 0.18125
1 0.90859375 0.36875 0.07109375 0.171875
1 0.96875 0.7171875 0.0625 0.17578125
1 0.91171875 0.1953125 0.071875 0.16484375
1 0.971875 0.87890625 0.05625 0.171875
1 0.6375 0.19375 0.06796875 0.16953125
1 0.6265625 0.70546875 0.0703125 0.17734375
1 0.90625 0.7109375 0.071875 0.171875
1 0.90703125 0.53515625 0.06953125 0.16953125
1 0.9703125 0.05859375 0.059375 0.1171875
1 0.6390625 0.053125 0.071875 0.10546875
1 0.9109375 0.0546875 0.071875 0.109375
1 0.84296875 0.88125 0.06875 0.1734375
1 0.76953125 0.8859375 0.06875 0.16953125
1 0.965625 0.98046875 0.06875 0.03125
1 0.8421875 0.984375 0.08125 0.0296875
1 0.903125 0.98359375 0.0734375 0.03046875
1 0.7640625 0.98515625 0.08125 0.02734375
1 0.69375 0.98671875 0.0796875 0.02421875
1 0.6296875 0.9859375 0.07578125 0.02578125
0 0.80703125 0.1296875 0.01953125 0.034375
0 0.653125 0.9421875 0.028125 0.03671875
0 0.76484375 0.85703125 0.0515625 0.046875