1 0.05968129259467394 0.5259488453736173 0.07831770678164432 0.17310230925276535
1 0.14150498903723605 0.6879346022734761 0.10070212903138528 0.1844216387980701
1 0.07332199172783238 0.18089939813356087 0.10055657981717361 0.18129663879807004
1 0.12427033146980344 0.5193482435071782 0.10041103060296189 0.17817163879807013
1 0.10160331120592377 0.35163859212720644 0.10084767824559701 0.18754663879807013
1 0.1685512942473038 0.8657323198060721 0.09928517824559702 0.18751936525911966
1 0.06286818114108116 0.07396360551988708 0.07605738585581087 0.05753185633066597
1 0.04326427233079427 0.3581300998378442 0.06149407981717361 0.18061480032431154
1 0.015684966087269228 0.08495169845787245 0.026275709677128438 0.0613466030842551
1 0.028446139370467534 0.19106533076312077 0.047431579817173594 0.1803693384737585
1 0.08111329859052997 0.7007170202925395 0.08507712903138531 0.18414890340856652
1 0.10868614267572721 0.8730323510556601 0.0819521290313853 0.18409435633066593
1 0.1938124675305021 0.9716277637997177 0.08365156203449331 0.05298072402541791
1 0.1298955167447138 0.9758709788966815 0.06461046360606985 0.04640344155801372