1 0.7117141802329809 0.9467713854232687 0.1756418091359686 0.07387494668999892
1 0.18948397613996643 0.874328932686181 0.18205558344622808 0.07707267202418074
1 0.7082339761399664 0.8803651354232687 0.17580558344622813 0.07699994668999892
1 0.07750295454324038 0.942514764003818 0.06034435775648759 0.07877952800763595
1 0.07221458898483667 0.8714028326702724 0.056891809135968585 0.07249316534054487
1 0.3628395889848367 0.8747845607097254 0.1790124706013579 0.07859880935709
1 0.36960856738811065 0.9443521733768161 0.17884869629109837 0.07547380935709
1 0.19476237561956805 0.988608514003818 0.1746658073269463 0.022782971992364055
1 0.19000295454324037 0.94382382001909 0.18205558344622813 0.07707267202418074
1 0.879641986655416 0.947944628779404 0.17884869629109837 0.07547380935709
1 0.5307264518297069 0.8751765540658607 0.17588747060135787 0.07856244668999893
1 0.0831255127746978 0.9898528406667726 0.06043953301668677 0.020294318666454814
1 0.5350288495002863 0.9423731447326332 0.17251680913596862 0.07383858402290784
1 0.9851998917334563 0.9447843607972214 0.02960021653308722 0.07589088534372693
1 0.18551244911617346 0.7985476826861809 0.1789305834462281 0.07703630935708965
1 0.5399111013093085 0.9874789153604306 0.1796808559474652 0.025042169279138805
1 0.8745173954072719 0.8799576974458585 0.1758055834462282 0.07699994668999892
1 0.7033583683834788 0.8022310447564959 0.17728619629109837 0.07545562802354447
1 0.3704617384644383 0.9880550780155902 0.17951708163720587 0.02388984396881959
1 0.5246158926937383 0.8032742820655425 0.17424308344622813 0.07698176535645365
1 0.07214931196104371 0.7956670360041361 0.06322369629109832 0.07412839067472703
1 0.9812593422084263 0.883819588796903 0.03748131558314753 0.07594542934436319
1 0.7173367384644382 0.9900732060391345 0.17951708163720567 0.01985358792173102
1 0.06825967209238049 0.7214482860041361 0.0633055834462281 0.07569089067472703
1 0.6980700028250751 0.7311191134229504 0.17720430913596844 0.07389312802354446
1 0.17853875282507511 0.72507382001909 0.17572369629109835 0.07543744668999892
1 0.3580868119610437 0.7989942200429526 0.18205558344622813 0.07707267202418074
1 0.3534978092475102 0.7263288793761798 0.1787668091359686 0.07391130935708982
1 0.9792326351189647 0.808038338796903 0.04153472976207055 0.07907042934436319
1 0.8679155133405247 0.7986804254455404 0.17572369629109835 0.07543744668999892
1 0.8645171964026399 0.7338366754455403 0.17564180913596852 0.07387494668999892
1 0.881934826999049 0.9863447713836567 0.18000840456798423 0.027310457232686502
1 0.9775334766500225 0.741632088796903 0.044933046699954814 0.07594542934436319
1 0.5268943656699454 0.7275657573997242 0.16939180913596844 0.07380222135581711
1 0.9847190745126582 0.9889390620623608 0.03056185097468358 0.022121875875278363
0 0.6006804257104251 0.824459486075724 0.034286468792335614 0.028506808004454598
0 0.7787722054477515 0.9748787514321773 0.026228307326946344 0.023728401336727246
0 0.7750053963117829 0.9030037514321773 0.026146420171816585 0.022165901336727245
0 0.6060340682926217 0.9713072140754055 0.024665807326946343 0.023710220003181702