1 0.050524889198516575 0.8802642169207087 0.048538685875970745 0.0955852107723885
1 0.04361064163414856 0.7974835331774873 0.043905732953871415 0.09868293969514959
1 0.40322714934478626 0.853991045768715 0.2252648271096728 0.10598742134838517
1 0.05199766030183493 0.9646392169207086 0.04341480925276531 0.07055793969514959
1 0.39128448254353904 0.7517063831027325 0.22677278003177212 0.10287151170746504
1 0.1573537674465751 0.6889983466055956 0.22682732710967274 0.10599651170746505
1 0.4141294675260053 0.9414365036142373 0.22690914772652385 0.11068401170746504
1 0.42191073984713967 0.9843643469983789 0.2254636501621558 0.027871511707464693
1 0.03187252637502884 0.7069176205115048 0.029897780031772105 0.10172612646343318
1 0.1775959038090132 0.8638983526557198 0.22688187418757347 0.10912151170746505
1 0.16743392531936863 0.7741045996306577 0.22372960064862307 0.10754083098930564
1 0.3742276217486462 0.6697660366935286 0.22995232710967278 0.10601469242562409
1 0.1853868587597074 0.9521432412194013 0.22663641233702042 0.09505901170746504