1 0.32265625 0.3453125 0.125 0.08125
1 0.58203125 0.14453125 0.12265625 0.07890625
1 0.81328125 0.3921875 0.12578125 0.08359375
1 0.33125 0.26796875 0.1265625 0.0828125
1 0.82734375 0.16328125 0.12265625 0.07890625
1 0.6859375 0.37421875 0.128125 0.07890625
1 0.940625 0.16796875 0.11875 0.078125
1 0.6890625 0.30390625 0.125 0.08125
1 0.81953125 0.315625 0.12578125 0.08359375
1 0.4390625 0.4328125 0.13125 0.084375
1 0.55625 0.44296875 0.1296875 0.08203125
1 0.446875 0.35234375 0.12734375 0.08046875
1 0.9390625 0.321875 0.121875 0.08203125
1 0.315625 0.42109375 0.12734375 0.0875
1 0.0890625 0.32265625 0.12578125 0.084375
1 0.9953125 0.4078125 0.009375 0.08203125
1 0.5625 0.36328125 0.1265625 0.08515625
1 0.5890625 0.07734375 0.1234375 0.0765625
1 0.125 0.0015625 0.11875 0.003125
1 0.0984375 0.24375 0.12734375 0.0875
1 0.21328125 0.25703125 0.125 0.08359375
1 0.92890625 0.39609375 0.1234375 0.0828125
1 0.2359375 0.0390625 0.121875 0.078125
1 0.22734375 0.1140625 0.121875 0.08046875
1 0.575 0.2203125 0.1234375 0.07890625
1 0.1046875 0.1734375 0.1234375 0.08046875
1 0.996875 0.33203125 0.00625 0.078125
1 0.3453125 0.1234375 0.12265625 0.07890625
1 0.56953125 0.2953125 0.1203125 0.0828125
1 0.9421875 0.1 0.115625 0.07421875
1 0.7203125 0.025 0.121875 0.05
1 0.46015625 0.2109375 0.12890625 0.08359375
1 0.54921875 0.5203125 0.1296875 0.08359375
1 0.834375 0.0921875 0.12421875 0.08046875
1 0.9421875 0.24609375 0.115625 0.078125
1 0.1125 0.10390625 0.1203125 0.07890625
1 0.7953125 0.5390625 0.125 0.08515625
1 0.8375 0.0296875 0.11875 0.05859375
1 0.30859375 0.49140625 0.13125 0.09140625
1 0.3546875 0.05546875 0.125 0.08203125
1 0.92265625 0.54609375 0.12734375 0.0890625
1 0.2 0.33359375 0.13046875 0.08203125
1 0.6796875 0.45234375 0.12890625 0.08515625
1 0.340625 0.1984375 0.12421875 0.08203125
1 0.125 0.0328125 0.11875 0.065625
1 0.2421875 0.00625 0.121875 0.01171875
1 0.5921875 0.01953125 0.121875 0.0390625
1 0.7140625 0.0859375 0.12578125 0.0796875
1 0.44921875 0.28515625 0.1265625 0.08125
1 0.92109375 0.47109375 0.121875 0.08125
1 0.80078125 0.46015625 0.12578125 0.08671875
1 0.990625 0.55625 0.01875 0.08203125
1 0.7 0.22890625 0.1265625 0.0796875
1 0.46484375 0.1328125 0.12109375 0.08046875
1 0.4328125 0.50703125 0.128125 0.08359375
1 0.078125 0.4 0.121875 0.08125
1 0.359375 0.009375 0.11875 0.01875
1 0.70390625 0.153125 0.12890625 0.07734375
1 0.478125 0.06796875 0.1203125 0.0796875
1 0.67734375 0.52890625 0.1265625 0.08671875
1 0.0328125 0.0296875 0.065625 0.05859375
1 0.196875 0.4109375 0.128125 0.084375
1 0.190625 0.47890625 0.13125 0.0859375
1 0.94375 0.0328125 0.1125 0.065625
1 0.06875 0.4671875 0.125 0.08828125
1 0.9921875 0.478125 0.015625 0.08203125
1 0.4828125 0.0140625 0.121875 0.02734375
1 0.2265625 0.18359375 0.12109375 0.0859375
1 0.825 0.2375 0.1234375 0.08203125
1 0.02890625 0.09765625 0.0578125 0.0828125
1 0.02578125 0.16640625 0.05078125 0.078125
1 0.01796875 0.234375 0.0359375 0.08203125
1 0.0140625 0.31171875 0.028125 0.08359375
0 0.9734375 0.50859375 0.0296875 0.02890625
0 0.4546875 0.11640625 0.03203125 0.02890625
0 0.875 0.0453125 0.040625 0.0328125