1 0.3265625 0.346875 0.071875 0.17578125
1 0.009375 0.6953125 0.01875 0.1796875
1 0.053125 0.69765625 0.07578125 0.178125
1 0.121875 0.69609375 0.071875 0.17734375
1 0.05546875 0.8765625 0.07421875 0.17421875
1 0.328125 0.51640625 0.07109375 0.17421875
1 0.4015625 0.34375 0.06953125 0.17421875
1 0.40546875 0.690625 0.0734375 0.175
1 0.009375 0.8734375 0.01875 0.17578125
1 0.04453125 0.34609375 0.0703125 0.17109375
1 0.3296875 0.69375 0.07109375 0.17265625
1 0.00625 0.35 0.0125 0.17578125
1 0.12421875 0.8671875 0.06875 0.17578125
1 0.11953125 0.346875 0.0734375 0.17421875
1 0.325 0.17109375 0.07265625 0.17265625
1 0.12109375 0.52578125 0.07109375 0.1765625
1 0.0515625 0.51875 0.0765625 0.17578125
1 0.40390625 0.52109375 0.07421875 0.17265625
1 0.4078125 0.86796875 0.0703125 0.17578125
1 0.18828125 0.865625 0.075 0.17734375
1 0.3234375 0.04296875 0.071875 0.0859375
1 0.25390625 0.346875 0.0703125 0.1765625
1 0.04453125 0.17890625 0.0703125 0.17734375
1 0.00625 0.178125 0.0125 0.17578125
1 0.3328125 0.865625 0.0703125 0.17265625
1 0.3921875 0.16875 0.0734375 0.17578125
1 0.0078125 0.5234375 0.015625 0.171875
1 0.0421875 0.04296875 0.071875 0.0859375
1 0.25546875 0.17578125 0.0703125 0.1703125
1 0.4703125 0.68671875 0.071875 0.1765625
1 0.1921875 0.6953125 0.07265625 0.17578125
1 0.11796875 0.171875 0.071875 0.17734375
1 0.18515625 0.52421875 0.0734375 0.1765625
1 0.2484375 0.04296875 0.071875 0.0859375
1 0.19296875 0.3453125 0.0703125 0.1765625
1 0.471875 0.86640625 0.06875 0.17578125
1 0.003125 0.0484375 0.00625 0.096875
1 0.26171875 0.86953125 0.07265625 0.1734375
1 0.1140625 0.046875 0.071875 0.09375
1 0.3890625 0.0453125 0.071875 0.08984375
1 0.25703125 0.52265625 0.06953125 0.17421875
1 0.46796875 0.5203125 0.06953125 0.17109375
1 0.18984375 0.1765625 0.0734375 0.16953125
1 0.1765625 0.040625 0.071875 0.08125
1 0.465625 0.3484375 0.07109375 0.17578125
1 0.4640625 0.17578125 0.07109375 0.17421875
1 0.259375 0.6921875 0.0734375 0.1734375
1 0.45625 0.0453125 0.06875 0.08984375
1 0.47265625 0.975 0.07421875 0.04921875
1 0.4046875 0.97578125 0.07265625 0.04765625
1 0.33359375 0.97578125 0.0734375 0.0484375
1 0.2609375 0.978125 0.07421875 0.04296875
1 0.05546875 0.9796875 0.078125 0.0390625
1 0.1203125 0.97890625 0.075 0.040625
1 0.19375 0.978125 0.0765625 0.040625
1 0.009375 0.978125 0.01875 0.03515625
1 0.153125 0.97890625 0.14765625 0.04140625
1 0.43515625 0.975 0.13828125 0.04921875
0 0.196875 0.71171875 0.015625 0.02578125