1 0.47109375 0.73203125 0.1171875 0.06875
1 0.45703125 0.87421875 0.12421875 0.07578125
1 0.4515625 0.940625 0.12265625 0.07578125
1 0.82734375 0.67265625 0.11875 0.07421875
1 0.996875 0.7484375 0.00625 0.07421875
1 0.33671875 0.93671875 0.11953125 0.07578125
1 0.34921875 0.73125 0.1171875 0.0671875
1 0.9421875 0.671875 0.115625 0.0703125
1 0.46796875 0.796875 0.11875 0.0734375
1 0.996875 0.8109375 0.00625 0.07421875
1 0.4796875 0.59296875 0.11875 0.0734375
1 0.940625 0.74375 0.11875 0.07421875
1 0.2296875 0.79609375 0.1171875 0.07421875
1 0.6859375 0.98984375 0.121875 0.0203125
1 0.825 0.7453125 0.11953125 0.07265625
1 0.12109375 0.71953125 0.11640625 0.07578125
1 0.34453125 0.79765625 0.11875 0.075
1 0.5671875 0.98828125 0.121875 0.0234375
1 0.93203125 0.9578125 0.12265625 0.07421875
1 0.34140625 0.87109375 0.1171875 0.0765625
1 0.36015625 0.5890625 0.11640625 0.0703125
1 0.446875 0.98828125 0.125 0.0234375
1 0.60546875 0.39453125 0.1203125 0.0703125
1 0.7078125 0.740625 0.115625 0.07421875
1 0.57421875 0.946875 0.12109375 0.0765625
1 0.125 0.6546875 0.11796875 0.0671875
1 0.22421875 0.86953125 0.11796875 0.075
1 0.2578125 0.52578125 0.115625 0.07109375
1 0.709375 0.66953125 0.121875 0.0734375
1 0.696875 0.878125 0.1171875 0.0734375
1 0.37734375 0.38828125 0.11796875 0.07109375
1 0.81796875 0.95625 0.11953125 0.07421875
1 0.940625 0.8109375 0.11875 0.07421875
1 0.69375 0.95 0.11484375 0.07109375
1 0.709375 0.59453125 0.125 0.06875
1 0.58671875 0.66484375 0.1171875 0.07421875
1 0.71328125 0.53125 0.11875 0.06796875
1 0.6 0.5296875 0.11640625 0.06640625
1 0.8296875 0.46640625 0.1203125 0.06796875
1 0.93125 0.99375 0.125 0.01171875
1 0.7171875 0.46328125 0.11953125 0.07109375
1 0.8125 0.9921875 0.125 0.015625
1 0.14765625 0.525 0.1140625 0.071875
1 0.1 0.98203125 0.125 0.0359375
1 0.4875 0.32578125 0.10625 0.0640625
1 0.9984375 0.6015625 0.003125 0.0703125
1 0.821875 0.88203125 0.1140625 0.071875
1 0.35390625 0.6609375 0.11640625 0.07421875
1 0.9375 0.8859375 0.11953125 0.075
1 0.828125 0.5984375 0.11953125 0.06875
1 0.4859375 0.459375 0.11484375 0.07109375
1 0.584375 0.7375 0.11875 0.071875
1 0.578125 0.87421875 0.11875 0.0734375
1 0.38046875 0.32734375 0.11796875 0.0671875
1 0.328125 0.9859375 0.11875 0.02734375
1 0.10234375 0.9296875 0.11796875 0.07421875
1 0.996875 0.88671875 0.00625 0.078125
1 0.2203125 0.98203125 0.121875 0.0359375
1 0.71875 0.3984375 0.1171875 0.06875
1 0.5890625 0.59375 0.11484375 0.0734375
1 0.5828125 0.8015625 0.11875 0.07265625
1 0.48359375 0.528125 0.11796875 0.06484375
1 0.14453125 0.45390625 0.11015625 0.071875
1 0.26015625 0.45390625 0.11796875 0.06875
1 0.94375 0.59765625 0.1125 0.0703125
1 0.82734375 0.53359375 0.1171875 0.06953125
1 0.22421875 0.9328125 0.1171875 0.07578125
1 0.1109375 0.8640625 0.11796875 0.07734375
1 0.9953125 0.99375 0.009375 0.01171875
1 0.7 0.8046875 0.121875 0.0734375
1 0.0453125 0.4515625 0.08984375 0.06484375
1 0.11484375 0.79375 0.1171875 0.0734375
1 0.23671875 0.7296875 0.1125 0.06640625
1 0.8234375 0.80859375 0.11640625 0.075
1 0.16484375 0.3265625 0.11328125 0.0671875
1 0.9453125 0.4046875 0.109375 0.06640625
1 0.4703125 0.6625 0.11875 0.07421875
1 0.9453125 0.5375 0.109375 0.07421875
1 0.03359375 0.7171875 0.0671875 0.075
1 0.60234375 0.3296875 0.1328125 0.06953125
1 0.2671875 0.3859375 0.12109375 0.065625
1 0.04375 0.521875 0.08671875 0.07265625
1 0.37109375 0.4578125 0.11484375 0.07265625
1 0.36484375 0.52578125 0.1140625 0.06484375
1 0.94375 0.4671875 0.1125 0.07421875
1 0.996875 0.959375 0.00625 0.07421875
1 0.49296875 0.38984375 0.11640625 0.07265625
1 0.134375 0.584375 0.1171875 0.075
1 0.05859375 0.3265625 0.1109375 0.0671875
1 0.8328125 0.403125 0.11953125 0.0640625
1 0.8375 0.3328125 0.10703125 0.07109375
1 0.27265625 0.32734375 0.11640625 0.0671875
1 0.5953125 0.46171875 0.1109375 0.071875
1 0.7234375 0.3296875 0.1171875 0.065625
1 0.03046875 0.78828125 0.0609375 0.0734375
1 0.03671875 0.65546875 0.0734375 0.06875
1 0.14921875 0.384375 0.10703125 0.06484375
1 0.03984375 0.58359375 0.0796875 0.06953125
1 0.028125 0.86171875 0.05625 0.075
1 0.9484375 0.334375 0.103125 0.07421875
1 0.2421875 0.659375 0.11171875 0.07109375
1 0.24765625 0.5859375 0.1109375 0.06796875
1 0.05 0.38515625 0.09921875 0.06640625
1 0.02421875 0.92734375 0.0484375 0.07265625
1 0.01875 0.98046875 0.0375 0.0390625
0 0.9859375 0.48046875 0.028125 0.03125
0 0.08515625 0.4140625 0.025 0.0265625
0 0.1890625 0.40703125 0.021875 0.0234375
0 0.53359375 0.3515625 0.01875 0.02265625
0 0.640625 0.48515625 0.02265625 0.0359375
0 0.63515625 0.6171875 0.02109375 0.0265625
0 0.903125 0.5609375 0.01796875 0.02109375
0 0.22734375 0.70703125 0.0234375 0.0234375
0 0.77578125 0.90625 0.025 0.02265625
0 0.9984375 0.978125 0.003125 0.02734375