1 0.853125 0.9390625 0.075 0.12109375
1 0.9171875 0.9390625 0.071875 0.12109375
1 0.9734375 0.13125 0.053125 0.16796875
1 0.8515625 0.7921875 0.07265625 0.16953125
1 0.85 0.128125 0.06640625 0.17578125
1 0.7765625 0.4609375 0.07265625 0.16796875
1 0.91640625 0.78828125 0.0671875 0.17421875
1 0.8515625 0.62890625 0.06953125 0.17265625
1 0.9734375 0.93515625 0.053125 0.1296875
1 0.9703125 0.7875 0.059375 0.17578125
1 0.9734375 0.025 0.053125 0.05
1 0.8515625 0.46015625 0.0703125 0.16640625
1 0.9734375 0.459375 0.053125 0.16015625
1 0.9703125 0.63125 0.059375 0.16796875
1 0.9734375 0.2953125 0.053125 0.16015625
1 0.7765625 0.13046875 0.07265625 0.175
1 0.7765625 0.79375 0.07109375 0.1625
1 0.70703125 0.46328125 0.06640625 0.165625
1 0.7765625 0.6234375 0.07265625 0.17265625
1 0.915625 0.63125 0.0671875 0.16953125
1 0.84921875 0.3015625 0.065625 0.165625
1 0.778125 0.9375 0.075 0.125
1 0.778125 0.30078125 0.07421875 0.16171875
1 0.91796875 0.4640625 0.0734375 0.1625
1 0.70703125 0.303125 0.06640625 0.16328125
1 0.70703125 0.7921875 0.06640625 0.17265625
1 0.91328125 0.2953125 0.071875 0.165625
1 0.7078125 0.94140625 0.071875 0.1171875
1 0.909375 0.02578125 0.0703125 0.0515625
1 0.91171875 0.1328125 0.06875 0.16484375
1 0.70625 0.628125 0.06640625 0.15703125
1 0.7453125 0.12421875 0.12578125 0.184375
1 0.7109375 0.13125 0.075 0.184375
1 0.846875 0.02265625 0.065625 0.0453125
1 0.76953125 0.0265625 0.0921875 0.053125
1 0.9703125 0.025 0.059375 0.05
0 0.93359375 0.5640625 0.0265625 0.034375
0 0.8015625 0.73828125 0.0265625 0.0359375
0 0.93828125 0.40625 0.02578125 0.03359375
0 0.87421875 0.903125 0.021875 0.034375