1 0.665040393262297 0.1084992260900413 0.22847164772652384 0.1120112933640895
1 0.22233824472169897 0.3423618646960441 0.22690914772652385 0.11199311203054405
1 0.6581217861175568 0.3833628660884505 0.23315914772652385 0.11206583736472586
1 0.23010628571381497 0.07141356536440766 0.22375687418757345 0.11039424936345314
1 0.6681574849824663 0.19757990742358675 0.23003414772652384 0.11202947469763495
1 0.6739556972400564 0.03752365475808671 0.21811480032431163 0.05565220536281682
1 0.21908478530677788 0.24546868336249866 0.2237023271096728 0.10726924936345314
1 0.8837582784085667 0.21806677211963085 0.23248344318286662 0.11208401869827131
1 0.06641375283937379 0.2249460033418178 0.09703073295387141 0.09954656134627209
1 0.2244096647726524 0.013546521363771328 0.22381932954530476 0.024474930696998604
1 0.06423937256272037 0.3241193000079542 0.1016364123370204 0.09491360534690844
1 0.6573053542987758 0.4708355940881323 0.23315914772652385 0.11206583736472578
1 0.8857562678569074 0.13373722545349448 0.2284874642861851 0.11204765603118041
1 0.2216137215897857 0.16660788669636228 0.22693642126547414 0.11355561203054405
1 0.07592730032431157 0.053997704010181356 0.09703073295387141 0.09954656134627213
1 0.4375501874975285 0.36595554805854275 0.23159664772652383 0.11204765603118041
1 0.4468398181812191 0.09268168006045177 0.2331591477265238 0.11206583736472582
1 0.43197807183137177 0.44946748205758824 0.2331046006486231 0.10894083736472578
1 0.43973820454365714 0.26756350139240637 0.23159664772652383 0.11204765603118041
1 0.4461597540571898 0.1879669080601336 0.23000687418757354 0.11046697469763496
1 0.878775205354436 0.40545768411835825 0.23310460064862318 0.1089408373647259
1 0.05703657304918771 0.4037068026734542 0.09694891233702038 0.09485906134627217
1 0.6666688973194868 0.2912935447564958 0.2347761948044244 0.11520901869827131
1 0.2136138555165918 0.4242749360279987 0.2268273271096728 0.10730561203054415
1 0.4542608060063545 0.025594177394951713 0.2241466120127089 0.0432249306969986
1 0.8748474103051302 0.4936752994509492 0.23790119480442443 0.11524538136536222
1 0.8828903664769356 0.059482112786403585 0.23077844155801372 0.06517265603118039
1 0.8740137930174157 0.3116713214512673 0.23633869480442443 0.11522720003181668
1 0.07108188758025406 0.13439372867599958 0.09697618587597075 0.09642156134627214