1 0.029664180600964974 0.22258416802802086 0.05932836120192995 0.2607933360560417
1 0.08369534131642757 0.22000533510611117 0.14992172808260745 0.26744468597979176
1 0.29600047240385985 0.19133939371107664 0.14671490746575647 0.26268445079743064
1 0.3975171444867035 0.9071254350298613 0.14244441882984216 0.18574912994027742
1 0.04469707102388811 0.47298421153100706 0.08939414204777622 0.26784342306201403
1 0.11219862216227386 0.46764405452090285 0.15011264285525985 0.2783821859797918
1 0.05961404890627231 0.7399177916031251 0.11922809781254462 0.2808889369297223
1 0.3274923855549544 0.4468633483082295 0.15186605762791228 0.28935605357097227
1 0.2358952207823021 0.45567334422416683 0.1518387840889619 0.2877935535709724
1 0.08769213109402288 0.9294517638677083 0.11654439204448093 0.14109647226458327
1 0.36744168101129737 0.7103998246568752 0.15162059577735915 0.2752935535709723
1 0.14275928084914158 0.7317435753224654 0.1532649163942102 0.2800174211621531
1 0.19575501055330682 0.203074367875521 0.1482774074657564 0.2627208183886112
1 0.17379327232772496 0.920967769851632 0.135621674511885 0.1580644602967361
1 0.2848671400224766 0.914391767951771 0.14526940990138842 0.17121646409645805
1 0.25628599269969465 0.7203177256830557 0.15323764285525981 0.2784549211621529
0 0.15135221996822792 0.10512652393569458 0.05248980032431154 0.054325130508958396
0 0.12662794602883104 0.8947157007974307 0.04157957386326192 0.05563305737069442
0 0.16377039935137688 0.11010496466513904 0.07630912986961631 0.07674564437666673
0 0.24685563474088026 0.09640744699770853 0.032013659090609534 0.04447735182361114