1 0.9491106385930188 0.1694345492187209 0.10177872281396247 0.17326202564056317
1 0.8683202129653121 0.17950521609177844 0.12626270555093838 0.18990587014004517
1 0.7613526299615063 0.18605277667852965 0.11701503954332715 0.19259422249741004
1 0.890294666539084 0.3538138573242728 0.1234560405319101 0.19757282092583334
1 0.9302724318249421 0.051534497313912866 0.11366986364988421 0.10306899462782573
1 0.9647621549046409 0.33582152854055647 0.07047569019071816 0.19753427956950462
1 0.9758607989348672 0.5096764055050272 0.048278402130265616 0.18437930810555195
1 0.7827050010257642 0.3643040552145769 0.11940521049385407 0.21297949710451594
1 0.9356284004746073 0.6843532278786026 0.12874319905078552 0.18536391935425697
1 0.8546091063098723 0.8611212431800837 0.12269203657757757 0.17882282092583351
1 0.9888648177179474 0.684239757862392 0.022270364564105093 0.17725601282028158
1 0.8404286818249421 0.0537541228306415 0.12460736364988412 0.107508245661283
1 0.7379894313306504 0.05373916025802894 0.1197288626613009 0.10747832051605788
1 0.9447580027557848 0.8565728302359675 0.11048399448843042 0.17115587014004524
1 0.9089849526223699 0.5243617977709789 0.12281937056996597 0.18194782092583353
1 0.8284419012532258 0.6799632884653539 0.12463653855474384 0.1882705955329392
1 0.8100208706071473 0.5352329853222008 0.1199835306460784 0.15062504631872747