1 0.9083739421216096 0.03835343806708409 0.13637711575678074 0.03750261284152788
1 0.35045794240395833 0.32264525151861145 0.16703485253201383 0.10843336189159736
1 0.7637516868599378 0.03655193588288258 0.15374662628012442 0.04102765634451402
1 0.9174249055016682 0.2724745181392022 0.1216313472703419 0.10581620174736121
1 0.19255370811838673 0.2399567720358335 0.16096686305535762 0.11141289152687514
1 0.7783616764777685 0.18865994975059092 0.16096686305535748 0.11141289152687514
1 0.06472411070687034 0.43457632817225705 0.12944822141374068 0.10977765634451404
1 0.35501736881113966 0.41897539086128505 0.16556335779368575 0.10995949430041688
1 0.9117657106786353 0.18159494500093828 0.1341313472703419 0.10610714247680564
1 0.19600566083392726 0.32843804378732655 0.16409186305535756 0.1114856267092362
1 0.7766087316547357 0.09787129559027843 0.16234735253201382 0.10832425911805568
1 0.06285777381869766 0.3368109753987153 0.12571554763739531 0.10799695079743063
1 0.49207556598265967 0.2148535481557296 0.162347352532014 0.1083242591180557
1 0.8117000083160308 0.4624617788727784 0.1611488735787013 0.11453789152687506
1 0.33679580275789284 0.1408315538553128 0.16243835779368573 0.10988675911805568
1 0.6534856899142968 0.47911933595913253 0.17034186305535748 0.11163109707395832
1 0.19153651066451802 0.14996755167111128 0.1639098525320139 0.10836062670923621
1 0.7922506002541138 0.28598954464034787 0.151409852532014 0.10806968597979179
1 0.5006777502823487 0.3089308564763546 0.165472352532014 0.10839699430041679
1 0.4829721237198756 0.048792137061562914 0.16530575256024882 0.07874586189159735
1 0.059451323733993054 0.15848595364722226 0.11890264746798611 0.10759690729444453
1 0.055658465799132986 0.06771548328250004 0.11131693159826597 0.0948059665650001
1 0.63213912386105 0.20090276377079913 0.16069384727034208 0.10672539152687514
1 0.9204673345396854 0.36798703989069526 0.11363683674699843 0.10250936379145843
1 0.18734881057981342 0.060686846124027936 0.15987479991529535 0.09266289152687512
1 0.3348153447806804 0.05394914969500029 0.15491428413027988 0.08786628875333347
1 0.9111125342714541 0.08535572463621603 0.13725634727034192 0.10617987765916678
1 0.6483717976373953 0.298286910047327 0.170159852532014 0.1085060970739585
1 0.062144413253001664 0.2539257402163543 0.12428882650600333 0.10785148043270851
1 0.19982933987194446 0.42396874933440987 0.1627113735787013 0.11457425911805572
1 0.3523558294191879 0.5049674422480559 0.16565436305535766 0.11152199430041669
1 0.0696016910179532 0.5348127175149306 0.1392033820359064 0.10846972948277803
1 0.6469542398295921 0.38978407902527834 0.173284852532014 0.10857883225631956
1 0.8058133003388184 0.37548845573451456 0.15775085779368575 0.10977765634451409
1 0.4853166027437754 0.1294245412218754 0.16243835779368573 0.10988675911805568
1 0.6234074079207426 0.041890786472222746 0.1531851841585148 0.05817878875333345
1 0.2056782504941102 0.5250227562682641 0.16252936305535756 0.11144925911805573
1 0.3471880002117615 0.23103897976711835 0.16997784200867017 0.10538109707395851
1 0.505972924058694 0.40606042961461847 0.16565436305535747 0.11152199430041673
1 0.5041381372975783 0.49128941479697963 0.1689613735787013 0.11471972948277784
1 0.6285051606221657 0.11554649201930609 0.15738683674699844 0.103527656344514
1 0.9258458083019134 0.4502546792333689 0.10333637357870132 0.11319229065319444
0 0.3560015580901518 0.21403331772302114 0.052259720990217674 0.0667523953265973
0 0.5764036053040241 0.056442942532396324 0.03307010523343692 0.03197735182361114