1 0.7703125 0.665625 0.06875 0.17734375
1 0.70546875 0.6640625 0.071875 0.18125
1 0.90703125 0.0359375 0.06953125 0.071875
1 0.85 0.6640625 0.0734375 0.175
1 0.85 0.95859375 0.06875 0.0828125
1 0.7796875 0.95859375 0.071875 0.0828125
1 0.775 0.834375 0.071875 0.17109375
1 0.96875 0.665625 0.0625 0.16796875
1 0.775 0.31953125 0.0703125 0.16328125
1 0.91640625 0.665625 0.078125 0.171875
1 0.9671875 0.03515625 0.065625 0.0703125
1 0.84921875 0.8390625 0.071875 0.17265625
1 0.7046875 0.95859375 0.071875 0.0828125
1 0.915625 0.9546875 0.06875 0.08984375
1 0.70546875 0.8421875 0.07109375 0.16953125
1 0.90625 0.31875 0.06953125 0.16015625
1 0.9703125 0.9546875 0.059375 0.08984375
1 0.90703125 0.15390625 0.06796875 0.16796875
1 0.9734375 0.828125 0.053125 0.171875
1 0.77109375 0.4828125 0.06953125 0.17109375
1 0.96875 0.15234375 0.0625 0.1640625
1 0.7 0.3203125 0.0703125 0.1625
1 0.84375 0.3125 0.071875 0.1640625
1 0.971875 0.478125 0.05625 0.16796875
1 0.7 0.4828125 0.06796875 0.1703125
1 0.90703125 0.47890625 0.07265625 0.16796875
1 0.91328125 0.83515625 0.06953125 0.16953125
1 0.84453125 0.48203125 0.071875 0.17109375
1 0.9921875 0.3125 0.015625 0.1640625
1 0.77265625 0.1578125 0.0671875 0.1609375
1 0.9703125 0.31875 0.059375 0.16015625
1 0.8421875 0.14921875 0.07265625 0.17265625
1 0.70234375 0.16171875 0.06953125 0.16484375
1 0.84140625 0.0375 0.071875 0.07421875
1 0.77578125 0.0390625 0.06796875 0.075
1 0.70546875 0.0390625 0.071875 0.078125
0 0.8625 0.4234375 0.0296875 0.03671875
0 0.928125 0.096875 0.025 0.03515625
0 0.9984375 0.59765625 0.003125 0.0390625
0 0.79609375 0.2609375 0.0234375 0.03359375
0 0.9390625 0.77265625 0.02578125 0.0390625