1 0.5929767692628974 0.9001578813619797 0.16676183674699843 0.10374586189159736
1 0.31274396671676613 0.9784549211621529 0.1482246683734992 0.04309015767569413
1 0.7343298113562723 0.89093096456823 0.15122784200867018 0.10494468597979179
1 0.5988557719643206 0.9672566955728128 0.1606182525602488 0.06548660885437449
1 0.5845187981315055 0.817036256836945 0.1572958314853265 0.10196515634451409
1 0.8710870877352187 0.9583476685967017 0.15335178413027997 0.0833046628065965
1 0.8697499138176991 0.7149341218626744 0.15398882096198285 0.09876742116215294
1 0.8637358612715677 0.8047596880670842 0.16648882096198286 0.09905836189159736
1 0.044557646434916824 0.854107578172257 0.08911529286983365 0.09967530452090294
1 0.0442622438464332 0.9448416809457987 0.0885244876928664 0.09967530452090294
1 0.16329770356258658 0.9805609753987152 0.1587071420651399 0.03887804920256954
1 0.7384643035343517 0.9630520459715282 0.1546412683452644 0.07389590805694368
1 0.44275696138450715 0.9138722764042365 0.15702281570031093 0.09727765634451409
1 0.15297412456692167 0.9329437058314237 0.1651083314853265 0.10214699430041704
1 0.1422634086972015 0.8482050299196182 0.1668528420086702 0.10530836189159735
1 0.8765551087113188 0.8801597315700702 0.15260833148532668 0.10185605357097245
1 0.7279880770707007 0.811770141429966 0.16042083148532651 0.10203789152687506
1 0.2940912192064277 0.8337457524685419 0.1572048262236546 0.10040265634451409
1 0.7262806348785038 0.7202002372696534 0.16648882096198286 0.09905836189159736
1 0.29961390613695277 0.9269690756068059 0.1541708314853265 0.10189242116215276
1 0.44996324565596135 0.9714067937873265 0.1570382262518896 0.057186412425346944
1 0.44390150340729484 0.827062607426285 0.1636368367469984 0.1036731267092363
1 0.5788141006776368 0.7269379336986811 0.13809080517696729 0.09371624525034736
1 0.9468129427568943 0.7081223838305217 0.032295831485326686 0.0990557490500695
1 0.44996105858426205 0.7364557912218754 0.16961382096198285 0.09913109707395851
1 0.29284650859837946 0.7476627821038198 0.17935284200867016 0.10559930262104178
1 0.13490520598166097 0.7596328391901738 0.1479208314853265 0.10174695079743082
1 0.046742866250890865 0.9854290069338543 0.09348573250178173 0.029141986132291464
1 0.05036730165423638 0.7603757619678473 0.10073460330847275 0.0968048776591667
1 0.9465413850196782 0.8739655893776049 0.01318181043863902 0.0923693379559026
1 0.9479666481032705 0.7957678541952439 0.01924979991529554 0.08938980832062508
0 0.5184002454441998 0.7568241490294102 0.04079159997176518 0.03059668977951393
0 0.10510577196432061 0.9623396118915973 0.03601309471009327 0.028925087005972117
0 0.3946610956277265 0.9471744324644101 0.03628611049510884 0.03361258700597212
0 0.06338100354846912 0.9668446207253126 0.021859589448421434 0.02703527868534721