1 0.35999152331318274 0.14681027064768268 0.16751695337363454 0.29362054129536536
1 0.5396790233131827 0.1457921159691378 0.17689195337363445 0.2915842319382756
1 0.6951932266470464 0.14096770862509284 0.17211354670590726 0.28193541725018567
1 0.5435461739338212 0.4811092612587761 0.17333169605345197 0.395713584022908
1 0.6951359459341393 0.477001921904868 0.17018851471990679 0.3941147213558171
1 0.7120025358848234 0.8400377239020045 0.16602717870781625 0.3050158586887264
1 0.366211514600594 0.4823915926161842 0.1670635147199066 0.3940783586887263
1 0.38851958255095986 0.8477075099459116 0.17218627204008907 0.29727608402290817
1 0.8613031018857779 0.8312701565484145 0.17244081070972533 0.3191510840229082
1 0.20842902331318275 0.14769206532463677 0.16751695337363454 0.29538413064927355
1 0.05859375 0.1484375 0.1171875 0.296875
1 0.8412869766470464 0.1401177312818433 0.17211354670590717 0.2802354625636866
1 0.07180862862032031 0.840524455323046 0.14361725724064062 0.31895108935390803
1 0.059959705979478216 0.4953755873249549 0.11991941195895643 0.38893632535009015
1 0.845117764600594 0.4768190138845053 0.17017033338636126 0.39255222135581713
1 0.23708435188577798 0.8385335992998197 0.17244081070972533 0.3191510840229082
1 0.9670682266470465 0.13907684993636654 0.06586354670590708 0.2781536998727331
1 0.19664390193350306 0.4874892673058649 0.17173283338636117 0.39257040268936266
1 0.9631410586012304 0.4707588232018242 0.06700897071927017 0.38822725334181774
1 0.5620388985519144 0.8386581319223673 0.15984990404199806 0.3111931333545443
0 0.41758529996818333 0.22948422127627538 0.05230793467536325 0.06466248400699967
0 0.27013704061904764 0.34759042596277445 0.05083634134309047 0.07245680267345422