1 0.7476042610812764 0.10000611476787087 0.1143501843053107 0.18925089867609243
1 0.616844588988896 0.8254299538906693 0.10999023292582973 0.1952825748547749
1 0.8673834153105766 0.2830283223780847 0.1131152329258299 0.1954281240689866
1 0.5482550412728882 0.8106996739068799 0.11336089439121899 0.20011562406898661
1 0.8681470601560808 0.9376408937182029 0.041109678878243724 0.0408818651776464
1 0.801879087518558 0.6406803105912604 0.10999023292582981 0.1952825748547749
1 0.7288134017429091 0.6518768298216828 0.11327900723608923 0.19855312406898662
1 0.8182698908887753 0.9376259311455903 0.09135534034363317 0.04789815260503403
1 0.8724815145877794 0.646744065967944 0.11303334577069997 0.1938656240689866
1 0.6143359011770823 0.4569175483901514 0.10999023292582973 0.1952825748547749
1 0.6472325310961228 0.6471037466947404 0.10694712008095948 0.19669952564056317
1 0.7950547139310955 0.28016234160850706 0.10999023292582973 0.19528257485477488
1 0.9554610266851087 0.1043532047192389 0.08301829715018094 0.1862329065339753
1 0.840080693127339 0.8337367977709789 0.11336089439121899 0.20011562406898661
1 0.7698058146786364 0.8214230423942954 0.11336089439121899 0.20011562406898661
1 0.7496836651990348 0.9377030138582481 0.09168288896415219 0.05414815260503403
1 0.9756905602676224 0.28343923718422764 0.02339763568479185 0.1787799714639527
1 0.9334211731124927 0.28696665157608575 0.1084277329258299 0.19520980024766904
1 0.8206323253056276 0.10439820823389559 0.1063739099950511 0.18576202564056316
1 0.6760568097017955 0.09710374669474033 0.10974457146044045 0.19059507485477487
1 0.6812367961341281 0.45925699028459954 0.11015400723608923 0.1984075748547749
1 0.6430385125516145 0.2810078658013282 0.10990834577069997 0.19372007485477488
1 0.5765072732942067 0.6433837413180568 0.119610894391219 0.20040672249741007
1 0.5668854483272632 0.27676132154951516 0.1082639586155704 0.19208480024766902
1 0.6955461211010716 0.8256610862318237 0.10999023292582973 0.1952825748547749
1 0.7581711103584794 0.4634671472328596 0.10826395861557003 0.19208480024766902
1 0.9528694566950062 0.4660890713446274 0.05036957146044045 0.18782963978475226
1 0.8343651181603955 0.46693244148467256 0.11007212008095948 0.1968450748547749
1 0.5260381252849431 0.9372086699779386 0.0912668091359686 0.07595037799792799
1 0.6055618509746836 0.93662216501554 0.09093926051544958 0.06970037799792798
1 0.9001151074178033 0.10459295327149684 0.10818207146044045 0.19052230024766903
1 0.5350168933751662 0.4535978033525502 0.10686523292582972 0.19513702564056318
1 0.6740661895092943 0.9381075823028822 0.09044793758467104 0.06032537799792799
1 0.45268251244007285 0.9390665765119138 0.08518058344622811 0.07878427956950489
1 0.7158175932843092 0.2752800965709058 0.11780273292582973 0.1956464478903041
1 0.4713649926523691 0.8205156296550671 0.11171650723608924 0.1984803494618806
1 0.9278683774326497 0.645723067415686 0.06254202283992143 0.18216183664159918
1 0.9036916502725709 0.4676002214684619 0.1099902329258299 0.1952825748547749
1 0.896330693127339 0.831116911915168 0.055138958615570034 0.18961046360606987
1 0.6077571890550091 0.09307779611383982 0.1065376843053107 0.18615559222767963
1 0.6251704183627942 0.008602192515875273 0.08157090456798421 0.017204385031750546
1 0.5030255076903745 0.6327780351555851 0.10176829715018094 0.1871062018192456
1 0.696018506897405 0.006873795597111159 0.07482958163720585 0.013747591194222319
1 0.7651403211217562 0.008007129240782299 0.07614642017181641 0.016014258481564597
0 0.7882138986906915 0.9460398986806016 0.03124335594746519 0.031070217535011223