1 0.98125 0.921875 0.0375 0.0703125
1 0.6734375 0.85 0.11953125 0.07578125
1 0.98125 0.98046875 0.0375 0.0390625
1 0.7765625 0.978125 0.121875 0.04296875
1 0.8953125 0.98046875 0.121875 0.0390625
1 0.80078125 0.7765625 0.1171875 0.0671875
1 0.7859375 0.91953125 0.115625 0.07734375
1 0.3125 0.96875 0.1125 0.0625
1 0.68046875 0.77734375 0.128125 0.07109375
1 0.90078125 0.921875 0.11875 0.07421875
1 0.31640625 0.90078125 0.1109375 0.071875
1 0.45390625 0.76875 0.1234375 0.0765625
1 0.66875 0.915625 0.12421875 0.07734375
1 0.10078125 0.75390625 0.12578125 0.071875
1 0.425 0.9703125 0.125 0.05859375
1 0.43359375 0.90390625 0.121875 0.0734375
1 0.5546875 0.97265625 0.121875 0.0546875
1 0.665625 0.97421875 0.11875 0.0515625
1 0.98125 0.7828125 0.0375 0.07421875
1 0.9828125 0.8578125 0.034375 0.07421875
1 0.21171875 0.82890625 0.12578125 0.07265625
1 0.1875 0.99765625 0.11875 0.0046875
1 0.81328125 0.0890625 0.10625 0.0609375
1 0.2140625 0.75625 0.1125 0.071875
1 0.790625 0.853125 0.11796875 0.07578125
1 0.984375 0.0296875 0.03125 0.05859375
1 0.590625 0.08125 0.10625 0.05859375
1 0.5640625 0.771875 0.11328125 0.07578125
1 0.56328125 0.84609375 0.12109375 0.07421875
1 0.90546875 0.85703125 0.12109375 0.07265625
1 0.9125 0.09140625 0.11171875 0.06171875
1 0.2 0.89296875 0.13046875 0.07578125
1 0.0671875 0.99375 0.128125 0.01171875
1 0.32421875 0.83359375 0.11875 0.07421875
1 0.70234375 0.0875 0.11953125 0.0625
1 0.10078125 0.82421875 0.1125 0.07265625
1 0.90859375 0.7828125 0.109375 0.071875
1 0.55078125 0.909375 0.1171875 0.07734375
1 0.3328125 0.7609375 0.14140625 0.071875
1 0.44609375 0.8375 0.1203125 0.075
1 0.08515625 0.89453125 0.12109375 0.07578125
1 0.37890625 0.075 0.10703125 0.0578125
1 0.47890625 0.08125 0.109375 0.05703125
1 0.19375 0.96484375 0.13125 0.0703125
1 0.91953125 0.028125 0.1140625 0.05625
1 0.984375 0.09375 0.03125 0.0625
1 0.0734375 0.9625 0.128125 0.07421875
1 0.81640625 0.028125 0.1125 0.05625
1 0.70546875 0.02734375 0.115625 0.0546875
1 0.59296875 0.02734375 0.11328125 0.0546875
1 0.0296875 0.75234375 0.05859375 0.071875
1 0.26640625 0.075 0.1359375 0.05546875
1 0.171875 0.08046875 0.11640625 0.0546875
1 0.07578125 0.07421875 0.1 0.05625
1 0.078125 0.025 0.10390625 0.05
1 0.03046875 0.81875 0.0609375 0.071875
1 0.215625 0.0265625 0.24453125 0.05234375
1 0.4359375 0.025 0.221875 0.05
0 0.509375 0.93125 0.03046875 0.0234375
0 0.51171875 0.8625 0.02734375 0.02265625
0 0.6359375 0.86796875 0.028125 0.025