1 0.20234375 0.53203125 0.0765625 0.17890625
1 0.0078125 0.8828125 0.015625 0.1796875
1 0.1265625 0.53046875 0.078125 0.178125
1 0.05625 0.7109375 0.07734375 0.1765625
1 0.2078125 0.040625 0.078125 0.08125
1 0.134375 0.0390625 0.075 0.078125
1 0.1234375 0.71171875 0.07734375 0.17890625
1 0.19765625 0.7140625 0.07578125 0.1796875
1 0.053125 0.884375 0.07734375 0.18046875
1 0.0125 0.1640625 0.025 0.1796875
1 0.015625 0.03515625 0.03125 0.0703125
1 0.11953125 0.8875 0.07734375 0.18125
1 0.0671875 0.0375 0.078125 0.07421875
1 0.19453125 0.88828125 0.0765625 0.1796875
1 0.06484375 0.1625 0.078125 0.1796875
1 0.1328125 0.1734375 0.07578125 0.18203125
1 0.20546875 0.346875 0.0765625 0.18203125
1 0.0125 0.33984375 0.025 0.1796875
1 0.2078125 0.16640625 0.07734375 0.178125
1 0.0109375 0.521875 0.021875 0.18359375
1 0.0640625 0.3421875 0.07734375 0.18359375
1 0.009375 0.709375 0.01875 0.17578125
1 0.28046875 0.3484375 0.07734375 0.18203125
1 0.27109375 0.53359375 0.075 0.1765625
1 0.05859375 0.528125 0.07578125 0.17890625
1 0.13046875 0.34765625 0.0765625 0.17890625
1 0.2671875 0.715625 0.07578125 0.18515625
1 0.2640625 0.890625 0.0765625 0.1765625
1 0.28125 0.04296875 0.075 0.0859375
1 0.28359375 0.1765625 0.0765625 0.18125
1 0.19296875 0.9890625 0.07578125 0.01796875
1 0.00625 0.9859375 0.0125 0.01953125
0 0.15234375 0.41484375 0.0234375 0.0296875
1 0.04609375 0.9859375 0.08359375 0.025
1 0.2640625 0.9890625 0.08203125 0.01953125
1 0.115625 0.9875 0.08046875 0.021875