1 0.87265625 0.70859375 0.071875 0.1703125
1 0.7984375 0.7140625 0.071875 0.16875
1 0.9828125 0.5484375 0.034375 0.16796875
1 0.9828125 0.21875 0.034375 0.1640625
1 0.79765625 0.54296875 0.0703125 0.1640625
1 0.9328125 0.70859375 0.0703125 0.17109375
1 0.72578125 0.70625 0.0703125 0.171875
1 0.86953125 0.53984375 0.07109375 0.16484375
1 0.9859375 0.87890625 0.028125 0.171875
1 0.8703125 0.984375 0.071875 0.03125
1 0.93125 0.540625 0.07109375 0.165625
1 0.7984375 0.21796875 0.06953125 0.1671875
1 0.9828125 0.06640625 0.034375 0.1328125
1 0.8671875 0.22109375 0.071875 0.1671875
1 0.7984375 0.98203125 0.071875 0.0359375
1 0.725 0.984375 0.06875 0.03125
1 0.73046875 0.54765625 0.071875 0.165625
1 0.8703125 0.8828125 0.0703125 0.1734375
1 0.984375 0.7046875 0.03125 0.16796875
1 0.73046875 0.378125 0.06953125 0.16640625
1 0.93203125 0.0703125 0.06875 0.13515625
1 0.9859375 0.98046875 0.028125 0.0390625
1 0.9328125 0.984375 0.071875 0.03125
1 0.8703125 0.3875 0.06953125 0.16875
1 0.7984375 0.8796875 0.07109375 0.171875
1 0.7984375 0.06484375 0.07109375 0.1296875
1 0.93125 0.2171875 0.06796875 0.1625
1 0.9328125 0.38671875 0.07109375 0.16796875
1 0.9828125 0.3765625 0.034375 0.16796875
1 0.796875 0.378125 0.07265625 0.1671875
1 0.93515625 0.88203125 0.0734375 0.17265625
1 0.8796875 0.06796875 0.08671875 0.13515625
1 0.728125 0.21875 0.0703125 0.16640625
1 0.7296875 0.88125 0.07265625 0.17421875
1 0.728125 0.06328125 0.075 0.1265625
0 0.8234375 0.1515625 0.01875 0.03359375
0 0.7546875 0.31796875 0.01875 0.01953125
0 0.9609375 0.48515625 0.0234375 0.025