0 0.8492212725573232 0.7704837355911819 0.03940794533736351 0.031279174904859805
1 0.07095520062859266 0.6290070676807664 0.14191040125718532 0.14823586463846716
1 0.6714133512094602 0.884709356161148 0.25334427068745347 0.16337538638729682
1 0.21509172056018672 0.7752387860461047 0.2502192706874536 0.16324805239490825
1 0.2403649879058225 0.6836269476050918 0.2502192706874536 0.16324805239490825
1 0.03346319661045713 0.8632839085932374 0.06692639322091426 0.07655718281352505
1 0.633331548536006 0.9362373640698134 0.24618520401018137 0.08499571840251932
1 0.057909760622229314 0.7209226536503215 0.11581952124445863 0.14252969269935695
1 0.8531451565484145 0.8359177346025988 0.1279261000159085 0.12234452669174552
1 0.44403378588482345 0.8299422376055293 0.25336245202099905 0.16493788638729692
1 0.41652585654046037 0.912274576540834 0.25007382001909007 0.15074805239490843
1 0.8264912025382332 0.9119682400398063 0.13250451201463562 0.11316052768032918
1 0.4693070532304593 0.7383303991645163 0.2517817706874535 0.16331171939110262
1 0.7519115625795949 0.6104640898495257 0.23929995202099902 0.1643648834215476
1 0.695841733887687 0.7985981012182324 0.2549067706874535 0.16343905338349138
1 0.04567284261618414 0.8104626561217796 0.09134568523236827 0.141574687756441
1 0.9139388479074133 0.6444677222453091 0.11548064401654479 0.1265226907221905
1 0.5206166565881855 0.5566373887843928 0.24556813335454453 0.1661820514063251
1 0.3018035692632305 0.5038638517497048 0.24554995202099902 0.16461955140632512
1 0.4929723672422314 0.6506884777196975 0.2533442706874535 0.163375386387297
1 0.723486023233641 0.7045470122829276 0.25021927068745364 0.16324805239490825
1 0.8800354678946867 0.7395547291653912 0.12952496268299923 0.12553319368794008
1 0.26482064258436744 0.5951719426621759 0.2502192706874536 0.16324805239490825
1 0.09542903664068302 0.44992706273785055 0.19085807328136603 0.1501458745242989
1 0.1882832252148691 0.8645705414833124 0.2502010893539081 0.16168555239490834
1 0.08238359663431967 0.5441863987074057 0.16476719326863934 0.14912720258518863