1 0.30689911625089084 0.5007664032242064 0.24863346302712275 0.14870728949430206
1 0.09733221338005857 0.537979497104516 0.19466442676011714 0.14158399420903187
1 0.6519114244822171 0.871701911286977 0.2387124314570917 0.13889564185166706
1 0.04812262670364739 0.8822538819268694 0.09624525340729478 0.13325776385373872
1 0.24441671387416877 0.7665519150110307 0.242201452503779 0.1452911910658786
1 0.47086509278512906 0.7387138211307211 0.23880343671876342 0.14045814185166705
1 0.060690516137951386 0.8030394168730576 0.12138103227590277 0.14045383374611511
1 0.11058649491479608 0.4473009931755745 0.22117298982959216 0.14521841645877273
1 0.7998645351185003 0.9728447644729116 0.15684080517696727 0.0543104710541769
1 0.12746078718463877 0.36706983767505647 0.23567843671876348 0.14031259263745516
1 0.6759929375658095 0.7944865938758002 0.23576944198043534 0.14187509263745515
1 0.6264116245669216 0.9451852602343838 0.2387124314570915 0.10962947953123248
1 0.8661243848785037 0.7445894094249501 0.14883088410204487 0.12068498924663303
1 0.8868911821629635 0.6570359054960088 0.14883088410204479 0.12068498924663303
1 0.08605380816073901 0.6305479867654336 0.17210761632147803 0.1423459735308672
1 0.8420050744398647 0.83590361413968 0.15204688936371688 0.12239303846084475
1 0.49319439006958854 0.6512330918088857 0.24670694198043536 0.1423845148871962
1 0.2803905531814158 0.5927526960282774 0.23898544724210719 0.14358314185166687
1 0.42257326400122563 0.9088058432566278 0.23420694198043535 0.1418023180303493
1 0.6104002167167663 0.9878811054577368 0.23103716837349922 0.02423778908452654
1 0.4513800744398647 0.8177099623632156 0.23567843671876343 0.14031259263745532
1 0.8232558034637645 0.9157173926757272 0.15204688936371688 0.12239303846084475
1 0.19331840350611681 0.9310296379227255 0.24312691567207606 0.13442646567298447
1 0.20954191395887337 0.8542316974760193 0.24836044724210718 0.1440197894943019
1 0.5407049688534918 0.4811046823794262 0.23742294724210708 0.143510367244561
1 0.2587059980044486 0.6826135626536658 0.243763952503779 0.14536396567298446
1 0.5241174373540479 0.5641526228261323 0.2388034367187636 0.14045814185166705
1 0.7053989874811049 0.7065521002859411 0.23420694198043535 0.1418023180303493
1 0.33010837407281146 0.4250771985094767 0.24514444198043533 0.14231174028009033
1 0.4022992903801721 0.9611665940851972 0.23046031570031095 0.07766681182960547
1 0.07504841872643501 0.7129602264263515 0.15009683745287003 0.14154545285270287
1 0.9049502084007355 0.5756232396564085 0.13476838410204478 0.12003001778268044
0 0.20682425056469733 0.604993676797855 0.05071263154179624 0.04131851282028158
0 0.8174579136765245 0.5848654989620334 0.03637711575678075 0.035976041356328814
0 0.04056773193708437 0.3794734842842343 0.041155621018452535 0.037756865177646405
0 0.5242539452465558 0.5618088728261323 0.22392188936371688 0.1257406703877141
0 0.3562936295462448 0.6479903136871231 0.047678636803468066 0.042735463606069855
0 0.24000004258748495 0.5195848697257605 0.04713260523343692 0.033360463606069854
0 0.2639373425027804 0.4313956650110307 0.06541216837349921 0.05291098428423435
0 0.1121557636482898 0.522247489246633 0.05365562101845254 0.03833906203449331
1 0.7500120794191879 0.53237189164227 0.21905237884037304 0.1223973465663967
1 0.7319530531814159 0.6137845574818701 0.2227234104104042 0.13191789578060842