1 0.6418978656913195 0.0421338802742396 0.205670731382639 0.0842677605484792
1 0.127822407578785 0.31705260525284895 0.20105596656500008 0.12174237510244393
1 0.01875522568305578 0.26816780314315314 0.0271093202884723 0.09178939371369373
1 0.6635559665650002 0.08171634119422232 0.20588893692972227 0.12821069892376144
1 0.8685363669255904 0.1855732795740138 0.19015483415618065 0.12279545285270288
1 0.02922190662885446 0.3482362928040709 0.044187717514930634 0.08790241439185813
1 0.8179148518236111 0.014402678454994012 0.18895470364722228 0.028805356909988023
1 0.09934930262104182 0.1689982489665427 0.19324346656500008 0.12137850206691461
1 0.30080335305788214 0.18855296195344 0.2042537017473612 0.12501292431665556
1 0.4754935753224654 0.13349081865403106 0.2027275693385418 0.12650264970954975
1 0.8282354091943056 0.04905914154433523 0.19967530452090293 0.09811828308867046
1 0.08688436379145842 0.1038826712162837 0.1709320554708334 0.1016096575674326
1 0.6952631742962849 0.23431264826631687 0.20418096656499998 0.12188792431665565
1 0.46542693787965284 0.07060982899311327 0.20425370174736113 0.12501292431665562
1 0.14264928020395867 0.38284027109244917 0.2010559665650001 0.12174237510244383
1 0.497806292837396 0.21848224876165495 0.20588893692972227 0.1282106989237615
1 0.850475391526875 0.11524366294862529 0.1915718637914586 0.11661822745980874
1 0.33634407560680585 0.33784233250776996 0.20265483415618063 0.12337764970954979
1 0.6237829921162152 0.0025812287026630285 0.19444098423243047 0.005162457405326057
1 0.11417617524621548 0.23478591480614291 0.19789459897381953 0.1200343258882322
1 0.2835236276591668 0.11818695802449859 0.20261846656500007 0.12181514970954974
1 0.5203911140757989 0.2815622915657259 0.202618466565 0.12181514970954979
1 0.6780380002843405 0.16629039433737544 0.20105596656499997 0.12174237510244387
1 0.4391358883927431 0.02882270512901447 0.20014677678548617 0.05764541025802894
1 0.04165047786725729 0.4117893705543299 0.06613545269729174 0.09204625889134022
1 0.2648632402163542 0.05570622870266303 0.19749455547083344 0.10284682588823217
1 0.3135774164125002 0.26694978970369904 0.20421733415618065 0.12345042431665565
0 0.6580131749618751 0.016494948409287412 0.04782055737069442 0.032989896818574824