1 0.5515625 0.97421875 0.084375 0.0515625
1 0.71875 0.659375 0.08203125 0.196875
1 0.646875 0.65546875 0.08125 0.19453125
1 0.5828125 0.26328125 0.08046875 0.19140625
1 0.6515625 0.459375 0.08125 0.19296875
1 0.8734375 0.98046875 0.084375 0.0390625
1 0.88046875 0.8640625 0.08046875 0.196875
1 0.575 0.45625 0.0828125 0.19375
1 0.79140625 0.86015625 0.0828125 0.1953125
1 0.79375 0.6625 0.08515625 0.1953125
1 0.784375 0.978125 0.08125 0.04296875
1 0.9671875 0.0953125 0.065625 0.18359375
1 0.9484375 0.98203125 0.084375 0.0359375
1 0.725 0.46484375 0.084375 0.19296875
1 0.625 0.97421875 0.08125 0.0515625
1 0.55703125 0.85078125 0.08125 0.19296875
1 0.47578125 0.8484375 0.08203125 0.1921875
1 0.884375 0.6671875 0.08203125 0.1953125
1 0.896875 0.08984375 0.08125 0.1796875
1 0.80703125 0.4671875 0.08046875 0.1921875
1 0.64140625 0.85703125 0.08125 0.19765625
1 0.5609375 0.6546875 0.08359375 0.1953125
1 0.9609375 0.2828125 0.078125 0.19140625
1 0.71328125 0.8578125 0.08359375 0.1953125
1 0.95390625 0.86875 0.08359375 0.19453125
1 0.8890625 0.471875 0.08046875 0.19296875
1 0.8171875 0.28203125 0.08046875 0.1875
1 0.5 0.2625 0.08203125 0.19375
1 0.65546875 0.27265625 0.08046875 0.190625
1 0.89375 0.27734375 0.08125 0.1921875
1 0.72890625 0.2765625 0.08203125 0.18828125
1 0.5 0.08515625 0.0828125 0.16875
1 0.48046875 0.65 0.0796875 0.19609375
1 0.4671875 0.97265625 0.084375 0.0546875
1 0.734375 0.0859375 0.08125 0.171875
1 0.49296875 0.45625 0.08125 0.19296875
1 0.821875 0.08984375 0.0828125 0.1796875
1 0.715625 0.978125 0.08125 0.04296875
1 0.5875 0.0828125 0.08125 0.165625
1 0.9578125 0.475 0.084375 0.19140625
1 0.9609375 0.6703125 0.078125 0.19140625
1 0.66015625 0.08515625 0.0859375 0.1703125
0 0.67734375 0.38828125 0.02734375 0.0375
0 0.6015625 0.1984375 0.028125 0.0359375
0 0.609375 0.0109375 0.0234375 0.021875