1 0.1664888814977647 0.6260027215989932 0.21739778003177207 0.10658122758291685
1 0.033164597201988985 0.7244194249618751 0.06632919440397797 0.09698540919430557
1 0.6193824618571437 0.9549833398073092 0.21583528003177221 0.09003332038538155
1 0.8688330369382214 0.9507796700215977 0.2283625535707224 0.09844065995680466
1 0.8610047203785604 0.7773789172655216 0.2315148271096728 0.11003353590354195
1 0.3885490677807725 0.7101095371378128 0.2205500535707224 0.10821646276527801
1 0.18682510633725655 0.8937721030578821 0.21430005357072246 0.1080709924005557
1 0.1750496294691698 0.7176453609416669 0.22523755357072245 0.10832556553881964
1 0.033620541804542554 0.8065052263486459 0.06724108360908511 0.09698540919430557
1 0.3933399334469293 0.793848757502535 0.2237023271096728 0.10985169794763898
1 0.03006973498576159 0.6328858883927431 0.06013946997152318 0.10000130642076392
1 0.8647961477331144 0.8735999538346535 0.22992505357072232 0.10843466831236129
1 0.37541564245481335 0.522227677430417 0.22997960064862308 0.11155966831236128
1 0.16187529383478508 0.5321072512342709 0.2158898271096728 0.10966985999173637
1 0.18296549513532662 0.8014573164887502 0.21739778003177213 0.10658122758291703
1 0.6169217094215116 0.8803356906325351 0.2268273271096728 0.10992443312999996
1 0.9807154281719235 0.9489837731731953 0.00796823295387128 0.0985829703647223
1 0.4052245044708174 0.9574884577312848 0.22973413879807011 0.08502308453743054
1 0.615433121758532 0.7865129554501741 0.2315148271096728 0.11003353590354177
1 0.03675631432919545 0.8956950129177776 0.0735126286583909 0.09865701196784755
1 0.03711680154542284 0.9696949041603127 0.07423360309084567 0.06061019167937474
1 0.37846673011779297 0.6160867802039587 0.22364778003177205 0.10672669794763898
1 0.6084621473260773 0.6933441836986811 0.2283898271096728 0.1099608007211808
1 0.40340863434043384 0.8886527644363893 0.22989778003177216 0.10687216831236128
1 0.9682247053610264 0.5899536120790285 0.0454955064928221 0.10101829255305575
1 0.6061571278443167 0.5119668971295491 0.2409171006486231 0.11181424145062521
1 0.6052883287378211 0.6065163309251395 0.22995232710967278 0.10999716831236128
1 0.8414691107981881 0.4189663520110424 0.2362023271096728 0.11014263867708358
1 0.8485764529253945 0.5043226237625354 0.2237023271096728 0.10985169794763898
1 0.9806529728141922 0.8630099055820146 0.011093232953871279 0.09865570554708328
1 0.9682849809285716 0.49694849448784806 0.04859323295387128 0.09952852773541672
1 0.36981625324970613 0.4400327732701045 0.2331046006486231 0.11163240349472243
1 0.5998037621781599 0.42819130917364634 0.22989778003177222 0.10687216831236128
1 0.9729143851512128 0.7690417000349313 0.029843232953871278 0.09909211664125017
1 0.975332047488233 0.6753098838305217 0.02828073295387128 0.0990557490500695
1 0.028544191154271793 0.5390449694147916 0.057088382308543587 0.09996493882958327
1 0.8555962459461055 0.6842465131052091 0.22997960064862327 0.11155966831236128
1 0.18484382062344157 0.9588853439398264 0.22022277110331837 0.08222931212034723
1 0.8484752670494238 0.599671491353716 0.2237023271096728 0.10985169794763898
1 0.9698941197266417 0.4047609944878481 0.043851185875971053 0.09629442496187504
1 0.1601957913991531 0.4492220160519098 0.2158898271096728 0.10966985999173633
1 0.028485689936455803 0.4546517856192015 0.05697137987291161 0.09680357123840296
0 0.5147763770335378 0.6427064444322574 0.039635244317957154 0.03372168977951393
0 0.47409328125617867 0.9137449898351047 0.039635244317957154 0.03372168977951375
0 0.4521514663180753 0.46930400560267405 0.04591251785690744 0.035429660144236055
0 0.07597475000329527 0.48321384992375005 0.03640115016215577 0.027398954597152782
0 0.9105094370970821 0.44870970981857716 0.03651024431795733 0.03364895459715278
0 0.5094088129095086 0.5472302902719448 0.038045470779006864 0.03212282218833344
0 0.02672872646434495 0.4836307708015625 0.033303423701106116 0.028888719414791632
0 0.9222712771956936 0.6256177019347925 0.03338524431795733 0.03357621941479181
0 0.9299962280891979 0.7203671574818757 0.03651024431795733 0.03364895459715278
0 0.03135022240715517 0.6666251087574653 0.03645569724005646 0.03052395459715278
0 0.07687300243892728 0.5660809013105209 0.03651024431795715 0.03364895459715278
0 0.9331018628300782 0.8111012602554176 0.055560253246410694 0.05127286569131959