1 0.07440793276559188 0.27384087459461054 0.10090458511458977 0.1938511858759707
1 0.13660405588513003 0.28916981980607215 0.11827394154108051 0.20040119480442442
1 0.20594612311953817 0.015015299513532662 0.09314224623907633 0.030030599027065324
1 0.2482365746897485 0.12307544115427178 0.11662051332783516 0.19724892126547414
1 0.05066185886726619 0.4516891850651918 0.08068301332783515 0.19662162986961634
1 0.03477374907556317 0.6309636278410214 0.03845004922121246 0.19432274431795715
1 0.27336094365265157 0.02225505519557552 0.09672188730530315 0.04451011039115104
1 0.21053827870073433 0.6810476282480585 0.11652958511458973 0.19412392126547412
1 0.11286136434404952 0.0924641895294187 0.11009772868809904 0.1849283790588374
1 0.247497406439126 0.5006237426963993 0.11813754922121245 0.1957136948044244
1 0.13577395942126216 0.6635931213481997 0.12282504922121244 0.19579551542127546
1 0.17195521951689902 0.10721070779336328 0.11979097743445784 0.1988659683433748
1 0.10111649993349299 0.46644143181878095 0.11671144154108051 0.20037392126547413
1 0.17038933715965382 0.48321014610496593 0.12139894154108051 0.20045574188232518
1 0.17948817016267257 0.8496436696439164 0.11455790815498564 0.18003414772652385
1 0.1024482970431344 0.8345738230524831 0.11768290815498564 0.1800886948044244
1 0.3182224657559753 0.13748676867098167 0.11662051332783516 0.19724892126547414
1 0.07116589014178999 0.6459613364451636 0.11032504922121247 0.1955773271096728
1 0.20888823284473418 0.3019777370143565 0.12479672618081654 0.20988528896022585
1 0.2822264444440744 0.32414701745316565 0.11850126207419391 0.2082136948044245
1 0.34700303213245365 0.028631740260767362 0.09400606426490725 0.057263480521534724
1 0.058289120083530266 0.8212749821430926 0.07393290815498563 0.1793250357138149
0 0.24693981380268887 0.3740066956184987 0.03569345909205772 0.04591251785690744
0 0.09438311513547235 0.396210752435632 0.035511602665567035 0.03966251785690744
0 0.07242085009177757 0.5279107658283125 0.04359688730530311 0.049173885551659066