1 0.203125 0.7703125 0.0703125 0.16796875
1 0.26953125 0.76875 0.0703125 0.16640625
1 0.26875 0.9234375 0.06875 0.15234375
1 0.2015625 0.92578125 0.071875 0.1484375
1 0.471875 0.92578125 0.06875 0.1484375
1 0.47578125 0.59921875 0.0703125 0.16484375
1 0.13125 0.76640625 0.06875 0.16484375
1 0.47265625 0.771875 0.06875 0.16640625
1 0.0125 0.75625 0.025 0.16796875
1 0.26953125 0.596875 0.07109375 0.165625
1 0.20546875 0.59609375 0.0703125 0.16484375
1 0.0125 0.921875 0.025 0.15625
1 0.0671875 0.76640625 0.071875 0.1625
1 0.0125 0.58984375 0.025 0.1640625
1 0.41015625 0.7671875 0.06953125 0.1640625
1 0.54609375 0.77109375 0.06875 0.16328125
1 0.67734375 0.7765625 0.06875 0.17109375
1 0.546875 0.92578125 0.06875 0.1484375
1 0.13125 0.59453125 0.06953125 0.16015625
1 0.409375 0.92734375 0.06875 0.1453125
1 0.67578125 0.603125 0.06640625 0.16640625
1 0.4078125 0.596875 0.071875 0.1640625
1 0.340625 0.76796875 0.0703125 0.1640625
1 0.0671875 0.59296875 0.07265625 0.16171875
1 0.3375 0.9234375 0.06875 0.15234375
1 0.1296875 0.9234375 0.071875 0.15234375
1 0.0671875 0.9234375 0.071875 0.15234375
1 0.3375 0.59765625 0.06875 0.16328125
1 0.684375 0.92578125 0.0625 0.1484375
1 0.54375 0.60234375 0.0671875 0.16484375
1 0.61171875 0.60234375 0.06796875 0.16640625
1 0.6109375 0.92578125 0.071875 0.1484375
1 0.615625 0.771875 0.06875 0.1640625
0 0.153125 0.87421875 0.0265625 0.034375
0 0.0109375 0.51796875 0.0203125 0.01875
0 0.0078125 0.54296875 0.015625 0.0234375
0 0.009375 0.64453125 0.01875 0.0546875
0 0.36640625 0.8234375 0.01640625 0.02265625
0 0.634375 0.70703125 0.01796875 0.0265625