0 0.9390625 0.54375 0.01953125 0.03671875
1 0.959375 0.115625 0.08125 0.16015625
1 0.8828125 0.1140625 0.0703125 0.15859375
1 0.9671875 0.440625 0.06484375 0.165625
1 0.9 0.43828125 0.07109375 0.16328125
1 0.82890625 0.43828125 0.07265625 0.16484375
1 0.0625 0.98046875 0.06875 0.0390625
1 0.8453125 0.9296875 0.071875 0.140625
1 0.009375 0.87109375 0.01875 0.171875
1 0.009375 0.98046875 0.01875 0.0390625
1 0.825 0.278125 0.0734375 0.15859375
1 0.89375 0.2796875 0.06875 0.1609375
1 0.90625 0.7765625 0.06953125 0.1703125
1 0.9234375 0.92578125 0.078125 0.1484375
1 0.9015625 0.60859375 0.0703125 0.16328125
1 0.0625 0.87578125 0.06953125 0.16953125
1 0.96953125 0.609375 0.0609375 0.1640625
1 0.83984375 0.60625 0.071875 0.1671875
1 0.84453125 0.77265625 0.071875 0.165625
1 0.971875 0.77578125 0.05625 0.16796875
1 0.815625 0.1140625 0.071875 0.16015625
1 0.9625 0.27578125 0.075 0.1625
1 0.971875 0.92578125 0.05625 0.1484375
1 0.9578125 0.0171875 0.084375 0.034375
1 0.878125 0.01640625 0.07890625 0.0328125