1 0.9922970426276251 0.17940205270260198 0.015405914744749793 0.12356476502711464
1 0.9842803222513803 0.9046111309614332 0.03143935549723942 0.12846134328594588
1 0.9508232728399214 0.1742105586545303 0.08780097241038014 0.12547269867214011
1 0.9899953154675465 0.5388452303956991 0.020009369064906933 0.12370112041330898
1 0.9460682530522178 0.29224294116808763 0.09117163387576924 0.13017837939029936
1 0.9928425972410381 0.07157137198444274 0.014314805517923902 0.1047784035907962
1 0.944724838307468 0.41572589296348567 0.09273413387576923 0.130187469749379
1 0.9898581173674259 0.2966213689593807 0.02028376526514819 0.1267533975406719
1 0.9832384616677879 0.9796565827568312 0.03352307666442407 0.030032933645025395
1 0.9899267164174862 0.4200770496775399 0.02014656716502756 0.12991475897699037
1 0.986548289517607 0.6607747725501769 0.02690342096478595 0.12374657220870695
1 0.9345817921733399 0.9081224712223168 0.08969102103089917 0.13173178903121965
1 0.9364198518751354 0.779166224247379 0.0913354081860291 0.13330337939029935
1 0.98421172320132 0.7842622695251148 0.031576553597360044 0.13158634328594587
1 0.9328798513093085 0.9800292874790955 0.0765558559474652 0.03012383723582133
1 0.9442036171402833 0.5399855495793441 0.08804663387576923 0.13016019867214013
1 0.9395304845077094 0.6595804320929013 0.08780097241038014 0.12547269867214011
1 0.9561924462910983 0.06789692614097301 0.08509205223856356 0.10358860831306052
0 0.9878330291714995 0.7069503357818934 0.024333941657000934 0.028297716822512697