1 0.85234375 0.590625 0.06953125 0.1703125
1 0.92109375 0.75546875 0.06875 0.17109375
1 0.971875 0.7515625 0.05625 0.16796875
1 0.9171875 0.58828125 0.06875 0.16328125
1 0.85 0.0984375 0.06953125 0.1765625
1 0.9703125 0.59765625 0.059375 0.1640625
1 0.85234375 0.76484375 0.0703125 0.1734375
1 0.7765625 0.26640625 0.071875 0.1671875
1 0.9734375 0.26171875 0.053125 0.1640625
1 0.775 0.103125 0.0734375 0.1671875
1 0.8484375 0.26328125 0.0671875 0.1625
1 0.7796875 0.9234375 0.071875 0.15234375
1 0.853125 0.921875 0.06875 0.15625
1 0.7765625 0.5953125 0.07421875 0.17578125
1 0.715625 0.921875 0.075 0.15625
1 0.915625 0.91953125 0.06875 0.1609375
1 0.915625 0.42734375 0.06875 0.16640625
1 0.7796875 0.7640625 0.07109375 0.16796875
1 0.9703125 0.4296875 0.059375 0.1640625
1 0.9734375 0.91953125 0.053125 0.1609375
1 0.85 0.428125 0.06875 0.16484375
1 0.971875 0.1 0.05625 0.16015625
1 0.70859375 0.590625 0.06875 0.17109375
1 0.91796875 0.2625 0.07578125 0.165625
1 0.71015625 0.76640625 0.0703125 0.171875
1 0.70859375 0.43125 0.06875 0.159375
1 0.9109375 0.09140625 0.06796875 0.17578125
1 0.70703125 0.10234375 0.0671875 0.16640625
1 0.7078125 0.26640625 0.0671875 0.17109375
1 0.77109375 0.434375 0.0703125 0.1578125
0 0.78671875 0.3859375 0.04609375 0.04296875
0 0.73671875 0.53046875 0.0265625 0.03125
0 0.7359375 0.0390625 0.028125 0.03359375
0 0.8828125 0.984375 0.015625 0.03125