1 0.35533367234075064 0.1959266763505535 0.19371655925034226 0.11401737353571577
1 0.057737258313270215 0.23699332262368228 0.10438127461060623 0.10101335475263547
1 0.057737258313270215 0.23699332262368228 0.10438127461060623 0.10101335475263547
1 0.04776521324869286 0.16309290760465425 0.08843802586424745 0.0894391847906915
1 0.34315426959604134 0.12680926182581703 0.20286423871722886 0.10658687551288212
1 0.33878736685133204 0.057373512320108636 0.19996655925034226 0.11427204152049333
1 0.3368013180258309 0.021923432300643073 0.17953438730530316 0.043846864601286145
1 0.16243781551854847 0.04500479939197768 0.16988660266556704 0.04593853558899428
1 0.1603357579175588 0.08028838338436646 0.1872392387172289 0.10595020555093822
1 0.16863164271557946 0.1503462153995889 0.1922449874635877 0.11707870653952139
1 0.18078831340697743 0.21868237992432532 0.1922449874635877 0.11707870653952138
1 0.04581025666391757 0.09590540760465424 0.08843802586424747 0.08943918479069153