1 0.12105354453585196 0.856135177354554 0.19637019780928666 0.14710464529089187
1 0.6247993555020539 0.6269178668872681 0.24168269780928675 0.1478955779204517
1 0.6021180249398107 0.7070417435104736 0.24476223370266403 0.14638762499835245
1 0.13114394688484982 0.7731044890429514 0.22137019780928666 0.1475410219140972
1 0.3109715023742684 0.909098715911038 0.24637019780928665 0.1479773985373029
1 0.8194251968848498 0.7610904951353266 0.24485316191590947 0.14951262499835244
1 0.9626379877927921 0.7132551927824202 0.05750627461060631 0.09782957386326192
1 0.19648047571859817 0.5202737694817605 0.23690426959604127 0.1446887573036008
1 0.5261024088799016 0.9420809910748416 0.24348923871722902 0.10263762499835245
1 0.9424140674971057 0.7972444090972001 0.06076766693047446 0.10257162094116268
1 0.748818494852421 0.9671143985438932 0.24493206677218957 0.04487967207625303
1 0.9186703421077118 0.8945830592593559 0.06380173871722902 0.09950116801906325
1 0.8397400453937817 0.6802262788205466 0.24489862602253193 0.15107512499835246
1 0.22183216521461463 0.4244703457806544 0.2353417695960413 0.14466148376465035
1 0.4335796589464085 0.4754895547918337 0.24168269780928658 0.1478955779204517
1 0.4067336656103261 0.5736640020318902 0.2417281619159093 0.14945807792045168
1 0.7949002214954561 0.8584427820669575 0.24476223370266403 0.14638762499835245
1 0.6516680808914477 0.5295246696472116 0.24163723370266404 0.1463330779204517
1 0.05446882046660641 0.4750721379872912 0.08438702335696499 0.10923072402541756
1 0.06628084718878369 0.39748292613673814 0.1111313797834557 0.11594437418757346
1 0.3832483529947714 0.6530202654245707 0.24163723370266404 0.14633307792045153
1 0.5517639869348623 0.8837912041432106 0.244898626022532 0.1510751249983521
1 0.5744453174971055 0.8036673275200051 0.24480769780928674 0.14795012499835244
1 0.3336301008832004 0.8281935892878327 0.24168269780928667 0.14789557792045188
1 0.029873300408346688 0.6505903352273477 0.025012023356964997 0.10819432954530477
1 0.04311143481065593 0.5682863498378442 0.056216559250342316 0.10717730032431164
1 0.14348717102060238 0.6869078904229232 0.238512233702664 0.14627853084255094
1 0.897764460212685 0.9551347755741357 0.06579013605166181 0.060493215096963836
1 0.8650235387298641 0.5820791051194406 0.24319973370266404 0.146360351459402
1 0.9793754033382764 0.6253324529286899 0.04124919332344703 0.09303297970746058
1 0.17223664515635492 0.6004249196439163 0.2368588054894186 0.14312625730360065
1 0.7710966601335427 0.9268615454596383 0.24725073620994636 0.12456717207625304
1 0.357115413498755 0.7488373258951521 0.24329066191590928 0.14948535145940198