1 0.6029667904799186 0.21529126111828978 0.12026599163225704 0.20844882513557322
1 0.7551434441433917 0.20445427594901272 0.1166496687014785 0.199055644417414
1 0.8849505370890167 0.7397474022160541 0.12306344301173766 0.20221700585373234
1 0.8146080546134128 0.053973007798640074 0.10828389077317446 0.09903746369925477
1 0.9277123264372815 0.550094549756726 0.09773589439121899 0.19582156010845858
1 0.6437567282917322 0.585172489942855 0.12002033016686778 0.2037613251355733
1 0.6274334447092187 0.4045537490180413 0.116485894391219 0.19593064441741395
1 0.7737695341483406 0.3858679024124458 0.119610894391219 0.1959488251355732
1 0.8363491785395596 0.190859929441613 0.11804839439121899 0.19593973477649365
1 0.8646391163513731 0.5606684353935414 0.1197746687014785 0.1990738251355733
1 0.7377589495704587 0.0589963302037388 0.10885710085908258 0.10997496369925477
1 0.9333028279076195 0.7267434081679823 0.06837594301173802 0.20189884328594587
1 0.8204708779984766 0.8964513992891877 0.10285276232447194 0.11462610226293606
1 0.9001141123946443 0.8828479624227086 0.10129026232447202 0.11461701190385654
1 0.6612740196761621 0.7728315712267484 0.11804839439121899 0.1959397347764936
1 0.9195700350528517 0.36249001062731045 0.1197746687014785 0.1990738251355733
1 0.9017251950479028 0.18108092934341713 0.11788462008095948 0.19281473477649363
1 0.6816650005658269 0.20480827907227067 0.11993844301173802 0.2021988251355733
1 0.7158773897571216 0.5809031464605174 0.119610894391219 0.1959488251355733
1 0.6927275740624322 0.39633724891984545 0.1228996687014785 0.19909200585373252
1 0.6593882881050694 0.06322931224975792 0.10622342378986112 0.11933178298109555
1 0.9405720160581176 0.8713610165792389 0.03385710085908258 0.10953862646343282
1 0.7439935871798736 0.9092917668738263 0.10285276232447185 0.11462610226293606
1 0.8789571596563668 0.04887696252090439 0.10458568068726634 0.08808178298109554
1 0.8107760526928487 0.7533826553393121 0.11673155585660817 0.2006181444174139
1 0.8511509056996381 0.370688330007347 0.1166496687014785 0.19905564441741408
1 0.7321187861845055 0.7630843873853312 0.12133716870147851 0.19908291549465282
1 0.7914505998430299 0.5704019836963392 0.12117339439121899 0.19595791549465283
1 0.59438076379481 0.06597706234795378 0.10498847241038015 0.12557269262201592
1 0.6669807078266601 0.9174400892789251 0.10169969810012063 0.12242951190385654
0 0.8419574536427884 0.8145201432390635 0.034941566033373304 0.04081589754067201
0 0.7553813822938897 0.34903097774441083 0.028200243102595123 0.031404536104353474
0 0.7491945007929696 0.6311122247193486 0.029762743102595125 0.031413626463433174
0 0.6803792237691766 0.7065162248175445 0.030417840343632995 0.04391362646343318
0 0.6622311685899368 0.45633441763595217 0.041846663274411534 0.053352258976990544
0 0.9559933774326496 0.6963973780155573 0.017917840343633175 0.04384090359079629