1 0.8886133089876449 0.9995078404553605 0.11979567445232178 0.0009843190892791398
1 0.2546571607952821 0.7909883918245045 0.2503302721033238 0.12880938539871387
1 0.4947820556224326 0.8179806092384407 0.24720527210332383 0.1286820514063251
1 0.5038962943396615 0.7197977772232184 0.24233591567683307 0.1222410504177418
1 0.26785950593900176 0.686714727299768 0.2580973079967011 0.12756522037968593
1 0.4874349053850057 0.9091958582498577 0.2456882362099464 0.13018088441013093
1 0.8943835873591748 0.9499621324515548 0.12340405925034226 0.10007573509689038
1 0.7100253077340037 0.9836361482502951 0.2469946719450391 0.0327277034994097
1 0.7134973002121563 0.9356150726980446 0.2456427721033238 0.1286183844101309
1 0.7347932901830264 0.848879076652377 0.24550637978345585 0.12393088441013056
1 0.5091270151102018 0.6206745277175099 0.24081887978345567 0.1237398834215476
1 0.4813463782671171 0.9712077910262018 0.24276181301126593 0.05758441794759648
1 0.07950667742182255 0.6637534352849832 0.1590133548436451 0.12125687056996633
1 0.24811399261116662 0.8814542243340184 0.2503302721033237 0.12880938539871387
1 0.08408652883374834 0.5662245192773719 0.16817305766749668 0.12619903855474385
1 0.26755328054960803 0.5897123933073793 0.24242684389007838 0.1253660504177418
1 0.7423904930068781 0.7490700776409602 0.24867684389007838 0.12562071840251948
1 0.24025837701347585 0.9579908900758933 0.2524550617576248 0.08401821984821325
1 0.07646659395658541 0.7675960182887887 0.15293318791317081 0.1258170365775774
1 0.07200040281121631 0.8573124342964 0.14400080562243261 0.12087486859279997
1 0.06585805139929052 0.9430589333078168 0.13171610279858104 0.09236786661563343
1 0.9041654158098471 0.8612556957394686 0.11729045157021041 0.11558519072219049
1 0.9219392521780779 0.6805150317090236 0.11434730799670093 0.12170785672980174
1 0.7505643573509275 0.6563241621276406 0.2535916644231918 0.13362421939110264
1 0.9092142801538966 0.7683824462337602 0.1235404515702104 0.11583985870696818
0 0.8904953723946225 0.7934315257775246 0.06060253087881264 0.044606845855386726
0 0.831481736738672 0.6979479294278461 0.04631271034569906 0.03622134288963732
0 0.43647912529761623 0.6443083458925679 0.062210494985435 0.04623301285158128
0 0.32853624465623066 0.5906329061589606 0.05256271034569897 0.03647601087441501
0 0.18243883148668008 0.7192142095052709 0.0400172462390763 0.03440417490485963
0 0.5809863285836862 0.8660772110253268 0.04139788981258548 0.028217841901054187
0 0.32963076557242016 0.9293598251323214 0.04626724623907634 0.0346588428896375