1 0.7616755531476623 0.95703125 0.10087760339082212 0.0859375
1 0.7890279193587661 0.82265625 0.1120035020669146 0.190625
1 0.8206161753546221 0.64765625 0.1120035020669146 0.190625
1 0.8568599679492961 0.12109375 0.10378858767505647 0.1484375
1 0.6978677642725328 0.9515625 0.10138702564056316 0.096875
1 0.8332958420227918 0.9625 0.10036818114108134 0.075
1 0.7799164782883782 0.1125 0.10251718610347993 0.1546875
1 0.5761662003760127 0.796875 0.11044100206691461 0.190625
1 0.7601517103008101 0.6375 0.11371155128112634 0.19375
1 0.895143140408434 0.6578125 0.11029545285270288 0.1875
1 0.7181524931800837 0.81796875 0.1120035020669146 0.190625
1 0.9665023717971841 0.484375 0.030171305210067702 0.178125
1 0.9674870988427081 0.14453125 0.058621636889267845 0.1515625
1 0.7155457632345664 0.10234375 0.10571496071058561 0.15625
1 0.6154191373080622 0.94375 0.0989897717116218 0.1125
1 0.7113996488854895 0.44296875 0.11527405128112633 0.19375
1 0.6770546898275336 0.2578125 0.11036822745980875 0.1890625
1 0.8554385932611369 0.4703125 0.1120035020669146 0.190625
1 0.9221938695208728 0.12734375 0.09546666542531526 0.1375
1 0.8251818207209457 0.28125 0.11029545285270288 0.1875
1 0.8625189232877075 0.83828125 0.11044100206691461 0.190625
1 0.6446978765546951 0.8015625 0.10709767824559702 0.1859375
1 0.7952652266357484 0.45390625 0.1151285020669146 0.190625
1 0.5485591230400384 0.93671875 0.10276974317557439 0.1265625
1 0.6477737965281245 0.43359375 0.10895127667402046 0.1921875
1 0.9276581956185017 0.4796875 0.1088785020669146 0.190625
1 0.6118790301931863 0.6171875 0.1088785020669146 0.190625
1 0.747893728702663 0.26328125 0.1088785020669146 0.190625
1 0.8920054476854163 0.2890625 0.10717045285270288 0.1875
1 0.9486000500427811 0.2984375 0.08358740363849115 0.184375
1 0.6785934952469983 0.62734375 0.11058655128112634 0.19375