0 0.13000315077972208 0.8307124375008239 0.025363626670908877 0.03168637662320535
1 0.23846108812058536 0.8842993133132504 0.09914766669318062 0.19700345941492117
1 0.16902074478831258 0.8933254857965405 0.09911130402608972 0.19387845941492116
1 0.21523103142899558 0.70107375608908 0.1023090293602715 0.20018300649282175
1 0.050694722071905784 0.5289102041399153 0.09131698535963514 0.19530459172016937
1 0.14500943809672281 0.7101135653418453 0.09914766669318062 0.19700345941492117
1 0.12089813407063313 0.51830789488715 0.10225448535963517 0.19549550649282174
1 0.19189188673613317 0.5084731988649096 0.10069198535963517 0.19546823295387145
1 0.0708634134309046 0.7176590584419864 0.10221812269254427 0.19237050649282175
1 0.09564687945572165 0.9000760921272064 0.10227266669318061 0.19705800649282174
1 0.025273814688089924 0.1574033969157449 0.04909312269254427 0.1914432061685102
1 0.07128574868713541 0.14956757751670988 0.10223630402608971 0.19393300649282175
1 0.038311258712588794 0.33768123214309254 0.07098630402608971 0.19338753571381498
1 0.09213569271163428 0.32970904504930576 0.09911130402608972 0.19387845941492116
1 0.16946126137808887 0.32679650487126394 0.10543402936027144 0.2002375535707225
1 0.2568212841342666 0.9847805543847965 0.08150453866963617 0.023293224025417912
1 0.14774825135263547 0.13963742410814323 0.10227266669318058 0.1970580064928218
1 0.18500082813490287 0.9907226371765123 0.08452045066836353 0.013972771103318137