1 0.9121378055312723 0.8252500556288617 0.096121541958086 0.1435017510334574
1 0.588225145202981 0.3849911985139859 0.10577834308955421 0.19237589867609248
1 0.8354662212223168 0.8475660113770488 0.09763859016268776 0.13576202564056317
1 0.881733208925677 0.6813930477709789 0.10578743344863355 0.1939383986760923
1 0.5533103105994379 0.21088376447742063 0.10894879488495217 0.20033394789030412
1 0.691548049579344 0.8831675252307875 0.09603063836728971 0.12787675103345747
1 0.9433398920797231 0.2950338627009563 0.09801129488495235 0.19982452564056316
1 0.964192226683266 0.4697962682014742 0.06670675273047451 0.18899403349844596
1 0.660560250098196 0.05065270161435781 0.10387949980360815 0.10130540322871562
1 0.9086552989901688 0.48409851675373217 0.10736811416679296 0.19713617328319835
1 0.734847177791293 0.03718736104381723 0.1021806444174139 0.07437472208763446
1 0.623943955704223 0.5551559952469983 0.10738629488495235 0.20026117328319834
1 0.9819241064663486 0.643922972916204 0.029206752730474506 0.18724744292790554
1 0.9451099076960128 0.6620394261831917 0.10267152380771342 0.19535534946188077
1 0.8059454729708329 0.034768682383935434 0.10373405405833439 0.06953736476787087
1 0.8768654643866259 0.3098455335029552 0.11366356596219092 0.2052397717116218
1 0.655508093973317 0.36545564040843403 0.1105294756031114 0.20353172249740997
1 0.6935479285768599 0.5394175252307877 0.10894879488495217 0.20033394789030404
1 0.8080563770526084 0.3232038662156129 0.10741356596219091 0.20494867328319835
1 0.7653244972695254 0.15024155521457694 0.10893061416679295 0.19720894789030416
1 0.7662950821676562 0.5204085060003653 0.10893061416679295 0.19720894789030402
1 0.9606480284039092 0.8104940428085801 0.06959540339440444 0.14851458271265788
1 0.8802414910230094 0.01974084181339486 0.10201701795398108 0.03948168362678972
1 0.805070714975801 0.7021465035191659 0.1042249334486339 0.1938656240689866
1 0.8404199460398616 0.1303421240734958 0.11051129488495226 0.20040672249740998
1 0.6556928836919077 0.7364402284977752 0.10581470452587247 0.19862589867609248
1 0.7580452031701401 0.8644496044287887 0.09451359016268804 0.13561647642635144
1 0.7300025372827038 0.7173584346602471 0.11206470452587247 0.19891699710451594
1 0.5855147983027977 0.06021179218489838 0.10397040339440444 0.12042358436979676
1 0.8429439405789125 0.5019988002521782 0.10580561416679295 0.1970633986760925
1 0.6949165484991895 0.16992266253434052 0.10893061416679295 0.19720894789030416
1 0.6190353045493138 0.19063973097897463 0.10893061416679295 0.19720894789030416
1 0.9436676658874361 0.10444525000450919 0.035402210575996663 0.17816354135632886
1 0.5104738916869395 0.06898963275543897 0.10405221662612103 0.13797926551087794
1 0.7321569523845733 0.347045934660247 0.1074044756031114 0.20338617328319836
1 0.91155005747618 0.12078087945017928 0.10109084308955403 0.1921575748547749
0 0.6755877480550925 0.673030545908952 0.026798849336070064 0.041862168320799496
0 0.6370666453011767 0.4475425483901514 0.028343168617910842 0.038809942927905364
0 0.7435035185431561 0.27622401241050604 0.02836134933607006 0.04193494292790545
0 0.7978576577942087 0.7337239892511422 0.031504530054229284 0.04520549214211709