1 0.032596668156683786 0.9276664577473264 0.06519333631336757 0.1301511083130606
1 0.09676574012689912 0.9882635901626878 0.0770535733209777 0.014507927594901205
1 0.035090484896648545 0.6698403222087069 0.07018096979329709 0.1238829275949012
1 0.03576509669221363 0.5463755511314682 0.07153019338442726 0.1332761083130606
1 0.03190846511120068 0.31506191861791083 0.06381693022240136 0.12384656615858276
1 0.17182030382922994 0.9871374273985095 0.07414682813030113 0.02073974687674216
1 0.03370282772899702 0.7979744125677867 0.06740565545799404 0.13169542759490122
1 0.09496019266663706 0.9280846142649889 0.08087303248413762 0.1238829275949012
1 0.09544632070427096 0.8022806383672897 0.08292660580511531 0.137954517953981
1 0.09496520418420046 0.5475385962128121 0.08654267912609301 0.15203519867214013
1 0.10002479265093862 0.06700166851971497 0.08745041469812276 0.13329428903121973
1 0.10010660508732512 0.3108016654946529 0.08476192431676961 0.1457761083130605
1 0.8847617918483305 0.8443803600615765 0.06971727767481398 0.11756929508134384
1 0.1708778519224642 0.9246192466803503 0.07752977767481414 0.11761474687674216
1 0.00008181243638649078 0.5523937469749379 0.00016362487277298156 0.12978749394987582
1 0.03692085812495901 0.42448691559284873 0.07384171624991802 0.11141019867214012
1 0.8848363022695855 0.05906502877768306 0.07051588584218216 0.09570338544042356
1 0.8897891200634496 0.4990269534457181 0.06804565027015244 0.11443520472226432
1 0.17295376181126354 0.7980431111417309 0.08610616950744614 0.13953519867214012
1 0.8874131429289402 0.3880530920093996 0.0681002139724832 0.11599770472226431
1 0.17817704138499427 0.3128186834486337 0.08218256134007813 0.1613829275949012
1 0.035167401725355915 0.19710680415653026 0.07033480345071183 0.12697156615858277
1 0.03822419709744234 0.06898634933607006 0.07355160580511531 0.1378999757995032
1 0.17217254492837333 0.5518948189872532 0.0842708509957919 0.13171360831306062
1 0.09582332133724314 0.6796016624695908 0.08561509618646848 0.12547269867214011
1 0.9424378825925033 0.8486229533475221 0.0494593413771451 0.1190136204133089
1 0.8849031463875013 0.9494566619786114 0.06464783175849824 0.10108667604277706
1 0.8840847239696483 0.7295093389843375 0.06826390507947586 0.12068520472226432
1 0.17492054429540113 0.6745919756031115 0.08243553248413762 0.1238920179539809
1 0.8866269476455966 0.2763070709321608 0.07138890507947586 0.12070338544042354
1 0.8872593423886354 0.6162235438047977 0.06988096878180663 0.12225679508134384
1 0.10296376497612444 0.18423007513557327 0.08345239546082905 0.10827610831306052
1 0.8866765660645836 0.16300309503446173 0.06799108656782167 0.11287270472226432
1 0.946502878416152 0.7322167033475222 0.054201405079475865 0.12060339149054773
1 0.9537326020921002 0.2790417063725843 0.07138890507947586 0.12070338544042354
1 0.9536829836731131 0.3923456822702834 0.06648315027015243 0.1144261143631848
1 0.9514111886599219 0.16650534493626584 0.07742065027015244 0.11448974687674207
1 0.9433482067160892 0.06174966724316873 0.06437501324684405 0.0987920240041051
1 0.9380554282386668 0.9488572191602038 0.04595239546082937 0.10228556167959227
1 0.9854811430137584 0.0635576069383184 0.028492076949174817 0.10014544574527387
1 0.9849230931064256 0.16904453765647762 0.02284227767481397 0.11729658430895543
1 0.17667408348777874 0.17684482201231527 0.08232640507947586 0.1207670179539809
1 0.10215520000784921 0.43115052693097133 0.0802728317584982 0.10669542759490121
1 0.17308034673462264 0.07836641539645699 0.07969247840045357 0.13481133723582164
1 0.9496725515517953 0.5071894322702833 0.0697718413771451 0.11913179508134401
1 0.9478967420258158 0.6251718178089029 0.06206846878180698 0.12221134328594588
1 0.9856001609851077 0.28391555873371643 0.013521841377145094 0.11880454215447767
1 0.17416664238078614 0.18151868647369582 0.08328870435383648 0.10358860831306052
1 0.17688238149619495 0.4393993641667929 0.07709326805616734 0.10511474687674212
1 0.17290172042626928 0.4862607286281736 0.0851637176006804 0.20201701795398092
1 0.17400049519067656 0.007263575037377376 0.07387400961864685 0.012927246876742033
0 0.8445931488345721 0.7863224203664267 0.03234127404661713 0.0314318071815924
0 0.8396377756062616 0.9058491251868869 0.03245040145127902 0.03455680718159222
0 0.8433481073647598 0.7995991251868869 0.03557540145127902 0.03457498789975162
0 0.14726922633190104 0.8846300509350765 0.0336855192372937 0.025190897540672098
0 0.009711028180559352 0.5055914698475747 0.019422056361118704 0.02049430718159222
0 0.005260385757364193 0.4719749939498758 0.010520771514728387 0.02510908430895533
0 0.07993794882672287 0.35131758118569745 0.02576389183263199 0.022020445745273863
0 0.04558777459477129 0.1713937318496274 0.02620040145127882 0.03452044574527387