1 0.8606106102539215 0.46907135029129854 0.1474446159934022 0.23846676959604132
1 0.9252056223281153 0.261116446292948 0.13949572367353405 0.23355194906292792
1 0.6889773026529318 0.4389388840731049 0.14735368778015676 0.2353417695960413
1 0.8203012296790428 0.8886397042105069 0.14567151583511767 0.17752926959604132
1 0.9335025409744493 0.4856845372800326 0.10989915188677948 0.235813131037097
1 0.8406631377675214 0.24250049010388414 0.1488252595669116 0.23226223370266402
1 0.711359453352577 0.6623165481005853 0.14891618778015675 0.23538723370266404
1 0.9676060709953319 0.2793974333608243 0.05333090314042081 0.22323892319868044
1 0.6505797630651378 0.8732827918323791 0.14997858260730723 0.21824519780928675
1 0.5721736182379873 0.8583912292168245 0.1459275801000249 0.2399838054894186
1 0.9520445701374018 0.11670721674691915 0.09054609514371989 0.10723348997087015
1 0.5307326128277109 0.9680988498290801 0.10090928213245362 0.034159702823851744
1 0.7822271974800822 0.453398537675744 0.1537400801000249 0.240211126022532
1 0.8012570276466141 0.6846796299164697 0.15052415188677948 0.23699519780928657
1 0.752168939100305 0.22556069418137698 0.14579118778015676 0.2352963054894186
1 0.8878704775674718 0.7126023899455995 0.14579118778015676 0.2352963054894186
1 0.6362147008452945 0.6426465572717852 0.14257525956691133 0.23208037727617317
1 0.8024226548562805 0.08125075303600789 0.10451766693047437 0.10451766693047429
1 0.8784395855768082 0.0977730118114965 0.11242109514371953 0.10786998746358767
1 0.7346137822654676 0.8825464800747543 0.1492966210079672 0.19480769780928675
0 0.9193240321989606 0.4095994103995707 0.039136707838416385 0.057341138558944314
0 0.8965016122989855 0.17452572842540165 0.041670674452321775 0.03711956677218971