1 0.10006392680236417 0.7000337547496527 0.12479460049533801 0.1995662017473613
1 0.03929782464988709 0.688607251899861 0.07859564929977418 0.19466049620027787
1 0.09737365198586133 0.1545946213909027 0.11959767824559704 0.18851959897381954
1 0.16775869499932922 0.7210898307377082 0.12479460049533805 0.19956620174736112
1 0.00763044768541638 0.6737277875190625 0.01526089537083276 0.19316942496187509
1 0.16070840591480276 0.16872855015249985 0.12301377667402043 0.19484233415618063
1 0.1458773486378204 0.537423998765729 0.12159682588823215 0.19793096656499998
1 0.13290204384203744 0.8662756973789583 0.10825776385373889 0.14611389342673603
1 0.060900765305990145 0.8539042903688541 0.10647694003242132 0.14139002583555574
1 0.21887820099518523 0.5450897219802429 0.12479460049533804 0.1995662017473613
1 0.06628189392309071 0.5205469297115277 0.12635710049533805 0.19960256933854179
1 0.24293870905795592 0.17930106781993033 0.1198160020669146 0.19320709897381955
1 0.032127487594003176 0.49278625883371524 0.06425497518800635 0.1925524823325695
1 0.19561629115144108 0.3575540075994442 0.12159682588823215 0.19793096656500006
1 0.28893191335840085 0.050342879274687405 0.10963617328319834 0.10068575854937481
1 0.1152759737402643 0.3399138723408332 0.12613877667402046 0.1949150693385418
1 0.019742995866170794 0.8342834278116665 0.03948599173234159 0.1470581443766668
1 0.26534659429459423 0.3684174659963192 0.12174237510244393 0.20105596656500016
1 0.207337311001036 0.041967988032152716 0.11657537799792798 0.08393597606430543
1 0.3165024875940032 0.19163610723885388 0.1229410020669146 0.19327983415618064
1 0.14431077212590648 0.037208406060173574 0.11137845574818703 0.07441681212034715
1 0.057578078681272404 0.3210742597836458 0.11515615736254481 0.19175370174736123
1 0.354755966501554 0.062097343655485984 0.11548806699689199 0.12419468731097197
0 0.08600573490791605 0.6332462982526388 0.029653266749223018 0.033467116641249996