1 0.6223289970731338 0.08525068093168417 0.22565450585373234 0.12297954342324346
1 0.6140301628623742 0.16848055789615488 0.2241010962128122 0.12446926881613765
1 0.8214512565411034 0.37975846794478685 0.21310905405833439 0.1145848465663966
1 0.9585699823406066 0.31737624606654935 0.08027837334017533 0.10527400496239876
1 0.8326983496306577 0.1927315028909749 0.2256363251355733 0.11985454342324346
1 0.971375030250621 0.1312033056198433 0.05681360226293606 0.09949488585581086
1 0.19550287665982485 0.1106957131917851 0.21936814441741398 0.11643844499482
1 0.393553515518094 0.32075572559778187 0.2193772347764936 0.11800094499481997
1 0.8394119579437183 0.11333510131939835 0.2240829154946528 0.12134426881613765
1 0.9604683047457054 0.3940479079772082 0.07559087334017534 0.10505568114108117
1 0.6020790878249969 0.34218988564641395 0.2303238251355733 0.12007286724456101
1 0.9669779008603218 0.21539636910207866 0.06462610226293605 0.09985875889134019
1 0.20525512656162898 0.04628861083442025 0.22073974687674208 0.0836987196019259
1 0.18950688583320702 0.2010660020669146 0.22407382513557325 0.11978176881613756
1 0.18198475644290765 0.2851135163349382 0.2303238251355732 0.12007286724456101
1 0.04532963895646499 0.26780823821317573 0.06460792154477706 0.09673375889134013
1 0.4083210392276115 0.06590555975818171 0.22085792154477701 0.10401121960192587
1 0.04655631655136625 0.19128212551672866 0.05366133118569745 0.09466183664159918
1 0.6181358798812787 0.26869888171747247 0.23345791549465283 0.12178091645877273
1 0.06624262353656687 0.03121792080199894 0.05813975292686624 0.05894266046291673
1 0.0588568495324618 0.09182793507002258 0.05835792154477706 0.09644266046291672
1 0.8172591811109428 0.29438389412346927 0.22096700585373236 0.12276121960192592
1 0.3979415545493137 0.23812516211554655 0.2225113251355732 0.11970899420903178
1 0.40400572306902865 0.13603612324041708 0.2209488251355733 0.11963621960192591
0 0.5285512051150478 0.2199830918088857 0.04398634933607006 0.04266268899896401