1 0.26969785900043153 0.3615559683635808 0.20221700585373253 0.12188792431665565
1 0.5865142169207086 0.023876185898592105 0.20509656615858277 0.04775237179718421
1 0.6010716206097007 0.059059187863062815 0.20378859621281203 0.11811837572612563
1 0.7772483012296639 0.0006141602580289451 0.1986283975406721 0.0012283205160578902
1 0.4503575065411035 0.3203380012428543 0.2006454154946528 0.12025264970954978
1 0.2817297055078313 0.44144252150673396 0.20063632513557322 0.11869014970954979
1 0.6516518409482548 0.3570438269261987 0.20221700585373253 0.12188792431665556
1 0.21047389168693947 0.06986292804070925 0.19744769262201595 0.10760710049533803
1 0.640405789620395 0.2763396364794926 0.19908291549465282 0.12017987510244392
1 0.7832846777912931 0.037223748347370154 0.2021806444174139 0.07444749669474031
1 0.22801084963065765 0.1432447700589919 0.20066359621281213 0.12337764970954974
1 0.09038358460354301 0.40355518548430735 0.18076716920708602 0.1210146290313853
1 0.41883583753040926 0.09999126799207729 0.20220791549465283 0.1203254243166556
1 0.3957937681503726 0.044685299628496475 0.20216246369925478 0.08937059925699295
1 0.4709921934075828 0.3982617940469252 0.2006726865718917 0.12494014970954978
1 0.8409188740275463 0.31308184946638995 0.20220791549465283 0.12032542431665565
1 0.7946125423508695 0.08327022498311858 0.20536927693097126 0.12672097353086734
1 0.2553040817748726 0.2849035771310865 0.20377950585373253 0.12196069892376152
1 0.06700114763886784 0.11093319189444813 0.1340022952777357 0.10625861621110375
1 0.8234137323406067 0.2342312574481073 0.1990738251355733 0.1186173751024439
1 0.0972057563447118 0.47588394975233095 0.1944115126894236 0.12323210049533806
1 0.08512845804191402 0.3295911466091778 0.17025691608382804 0.11894270678164434
1 0.6606268651487517 0.42535717928356354 0.20221700585373253 0.12188792431665565
1 0.613916533373879 0.13073819210384513 0.20221700585373234 0.1218879243166556
1 0.07149320491865604 0.18493361807313055 0.1429864098373121 0.12075776385373889
1 0.4301591569104459 0.16741420843878335 0.20221700585373253 0.1218879243166556
1 0.24161428649713698 0.22149604859503916 0.20220791549465283 0.12032542431665563
1 0.852237648228043 0.381286039913096 0.2021988251355733 0.11876292431665565
1 0.8136983647559681 0.15892304239429536 0.1990920058537326 0.12174237510244387
1 0.008052352753915621 0.4948758523573648 0.016104705507831243 0.08212329528527036
1 0.4429949793155446 0.2433581242783836 0.1990738251355733 0.1186173751024439
1 0.48231551278761947 0.46568473449363135 0.19594882513557327 0.11847182588823202
1 0.07908299112120543 0.26035099503760123 0.15816598224241085 0.11992300992479751
1 0.2985308652469475 0.5070482508285694 0.20220791549465283 0.12032542431665547
1 0.1147371273471959 0.5499742671635077 0.2006454154946528 0.12025264970954978
1 0.6244358768562165 0.20210376985410408 0.2006635962128122 0.12337764970954976
1 0.014874524495084413 0.5648608666253885 0.029749048990168826 0.07965326674922295
1 0.9633024132551575 0.35424404280858013 0.061455650467538446 0.0919007096771284
1 0.9496626149523599 0.2822427642725328 0.061455650467538446 0.09190070967712849
1 0.9352688377268009 0.2055903730400385 0.061455650467538446 0.0919007096771284
1 0.9232097201421624 0.13039131989688535 0.05675906010845857 0.09011988585581085
1 0.8966795572797881 0.013326021921018713 0.05351588544042372 0.026652043842037426
1 0.9111278766598249 0.05909851675373221 0.05521474082661797 0.09317211124870499
1 0.902720479020957 0.04929990922457164 0.069559041958086 0.09859981844914328
1 0.9557217174116879 0.31476416584410943 0.07589994554888194 0.15818068114108116
0 0.6318716478352595 0.13224503412212776 0.03137726502711473 0.023330492142117132