1 0.4984375 0.0453125 0.071875 0.08984375
1 0.91875 0.1703125 0.07109375 0.17109375
1 0.4328125 0.0453125 0.071875 0.08984375
1 0.8515625 0.0453125 0.071875 0.08984375
1 0.58125 0.05078125 0.06875 0.1015625
1 0.7796875 0.04296875 0.071875 0.0859375
1 0.640625 0.0453125 0.06875 0.08984375
1 0.91953125 0.34140625 0.0703125 0.1671875
1 0.5015625 0.3515625 0.07109375 0.171875
1 0.78046875 0.34609375 0.071875 0.16640625
1 0.7046875 0.04296875 0.071875 0.0859375
1 0.915625 0.046875 0.06875 0.09375
1 0.8515625 0.34375 0.06796875 0.16875
1 0.22734375 0.18203125 0.0734375 0.16796875
1 0.29375 0.053125 0.08125 0.10546875
1 0.78203125 0.1734375 0.0703125 0.17109375
1 0.57421875 0.34921875 0.0734375 0.16875
1 0.971875 0.16796875 0.05625 0.171875
1 0.2265625 0.053125 0.065625 0.10546875
1 0.6453125 0.34765625 0.07265625 0.16640625
1 0.56875 0.1828125 0.06953125 0.17109375
1 0.5 0.184375 0.0734375 0.16953125
1 0.2984375 0.1890625 0.06875 0.16484375
1 0.9765625 0.3375 0.046875 0.16796875
1 0.85234375 0.1765625 0.06953125 0.1671875
1 0.640625 0.1828125 0.0734375 0.16953125
1 0.36171875 0.18671875 0.0734375 0.16796875
1 0.971875 0.040625 0.05625 0.08125
1 0.22734375 0.3546875 0.0734375 0.16953125
1 0.709375 0.3453125 0.07265625 0.1671875
1 0.43515625 0.18515625 0.0703125 0.16953125
1 0.7078125 0.175 0.07265625 0.16796875
1 0.43671875 0.35546875 0.07109375 0.17265625
1 0.371875 0.053125 0.06875 0.10546875
1 0.29296875 0.35546875 0.071875 0.1734375
1 0.36953125 0.36015625 0.0765625 0.1796875
0 0.83828125 0.39140625 0.0375 0.04296875
0 0.4546875 0.23828125 0.028125 0.03828125
0 0.31796875 0.24375 0.03359375 0.03515625
0 0.31953125 0.41953125 0.03203125 0.03828125
0 0.32890625 0.24296875 0.028125 0.0375
0 0.3296875 0.41953125 0.025 0.03828125
0 0.25390625 0.08046875 0.0234375 0.034375
0 0.66484375 0.41640625 0.03203125 0.028125