1 0.2608011076801319 0.010760887727152996 0.1783977846397361 0.013520905394583482
1 0.9216523764847505 0.1903159815700702 0.14951191818411544 0.09404355357097235
1 0.7458674633151998 0.32069054654020895 0.18710284639736088 0.09804137575930572
1 0.7721070175509773 0.17119969281673675 0.18071645407749273 0.0932084053945835
1 0.6119089666139051 0.03456859574277829 0.18243206677218976 0.0448436405769446
1 0.40617447750096486 0.28073116166284756 0.18701191818411544 0.09491637575930571
1 0.3996684132360576 0.3431220588893059 0.18701191818411544 0.09491637575930571
1 0.4303490780549608 0.06786813896142398 0.18875627461060612 0.10120274335048626
1 0.25270145117449894 0.04731598356684049 0.18209709765100213 0.08699477298576404
1 0.5868992917658721 0.2223952508530213 0.18384145407749272 0.09328114057694459
1 0.738878014252272 0.45343031135784784 0.18067098997087 0.09164590539458342
1 0.7244685217741194 0.5187643706284033 0.1807164540774929 0.0932084053945836
1 0.43090901920032987 0.021756205165833698 0.17880696159934023 0.027583405394583482
1 0.7637884006996453 0.24214797245201453 0.18227895407749273 0.09324477298576399
1 0.2288223673135504 0.2500227562682641 0.18710284639736088 0.09804137575930572
1 0.9179303314201732 0.26449836397888965 0.15259145407749272 0.09255378875333342
1 0.4162829148854102 0.20200674961875037 0.18379598997087018 0.09171864057694457
1 0.9119327325155296 0.33628244500093823 0.16040395407749272 0.09273562670923621
1 0.7402108452102267 0.38075587756225754 0.18701191818411544 0.09491637575930571
1 0.4238202817367422 0.1310402861878823 0.18701191818411544 0.09491637575930571
1 0.7841333076009895 0.05343096456822982 0.18068771034569905 0.038557272985764036
1 0.9070119003039337 0.39792845981857716 0.16660848997087002 0.09131859707395851
1 0.0693276953685112 0.3041621295590279 0.12906302586424748 0.08888327488562506
1 0.9049205513992906 0.4698034598185772 0.16651756175762458 0.0881935970739585
1 0.5810380851810967 0.28949183187506994 0.18384145407749272 0.09328114057694456
1 0.07824570579335247 0.23948203371934035 0.1289720976510021 0.08575827488562507
1 0.6041586510953566 0.08598562537805607 0.18384145407749272 0.09328114057694459
1 0.8991048089211379 0.5353375408406258 0.17442098997087002 0.0915004350298613
1 0.5968258727238267 0.1499208388089241 0.1807164540774929 0.0932084053945835
1 0.06415929948557517 0.43991779160312505 0.12831859897115033 0.08761171561506949
1 0.37926132185326167 0.48024019918191013 0.18544941818411553 0.09488000816812522
1 0.7747750279758184 0.10637412661232704 0.18080738229073817 0.09633340539458349
1 0.2031761949727998 0.4597244113785071 0.18375052586424748 0.09015614057694457
1 0.10219298581423504 0.03443151101791675 0.12061402837152993 0.06682643692972232
1 0.22123953635559573 0.3225517196991321 0.1838414540774928 0.09328114057694456
1 0.9329201485880741 0.071747819525973 0.13206835391920818 0.03117987765916679
1 0.9297891369095919 0.12561770193479244 0.13696645407749272 0.0921901128415279
1 0.23620060979170301 0.18452504283739604 0.18544941818411553 0.09488000816812514
1 0.38744354638472556 0.41397941954663225 0.18384145407749292 0.09328114057694462
1 0.09416988565595048 0.09522354065319452 0.12308581050398355 0.09811280452090287
1 0.5620116373718101 0.43289633975885466 0.18071645407749273 0.09320840539458355
1 0.0652163399645525 0.36813371058107647 0.130432679929105 0.0889923776591667
1 0.5553691807870348 0.499974736985313 0.18375052586424748 0.09015614057694457
1 0.5765575221698308 0.36287478048829913 0.18544941818411545 0.09488000816812522
1 0.21521920539764103 0.39511705072118075 0.18544941818411548 0.09488000816812514
1 0.08676891112448652 0.16150250408406258 0.1258925617576248 0.087248039703264
1 0.2446783510162144 0.10810801320211827 0.18705738229073815 0.09647887575930572
0 0.5293465192003299 0.02404736341020878 0.03818196159934022 0.024310322188333365
0 0.1260958355768082 0.1264560100679862 0.03353992570596289 0.02576371941479172
0 0.6154428627612039 0.5310805730413547 0.04153428213245362 0.03219555737069442