1 0.08697000461491147 0.82421875 0.17394000922982294 0.1234375
1 0.8130281392027786 0.96171875 0.17745338534372684 0.0765625
1 0.43960882053632416 0.96015625 0.19936474801081766 0.0796875
1 0.296533171904868 0.70078125 0.21393632535009016 0.1234375
1 0.2516730158736876 0.93046875 0.20427042401336298 0.0984375
1 0.5086519112428678 0.66640625 0.21081132535009015 0.1234375
1 0.2798809265595504 0.7890625 0.21549882535009016 0.1234375
1 0.6941257872374589 0.70625 0.21389996268299924 0.1203125
1 0.2665264038829145 0.8625 0.21237382535009014 0.1234375
1 0.11670131592141271 0.57890625 0.2170431440165447 0.121875
1 0.45353550787718744 0.9046875 0.20139996268299926 0.1203125
1 0.8308792578771875 0.9046875 0.17787155601527188 0.1125
1 0.10433986529282005 0.6609375 0.2086797305856401 0.128125
1 0.004430771960547269 0.63046875 0.008861543921094539 0.0984375
1 0.017367123965637946 0.553125 0.03473424793127589 0.09375
1 0.3138212165818221 0.625 0.2170795066836356 0.125
1 0.8711240919000955 0.7359375 0.17478291868236298 0.115625
1 0.4921632978994592 0.740625 0.20764996268299923 0.1203125
1 0.8545172998886414 0.8203125 0.17011360001590853 0.1171875
1 0.642970177872415 0.93984375 0.20608746268299924 0.1203125
1 0.09521885662000215 0.746875 0.1904377132400043 0.11875
1 0.6648548158816417 0.871875 0.20921246268299926 0.1203125
1 0.4731673025541415 0.82890625 0.20450678134945374 0.11875
1 0.675238879893414 0.78515625 0.2076681440165448 0.121875
1 0.6299974632002334 0.98046875 0.19889203333863606 0.0390625
1 0.08185524327659352 0.8875 0.16371048655318704 0.103125
0 0.9149820852164599 0.8609375 0.02541817067154497 0.0359375
0 0.5140093838717786 0.94453125 0.05199885200509069 0.0375
0 0.7276997138765512 0.909375 0.039426126670908876 0.03125
0 0.7080679191995971 0.98515625 0.03468408267027243 0.0265625
0 0.3678718225652774 0.746875 0.03477498933799979 0.034375
0 0.34346162122059615 0.83046875 0.03466590133672707 0.025