1 0.5257357366554161 0.9299628206201463 0.2502190852552504 0.12769217207625302
1 0.7527995256649966 0.8908109971639215 0.2577792797373263 0.15280126623205453
1 0.3020868747150569 0.9596714602289953 0.2475168091359686 0.07612967207625303
1 0.9235149016273082 0.8365796444867035 0.15297019674538354 0.15181941882984198
1 0.542132020576614 0.9742486087695934 0.22992651741285464 0.038356936686749776
1 0.7146643605815626 0.7898212414818786 0.2545723925821967 0.15118421915415362
1 0.9090119883528966 0.7305341960288312 0.18197602329420662 0.15222852191409722
1 0.7670977210515837 0.9398251956217939 0.2303293091359686 0.0758296631477993
1 0.9359230483933765 0.8840586164835262 0.12815390321324713 0.07490236282348803
1 0.17202423846443832 0.9846186875008238 0.048267081637205764 0.027380706168510117
1 0.4915444431232796 0.8445435178602029 0.2545723925821967 0.15118421915415386
1 0.26772516282012637 0.9008419310080023 0.24947545680654795 0.14328989853730292
1 0.14716035730220237 0.9279692670461286 0.05211577792830413 0.10081820616851012