1 0.07429291384023845 0.41428715004542854 0.1485858276804769 0.2551456026681049
1 0.20478383876175338 0.4185541689286211 0.17379378335537102 0.2537468769783645
1 0.14534472523951456 0.8688750734966053 0.17206750904511153 0.2505399898232348
1 0.28305276515360633 0.8725655602676223 0.170921088873295 0.22866498982323477
1 0.4888755557450666 0.4239222631174414 0.17584760628614954 0.2632037641334941
1 0.12846251469932107 0.036868696574011775 0.15713747060135783 0.07373739314802355
1 0.0973276221171244 0.179546979873612 0.1754381705105008 0.2553912641334942
1 0.04699899423424881 0.8605822959069854 0.09399798846849762 0.253835408186029
1 0.3884505891004376 0.1845465818643484 0.1783175090451116 0.2508675384437537
1 0.5636220867255884 0.0404529627436709 0.17119332654882308 0.0809059254873418
1 0.519250209747224 0.18626181083344923 0.17255883197589003 0.2599149898232347
1 0.46750408751855793 0.65331983604822 0.17856317051050077 0.2555550384437538
1 0.177408032000634 0.6435917904799187 0.1757657191310198 0.2616412641334943
1 0.406713667458283 0.04214215513381118 0.16469766508343392 0.08428431026762236
1 0.011318740671975018 0.40136110413844295 0.022637481343950036 0.2394652917231141
1 0.31413010402690134 0.6512294708285005 0.17552005766563053 0.2569537641334943
1 0.3533032259168831 0.4092123891912946 0.17511062188998183 0.24914126413349424
1 0.24050441203121614 0.18295086160167484 0.1723131705105008 0.2552274898232347
1 0.025006644052534714 0.1767329183627942 0.05001328810506943 0.24028416327441157
1 0.4208836358003927 0.8739122970386394 0.17002033016686777 0.21147748982323478
1 0.2665390468114967 0.03715143995952026 0.15754690637700658 0.07430287991904053
1 0.060420764360636814 0.6453291101313369 0.12084152872127363 0.25309177973732633