1 0.75234375 0.64921875 0.06953125 0.17421875
1 0.47890625 0.83125 0.071875 0.1765625
1 0.94765625 0.1265625 0.0640625 0.1734375
1 0.46875 0.0234375 0.06875 0.046875
1 0.3328125 0.13515625 0.07265625 0.175
1 0.48359375 0.30625 0.06953125 0.171875
1 0.8171875 0.64375 0.06796875 0.171875
1 0.95546875 0.640625 0.06796875 0.171875
1 0.54921875 0.6515625 0.0703125 0.175
1 0.5375 0.021875 0.06875 0.04296875
1 0.95078125 0.296875 0.06640625 0.17109375
1 0.95703125 0.809375 0.06875 0.16875
1 0.41015625 0.47578125 0.0703125 0.1765625
1 0.40859375 0.30703125 0.07109375 0.171875
1 0.81875 0.81875 0.06875 0.165625
1 0.7453125 0.021875 0.071875 0.04296875
1 0.478125 0.65234375 0.071875 0.17421875
1 0.54921875 0.8296875 0.071875 0.175
1 0.546875 0.30625 0.07109375 0.17109375
1 0.675 0.13046875 0.06953125 0.17109375
1 0.815625 0.3015625 0.0703125 0.17109375
1 0.47265625 0.475 0.07265625 0.1765625
1 0.33828125 0.8328125 0.07265625 0.17421875
1 0.4 0.021875 0.075 0.04296875
1 0.88359375 0.47109375 0.06484375 0.16953125
1 0.75390625 0.81640625 0.06875 0.16640625
1 0.87109375 0.3046875 0.07109375 0.1734375
1 0.684375 0.021875 0.06875 0.04296875
1 0.546875 0.47421875 0.071875 0.17578125
1 0.61328125 0.6453125 0.06875 0.175
1 0.328125 0.021875 0.06875 0.04296875
1 0.8765625 0.8140625 0.07109375 0.16875
1 0.87734375 0.12890625 0.06796875 0.17109375
1 0.7515625 0.303125 0.06953125 0.17265625
1 0.8703125 0.021875 0.071875 0.04296875
1 0.9546875 0.47109375 0.0671875 0.17421875
1 0.6203125 0.82734375 0.06953125 0.171875
1 0.5421875 0.1296875 0.06875 0.17109375
1 0.81640625 0.4796875 0.065625 0.175
1 0.46796875 0.13125 0.07109375 0.1734375
1 0.6796875 0.47578125 0.07109375 0.17109375
1 0.4046875 0.13046875 0.07109375 0.1734375
1 0.68515625 0.30859375 0.07109375 0.1734375
1 0.68984375 0.64453125 0.0703125 0.175
1 0.87578125 0.63671875 0.0703125 0.175
1 0.7453125 0.1296875 0.06796875 0.16875
1 0.609375 0.30625 0.07109375 0.17109375
1 0.6015625 0.0234375 0.071875 0.046875
1 0.6125 0.48359375 0.0734375 0.1765625
1 0.61171875 0.12890625 0.06953125 0.171875
1 0.81796875 0.95 0.0671875 0.09921875
1 0.803125 0.0234375 0.06875 0.046875
1 0.54921875 0.95703125 0.07578125 0.0859375
1 0.75234375 0.47109375 0.06953125 0.171875
1 0.4796875 0.9578125 0.07421875 0.084375
1 0.340625 0.6546875 0.07421875 0.17890625
1 0.4109375 0.653125 0.06953125 0.1765625
1 0.9390625 0.021875 0.071875 0.04296875
1 0.684375 0.82421875 0.06796875 0.16875
1 0.95703125 0.94921875 0.06875 0.1015625
1 0.62265625 0.95625 0.06875 0.0875
1 0.7515625 0.95078125 0.071875 0.0984375
1 0.8125 0.13125 0.07421875 0.17109375
1 0.33671875 0.47734375 0.07109375 0.17734375
1 0.4125 0.825 0.06875 0.1734375
1 0.334375 0.31015625 0.0703125 0.16875
1 0.68828125 0.95234375 0.0765625 0.0953125
1 0.8859375 0.9484375 0.06875 0.103125
1 0.33984375 0.9578125 0.0765625 0.08359375
1 0.41875 0.95703125 0.0875 0.0859375
1 0.57578125 0.95625 0.14921875 0.08671875
0 0.4296875 0.06796875 0.0171875 0.025
0 0.36171875 0.23984375 0.0140625 0.025
0 0.57109375 0.4109375 0.01875 0.0234375