1 0.8470459346602471 0.7395019625209043 0.24317641935425688 0.12325673458010193
1 0.36926338296483596 0.7797026981811609 0.25091614474715096 0.1217396863754999
1 0.12819227367834704 0.79548119252382 0.2563845473566941 0.12023172852997774
1 0.8494923844125779 0.8379803691367627 0.22896837014004498 0.12004992134838517
1 0.37394442080650814 0.8805384903356386 0.25731169396136266 0.12490104781181835
1 0.6063652766785296 0.7560753424021831 0.25396837014004525 0.1201953670936593
1 0.6252907510379665 0.8530866977883773 0.2578211162111037 0.13583854781181834
1 0.6278463627009563 0.9484680854287031 0.2532406240689866 0.10306382914259374
1 0.38355055314766234 0.9579221051898024 0.24775260339082222 0.08415578962039519
1 0.14710363089792133 0.9681732830792914 0.24673375889134017 0.06365343384141724
1 0.853156731807544 0.9270883209321606 0.21276117328319835 0.10745901775758923
1 0.13099278743189663 0.8955357346782978 0.2590197431755744 0.12803513817089823
0 0.04495043362678972 0.8301738342107594 0.05828768899896401 0.04407725292686635
0 0.7631931654298246 0.8116900590283042 0.04527826674922295 0.033067030054229375