1 0.8873652820257716 0.4184546766189955 0.22526943594845683 0.1823499118040736
1 0.8361531534452222 0.7809004449363612 0.2644635840229079 0.18250704206179832
1 0.3471413660486796 0.34061951944901947 0.3114658533577261 0.19590115671569083
1 0.8565918280951319 0.6563165247645447 0.26284654002227165 0.1777376549066684
1 0.796583218133312 0.9408829545472998 0.26448067067154535 0.04977642921692791
1 0.5730258974379042 0.7407512369981596 0.31615335335772626 0.1961468181810801
1 0.8748112853675893 0.5425882174375984 0.2503774292648213 0.1806169934412793
1 0.8139156214592216 0.8852537522633075 0.2704408640197264 0.15939709068231736
1 0.6115867687380422 0.4940499773872212 0.3223851720241807 0.19491186680159914
1 0.3053009534134054 0.5742033033702174 0.3098669906906353 0.19269426956056107
1 0.595844684754905 0.6191694860936484 0.31609880935708984 0.1914593181810801
1 0.1380828973583625 0.17725081750371158 0.19556813335454448 0.16640400723608922
1 0.32040723806490606 0.461624738241355 0.3192601720241807 0.19474809249133962
1 0.0963970260582246 0.42411585142490954 0.18461245202099902 0.16426829715018093
1 0.6298544160566337 0.38443263794809923 0.3255283533577261 0.19663814111185865
1 0.3746476533656803 0.21879210707911909 0.3098306280235444 0.1895692695605611
1 0.525162204129494 0.9269653759623117 0.3041976986791813 0.108073608095172
1 0.5423855194541308 0.8619611736783195 0.31609880935708984 0.1914593181810801
1 0.27860318809672285 0.6983335221625528 0.3145726720241807 0.19450243102595052
1 0.25736508211326753 0.8213958859119345 0.31769767202418076 0.19466620533620976
1 0.11141240404199806 0.3037247862960471 0.18146927068745358 0.16254202283992142
1 0.8945050726845901 0.3008577408433468 0.21098985463081982 0.17840604025277607
1 0.24507471479149429 0.9072481767305373 0.3124829133513628 0.1491080438708206
1 0.08755892274026934 0.5379293679332529 0.16435449602163538 0.16789126413349428
1 0.06539521077335872 0.7829895624153289 0.11428177068745357 0.1590208751693421
1 0.050797456118676365 0.8720896839666263 0.08254087468172658 0.11519563206674732
1 0.07803956675681403 0.6603775780191612 0.14247949602163537 0.1667448439616777
1 0.6636197940404072 0.26305892695767985 0.3161169906906352 0.1930218181810801
0 0.5308174793920882 0.4052574722988386 0.055287484006999676 0.05442855042954133
0 0.5111873267424965 0.5321441988930902 0.053688621339908774 0.051221663274411536
0 0.15654363804899774 0.35295350237484924 0.052162484006999674 0.05426477611928178
0 0.2551902233847704 0.36576336160167483 0.05534202800763603 0.05911605042954129
0 0.27879935136854384 0.24492191711959882 0.053652258672817865 0.04809666327441153
0 0.488259451424223 0.6443509497976013 0.06308180267345413 0.05327548620519007
0 0.20660836740131505 0.49025875056582685 0.05681362133990877 0.05138543758467105
0 0.7810560260979955 0.6813818017883377 0.07727157200827221 0.06494997060135788
0 0.8483771493873157 0.353437186229934 0.05045453333863605 0.04168288896415202
0 0.7598906454487219 0.8106941655377191 0.0929329346753633 0.06889384215265518
0 0.8001140140833598 0.5725047687716509 0.07414657200827221 0.06478619629109836
0 0.5639106953771343 0.29329970488598395 0.08504770934118148 0.06223440637700657