1 0.59375 0.93359375 0.06875 0.1328125
1 0.3234375 0.93359375 0.071875 0.1328125
1 0.79375 0.93359375 0.06875 0.1328125
1 0.25234375 0.778125 0.0703125 0.171875
1 0.2484375 0.60859375 0.06953125 0.1578125
1 0.32109375 0.78046875 0.0703125 0.16640625
1 0.725 0.78203125 0.06953125 0.16484375
1 0.79375 0.78203125 0.0671875 0.1671875
1 0.52578125 0.61171875 0.06796875 0.15859375
1 0.39140625 0.61640625 0.06875 0.1609375
1 0.45390625 0.61953125 0.0703125 0.15546875
1 0.1828125 0.61171875 0.0734375 0.159375
1 0.2515625 0.93359375 0.071875 0.1328125
1 0.5265625 0.9296875 0.071875 0.140625
1 0.321875 0.6078125 0.06953125 0.1625
1 0.53046875 0.7796875 0.071875 0.16796875
1 0.5921875 0.78046875 0.06796875 0.16484375
1 0.1765625 0.9296875 0.071875 0.140625
1 0.0375 0.9296875 0.075 0.140625
1 0.73125 0.93125 0.06875 0.13671875
1 0.7921875 0.61328125 0.06953125 0.16171875
1 0.04140625 0.77578125 0.07265625 0.16640625
1 0.6578125 0.61953125 0.06796875 0.1578125
1 0.72265625 0.6125 0.06875 0.165625
1 0.45625 0.93359375 0.06875 0.1328125
1 0.3953125 0.93359375 0.071875 0.1328125
1 0.18515625 0.778125 0.071875 0.171875
1 0.45625 0.78046875 0.06953125 0.16875
1 0.04609375 0.6046875 0.0703125 0.16640625
1 0.6703125 0.93125 0.071875 0.13671875
1 0.58984375 0.61953125 0.06953125 0.16328125
1 0.1125 0.9296875 0.075 0.140625
1 0.11171875 0.77890625 0.071875 0.1703125
1 0.39453125 0.78125 0.06875 0.16640625
1 0.109375 0.61015625 0.06796875 0.15078125
1 0.6609375 0.7828125 0.0671875 0.165625
0 0.2859375 0.88515625 0.02109375 0.03359375
0 0.48046875 0.846875 0.01875 0.0328125
0 0.1296875 0.53203125 0.0171875 0.02265625
0 0.12265625 0.55546875 0.025 0.015625
0 0.09453125 0.6015625 0.01875 0.02109375
0 0.1265625 0.659375 0.02421875 0.05078125
0 0.01875 0.7734375 0.0140625 0.0171875
0 0.7515625 0.71875 0.02109375 0.02890625