1 0.125 0.9296875 0.06875 0.140625
1 0.4015625 0.93359375 0.071875 0.1328125
1 0.1984375 0.93125 0.071875 0.13671875
1 0.328125 0.93125 0.06875 0.13671875
1 0.32421875 0.44765625 0.06875 0.16484375
1 0.2703125 0.9296875 0.071875 0.140625
1 0.38359375 0.4515625 0.06953125 0.16640625
1 0.1953125 0.61640625 0.06875 0.16171875
1 0.11796875 0.1203125 0.0671875 0.15703125
1 0.12265625 0.4484375 0.06953125 0.16484375
1 0.325 0.6078125 0.06796875 0.16015625
1 0.0078125 0.6171875 0.015625 0.171875
1 0.1234375 0.61640625 0.07109375 0.16484375
1 0.1828125 0.45234375 0.06953125 0.165625
1 0.45 0.2859375 0.06484375 0.15703125
1 0.465625 0.93359375 0.06875 0.1328125
1 0.0578125 0.61015625 0.071875 0.1640625
1 0.24921875 0.28984375 0.0671875 0.1625
1 0.05546875 0.27890625 0.0671875 0.165625
1 0.33046875 0.778125 0.06875 0.171875
1 0.24609375 0.125 0.06484375 0.1625
1 0.4546875 0.45390625 0.06796875 0.1671875
1 0.4 0.778125 0.06953125 0.171875
1 0.0046875 0.11328125 0.009375 0.15625
1 0.38125 0.28359375 0.0703125 0.16015625
1 0.44765625 0.1265625 0.0671875 0.16328125
1 0.17734375 0.11796875 0.0671875 0.15703125
1 0.3890625 0.61484375 0.06796875 0.16640625
1 0.009375 0.9296875 0.01875 0.140625
1 0.053125 0.11875 0.0671875 0.1578125
1 0.384375 0.125 0.06640625 0.1671875
1 0.12421875 0.78046875 0.06953125 0.1671875
1 0.05703125 0.44765625 0.06875 0.16328125
1 0.2515625 0.44765625 0.06796875 0.1640625
1 0.25546875 0.609375 0.0671875 0.16015625
1 0.00625 0.4515625 0.0125 0.16796875
1 0.19609375 0.7796875 0.06953125 0.16796875
1 0.00625 0.27734375 0.0125 0.171875
1 0.321875 0.28359375 0.0671875 0.15703125
1 0.0546875 0.78203125 0.0703125 0.16640625
1 0.31796875 0.121875 0.06953125 0.16484375
1 0.0625 0.93359375 0.06875 0.1328125
1 0.11953125 0.2796875 0.065625 0.1640625
1 0.009375 0.7734375 0.01875 0.171875
1 0.175 0.02265625 0.0671875 0.0453125
1 0.440625 0.0234375 0.06875 0.046875
1 0.1796875 0.28046875 0.071875 0.16640625
1 0.4578125 0.6078125 0.06953125 0.16328125
1 0.4625 0.77890625 0.06953125 0.1734375
1 0.25859375 0.7796875 0.06953125 0.171875
1 0.24375 0.021875 0.065625 0.04375
1 0.115625 0.02109375 0.06640625 0.0421875
1 0.37578125 0.02109375 0.065625 0.04140625
1 0.009375 0.01953125 0.01875 0.0390625
1 0.3125 0.01953125 0.06875 0.0390625
1 0.05 0.01953125 0.06875 0.0390625
1 0.21484375 0.0234375 0.13046875 0.046875
0 0.14375 0.2890625 0.01875 0.02890625
0 0.4890625 0.8828125 0.02265625 0.028125