1 0.624818367817652 0.9853167479747004 0.18017882293077853 0.012511456979289192
1 0.6175071568272326 0.9502559553610265 0.18542624491161738 0.08285123051823931
1 0.10850845657940529 0.5634664362830077 0.16215251922187685 0.08556712743398442
1 0.4441194872212429 0.7304225166423868 0.1824650192218769 0.08592168344033872
1 0.4480102063522627 0.9837111578760886 0.17285764586155708 0.02175008928453721
1 0.1097588545886689 0.855899398133561 0.13386374491161734 0.08195120373287815
1 0.6156392831282285 0.6609616302799488 0.1793400192218769 0.08586713636243815
1 0.446357016619885 0.6537509224865854 0.18238313206674714 0.08435918344033873
1 0.10861467718076315 0.6400971201303837 0.15434001922187685 0.08543075973923261
1 0.2667790592475102 0.7186606765437752 0.18559001922187682 0.0859762305182393
1 0.11595130087976724 0.9292959878251354 0.13887879353213636 0.08828302434972919
1 0.4483477210515837 0.9453889975676633 0.18098440637700666 0.08745690990138826
1 0.4363999197175312 0.8666191152624151 0.18262879353213637 0.08904668344033909
1 0.2645747501115417 0.6467584030048249 0.18559001922187687 0.0859762305182393
1 0.7921409073930594 0.7462427909954114 0.18378185775648764 0.08126145697928919
1 0.6163629794193268 0.7344536773578494 0.1824650192218769 0.08592168344033872
1 0.26931199626635444 0.9758828413164276 0.1855214201718165 0.02509327759614024
1 0.44681844131425735 0.796842403411862 0.1777775192218769 0.08583986282348768
1 0.26506050825214206 0.8649180677774773 0.1887150192218768 0.08603077759614024
1 0.11886161691314079 0.9699073510556602 0.1370020330166868 0.022685297888679658
1 0.4358046189493058 0.5866861534118619 0.1841094063770065 0.08751145697928919
1 0.6130222161903437 0.5961042435104735 0.1809025192218769 0.08589440990138844
1 0.2657432609656755 0.9376288648553779 0.18879690637700663 0.08759327759614025
1 0.7879370070089466 0.6063444939175107 0.18098440637700647 0.08745690990138844
1 0.26892365614986397 0.5059288514626973 0.18550813206674716 0.0844137305182393
1 0.11020151062699124 0.7151380304388091 0.14965251922187686 0.08534893912238176
1 0.44371561623577216 0.5138253518697343 0.17613313206674702 0.08425008928453756
1 0.6126038935982494 0.8119337950526011 0.1871525192218769 0.08600350405718978
1 0.9382120270795639 0.8263143003309021 0.12357594584087224 0.08230575973923271
1 0.26516789235505406 0.5685515823879739 0.18550813206674713 0.08441373051823949
1 0.7889096867917015 0.6696666542259362 0.1823012449116174 0.08279668344033872
1 0.6099138263216805 0.5218718567409983 0.18550813206674696 0.0844137305182393
1 0.11474956976295983 0.786999393669334 0.15105124491161734 0.08225121266133187
1 0.9417973725115795 0.7558790694056257 0.11640525497684102 0.085294392044481
1 0.7935340682926217 0.9518751822291133 0.17712242198083886 0.07333986282348767
1 0.794017667908509 0.8118950645343617 0.18238313206674714 0.08435918344033873
1 0.612918154113699 0.8776133421305017 0.18723440637700647 0.08756600405718977
1 0.7862682864075887 0.5297410836090851 0.1824650192218769 0.08592168344033872
1 0.9359258307884655 0.679343842944576 0.12814833842306897 0.08238758035608348
1 0.7939191706220424 0.8846194983817375 0.17925813206674715 0.08430463636243815
1 0.9380604194924184 0.8951324841782778 0.12387916101516332 0.08230575973923279
1 0.9379702272716202 0.9553569180256538 0.12405954545675968 0.0604307597392328
1 0.10654980890882597 0.4962516627440575 0.16511374491161734 0.082496674511885
1 0.9334946709627563 0.541762022327725 0.1330106580744875 0.08246940097293472
1 0.2743292876507842 0.7881237426963994 0.18246501922187688 0.08592168344033872
1 0.9317805633756109 0.6090449797140511 0.13643887324877824 0.07939894805083547
0 0.5059754353213636 0.8513293060096497 0.03749335594746519 0.030314791395857556
0 0.9473507078226007 0.7982711209477532 0.031161468792335258 0.028643197240056394