1 0.057669737109701226 0.08640967779129301 0.07669969810012064 0.12228406615858281
1 0.4201011380596409 0.024676771371826448 0.08082727611928178 0.049353542743652896
1 0.057686347241038015 0.012431822306902868 0.06849769448207603 0.024863644613805736
1 0.48753429952503013 0.029168828651614666 0.08131859905006031 0.05833765730322933
1 0.12968417797373263 0.014589219945770704 0.08436835594746528 0.029178439891541407
1 0.27137703301668675 0.019639813428108287 0.08025406603337348 0.039279626856216575
1 0.12518478573022024 0.09226879235086943 0.08796474672063966 0.1285976986721401
1 0.20562920228399215 0.017482415789240452 0.0768834045679843 0.034964831578480904
1 0.6197702674128546 0.030779762984011194 0.07506859905006032 0.061355656517662414
1 0.560231493102595 0.029339012443933936 0.07506859905006032 0.05867802488786787
1 0.270453020126388 0.10549043413600478 0.08615658525525038 0.12390110831306052
1 0.19422139077317438 0.09733756655136624 0.08780097241038014 0.12547269867214011
1 0.41671054443664757 0.10776548556206053 0.08763719810012063 0.12234769867214013
1 0.48110059305716646 0.11364278083979622 0.08443031094499087 0.1207670179539809
1 0.3431502137039529 0.10584898243880256 0.08763719810012063 0.12234769867214013
1 0.34966580732694624 0.022533009271578038 0.0774566146538925 0.045066018543156075
1 0.6158031416776855 0.1191110099589491 0.08451219810012063 0.1223295179539809
1 0.5547837545225558 0.1179030339630542 0.08122342378986111 0.11918633723582168
1 0.687943735300679 0.03429058236404782 0.07506859905006032 0.061355656517662414
1 0.686606964608464 0.1280769438003663 0.07760710085908258 0.10979315651766242
0 0.5319393967660682 0.039887118272009595 0.028036468792335612 0.0282795361043535
0 0.6698388664629149 0.09144455221162265 0.04029080732694634 0.02366475897699043
0 0.3910012155129752 0.15402286202549367 0.027790807326946342 0.023592036104353474