0 0.54140625 0.1640625 0.02265625 0.0359375
0 0.634375 0.68828125 0.02265625 0.034375
0 0.6234375 0.5125 0.02578125 0.03125
0 0.6984375 0.50546875 0.02421875 0.03203125
1 0.725 0.09765625 0.075 0.171875
1 0.76015625 0.79375 0.07578125 0.178125
1 0.53828125 0.8078125 0.0765625 0.17890625
1 0.75390625 0.62109375 0.07734375 0.17578125
1 0.88125 0.2578125 0.075 0.171875
1 0.80078125 0.09296875 0.07890625 0.171875
1 0.60078125 0.63046875 0.07890625 0.17890625
1 0.9703125 0.7796875 0.059375 0.17578125
1 0.8296875 0.6171875 0.0765625 0.17578125
1 0.80625 0.26171875 0.07421875 0.17265625
1 0.59453125 0.45 0.078125 0.17734375
1 0.95546875 0.4296875 0.07578125 0.17421875
1 0.58125 0.1046875 0.07578125 0.17421875
1 0.90390625 0.78359375 0.07734375 0.17734375
1 0.68359375 0.7984375 0.0765625 0.178125
1 0.73125 0.265625 0.0765625 0.17265625
1 0.9953125 0.4234375 0.009375 0.17578125
1 0.8953125 0.6171875 0.0765625 0.178125
1 0.9484375 0.2546875 0.07734375 0.1734375
1 0.67109375 0.4453125 0.078125 0.17578125
1 0.53359375 0.6328125 0.075 0.18046875
1 0.9609375 0.6078125 0.078125 0.17578125
1 0.52421875 0.4546875 0.07421875 0.17421875
1 0.6578125 0.1015625 0.078125 0.17265625
1 0.6078125 0.803125 0.0796875 0.17734375
1 0.996875 0.25 0.00625 0.171875
1 0.7453125 0.43984375 0.0765625 0.175
1 0.83203125 0.7890625 0.07890625 0.178125
1 0.6765625 0.62578125 0.07890625 0.17734375
1 0.875 0.0890625 0.07890625 0.16953125
1 0.54375 0.946875 0.075 0.10546875
1 0.9703125 0.93125 0.059375 0.13671875
1 0.615625 0.9453125 0.075 0.109375
1 0.51875 0.27578125 0.075 0.17421875
1 0.5078125 0.10625 0.07421875 0.17890625
1 0.66328125 0.275 0.078125 0.16953125
1 0.8171875 0.43671875 0.078125 0.1734375
1 0.58828125 0.27890625 0.078125 0.17265625
1 0.8421875 0.93515625 0.078125 0.1296875
1 0.9109375 0.9375 0.078125 0.125
1 0.7640625 0.94296875 0.078125 0.1140625
1 0.6859375 0.9390625 0.078125 0.12109375
1 0.9453125 0.08671875 0.0765625 0.16875
1 0.88671875 0.43125 0.07734375 0.1734375
1 0.9875 0.084375 0.025 0.16796875