1 0.70078125 0.44921875 0.08125 0.19921875
1 0.5515625 0.071875 0.084375 0.14375
1 0.55625 0.2390625 0.0828125 0.2015625
1 0.99375 0.46484375 0.0125 0.203125
1 0.94296875 0.46328125 0.08203125 0.19921875
1 0.996875 0.265625 0.00625 0.1953125
1 0.946875 0.26328125 0.0828125 0.196875
1 0.8734375 0.0796875 0.084375 0.159375
1 0.77421875 0.85390625 0.084375 0.2
1 0.5359375 0.4390625 0.08515625 0.20234375
1 0.77890625 0.65390625 0.08046875 0.1984375
1 0.784375 0.0765625 0.08125 0.15234375
1 0.93359375 0.85078125 0.0828125 0.19921875
1 0.85703125 0.8484375 0.084375 0.2015625
1 0.52578125 0.840625 0.084375 0.2015625
1 0.63125 0.2546875 0.08046875 0.2
1 0.9484375 0.08203125 0.084375 0.1640625
1 0.69609375 0.64609375 0.0828125 0.20078125
1 0.6921875 0.84375 0.08125 0.2
1 0.93828125 0.665625 0.08203125 0.19921875
1 0.78203125 0.2453125 0.0828125 0.19921875
1 0.86953125 0.2609375 0.0828125 0.1984375
1 0.5296875 0.64140625 0.0859375 0.20234375
1 0.625 0.07421875 0.08125 0.1484375
1 0.990625 0.665625 0.01875 0.19921875
1 0.62421875 0.4546875 0.08515625 0.2
1 0.44921875 0.84375 0.08515625 0.19921875
1 0.8609375 0.66328125 0.084375 0.1984375
1 0.6140625 0.84921875 0.08203125 0.2015625
1 0.77734375 0.459375 0.0828125 0.19921875
1 0.4515625 0.6375 0.08125 0.20234375
1 0.4578125 0.44296875 0.0828125 0.19921875
1 0.4671875 0.071875 0.084375 0.14375
1 0.70546875 0.25625 0.084375 0.1984375
1 0.865625 0.46171875 0.0828125 0.19921875
1 0.715625 0.078125 0.08125 0.15625
1 0.44375 0.97109375 0.084375 0.0578125
1 0.9890625 0.85 0.021875 0.19921875
1 0.61953125 0.65625 0.0828125 0.20078125
1 0.4640625 0.2359375 0.08359375 0.20078125
1 0.52734375 0.97265625 0.08515625 0.05390625
1 0.68828125 0.97578125 0.0859375 0.0484375
1 0.60234375 0.97421875 0.0828125 0.0515625
1 0.77109375 0.9765625 0.08671875 0.046875
1 0.85234375 0.97734375 0.084375 0.0453125
1 0.92578125 0.978125 0.0859375 0.04375
1 0.9828125 0.978125 0.034375 0.04296875
1 0.4875 0.971875 0.121875 0.05546875
0 0.48828125 0.31640625 0.02734375 0.03984375
0 0.60625 0.21875 0.0390625 0.03984375
0 0.4796875 0.56875 0.028125 0.03515625
0 0.478125 0.91015625 0.02265625 0.0375
0 0.565625 0.52109375 0.028125 0.040625
0 0.6453125 0.71796875 0.028125 0.0421875