0 0.04250674743975124 0.07418179383148979 0.028655621018452527 0.03640115016215577
0 0.019935255473433354 0.22052100568204286 0.021677578925077733 0.02379205600635448
0 0.06883548705758188 0.22513063920510717 0.034268584186749586 0.02557274431795715
0 0.037670245091264 0.3716198555198871 0.034268584186749586 0.02557274431795715
0 0.05136799502067683 0.297237464286185 0.040427578925077735 0.024119338473758488
0 0.04190750796309495 0.07107043060096496 0.021677578925077733 0.023792056006354433
0 0.20671418963194807 0.16262886485537792 0.03426858418674961 0.02557274431795715
0 0.3429731241433986 0.47633503449929426 0.04355257892507769 0.024173885551659245
0 0.3695873740022243 0.32758388880136535 0.03463260523343692 0.031822744317957154
0 0.3839298660391294 0.25553161079818815 0.03096157366340586 0.022393197240056395
0 0.3984543685993781 0.18035433279501092 0.03390456314006211 0.019322744317957153
0 0.5276365504799927 0.49496448336420384 0.03877407366340595 0.02252956493480802
0 0.5420700477785696 0.42134970536102656 0.04070059471009326 0.02880683847375849
0 0.5581570503388184 0.34614515381889904 0.03775760523343692 0.03187729139585782
0 0.5687753028990672 0.2710360596630977 0.045388094710093266 0.028888659090609538
0 0.7092659820782587 0.512085979307014 0.038956084186749604 0.02565456493480802
0 0.7254439899001793 0.43531892776488645 0.04382559471009344 0.02886138555165907
0 0.7397864819370843 0.3632666497617093 0.04088260523343692 0.03193183847375849
0 0.7790772241151638 0.43906549067109973 0.03426858418674961 0.02557274431795715
0 0.7643252084007355 0.5181490186742769 0.03766659997176518 0.03031479139585791
0 0.9329064213572711 0.30370291477924294 0.04070059471009344 0.02880683847375849
0 0.948030163394176 0.23163700000659054 0.03775760523343692 0.03187729139585782
1 0.3496143211737443 0.12111174634984731 0.19911931043863912 0.09556941882984216
1 0.36377480268730567 0.05218446834667011 0.19277830517696729 0.0938978246740408
1 0.36875770527578927 0.010881178572370082 0.19060958944842143 0.021762357144740164
1 0.3356890580901518 0.19940038758354936 0.2021533051769672 0.09406146590774282
1 0.10791412663306021 0.33137095657554727 0.20527830517696724 0.0941160129856435
1 0.8944571133377064 0.173257484178278 0.19452281570031085 0.09705009821299111
1 0.3080660450771465 0.35207142005095343 0.19921031570031095 0.09713191882984215
1 0.12083062656247305 0.2570022021113204 0.20215330517696728 0.09406146590774282
1 0.9083970579489776 0.04111714002247663 0.1801117052052021 0.06401940990138841
1 0.545957971131392 0.07319857752000516 0.20518729991529555 0.09255351298564349
1 0.8816848265765905 0.2585501018730297 0.2102388209619826 0.09888533360249455
1 0.13774438175355774 0.18100276379971772 0.19608531570031093 0.09707737175194149
1 0.15079738957547834 0.10429025933549083 0.19305132096198277 0.09858532467404083
1 0.16160535793486008 0.04158748214309252 0.19553928413027982 0.08317496428618504
1 0.9008050948512676 0.10446657386985247 0.18965330517696727 0.09384327759614011
1 0.03429315806191698 0.17500395413991532 0.0464647472985769 0.07417388555165916
1 0.5523591605515785 0.022594200082725533 0.20153167889684287 0.045188400165451066
1 0.6828154160955991 0.3096291810112973 0.20022678413027997 0.08778419236879254
1 0.3234628028990672 0.275318005278301 0.19921031570031095 0.09713191882984215
1 0.730400860565696 0.029983073054130643 0.19408319994353018 0.05996614610826129
1 0.497325237128169 0.291794618915863 0.20077281570031094 0.09715919236879253
1 0.722808897467986 0.0919643940796664 0.19581229991529536 0.09238987175194147
1 0.05273088687405525 0.03328010430207109 0.04141322625188951 0.06656020860414218
1 0.4919027187829047 0.37149575568533816 0.20711382096198286 0.09883078652459387
1 0.9827460686134956 0.1849841424581086 0.015578768345264393 0.07987841477265238
1 0.6571644267601171 0.455241689939751 0.19553928413027996 0.0877023717519414
1 0.016767511944642412 0.25257952922099325 0.033535023889284823 0.0755181972400564
1 0.6932061555016682 0.23842633685549597 0.20059080517696729 0.09403419236879247
1 0.5309252343561588 0.14370199229265754 0.19608531570031093 0.09707737175194149
1 0.010146150134115621 0.31910851014626973 0.020292300268231242 0.07543637662320553
1 0.29455030567107743 0.4233288112846555 0.19911931043863912 0.09556941882984216
1 0.04605668166885313 0.09363122321463878 0.046646757821920605 0.07729888555165917
1 0.0018222923051363002 0.46381703814944697 0.0036445846102726004 0.0879909237011061
1 0.0074310383235888285 0.39028408076312077 0.014862076647177657 0.08492047077900686
1 0.08902652520470279 0.4770380125819017 0.17805305040940558 0.10022964529089187
1 0.09592090280024514 0.4011340316566251 0.19184180560049027 0.10031146590774287
1 0.5141479870575819 0.21735768060426025 0.205369310438639 0.09567851298564349
1 0.7126456712160966 0.15926098823546778 0.2057333314853267 0.1019285129856435
1 0.2839775557416646 0.49765665544045684 0.20867632096198277 0.09885806006354407
1 0.4633087399707665 0.5140378116916926 0.19957433674699826 0.10338191882984216
1 0.4769154846385074 0.4412179204579905 0.20573333148532652 0.1019285129856435
1 0.6456739189381965 0.5319269208650276 0.21216534200867015 0.10516260714144501
1 0.6698534135353503 0.3847791854755242 0.20904034200867017 0.10510806006354416
1 0.8241328479056266 0.5498842138857385 0.20417083148532633 0.1019012394466932
1 0.8378305978350393 0.4755018226520365 0.2041708314853267 0.1019012394466932
1 0.849275603026124 0.39959784172675994 0.20904034200867017 0.10510806006354426
1 0.865226097693865 0.3267370401846324 0.20269933674699842 0.10343646590774291
1 0.8757078423616061 0.2539716960288311 0.21225634727034198 0.10672510714144483
1 0.9348960426580721 0.5643404058507893 0.06272678413027961 0.0853841209411625
1 0.9440428004799927 0.48769608523393815 0.05803928413027961 0.08530230032431163
1 0.9547065556710773 0.41180574107813683 0.04581229991529554 0.08977161201270878
1 0.9629810582313262 0.336737557230761 0.037817789391951705 0.08651024431795715