0 0.6479454742022595 0.5925834862105359 0.04341503087881229 0.04464464206513998
0 0.6630452884671667 0.5308570309347467 0.03721049498543501 0.04584312101845249
0 0.8480039955141606 0.790488178120384 0.03440374373179367 0.056598610495108836
0 0.7212970238191835 0.25017544930824576 0.058204956584775404 0.07046368942018652
0 0.7417435676301196 0.16606575981747201 0.03927310015828454 0.06312162628012441
0 0.9650386636317689 0.23776426749821827 0.03458560015828453 0.06284861049510884
0 0.8358308852602392 0.2944098386719626 0.0435968873053028 0.05089464206513998
1 0.5357922359375 0.032154028125 0.5123721906250001 0.158090540625 0.62903529375 0.19356170156250002 0.6587525703125 0.043621175 0.5357922359375 0.032154028125
1 0.645757746875 0.042409290625 0.616436884375 0.1923867875 0.7456983953125 0.22903286875 0.784504553125 0.055348665625 0.645757746875 0.042409290625
1 0.7657988203125 0.053604189062499995 0.73011425625 0.228809071875 0.8573591484374999 0.2664966484375 0.9009146890625 0.066204946875 0.7657988203125 0.053604189062499995
1 0.8458082546875 0.2641898625 0.9711149265625 0.30169668125000004 0.9965734953125001 0.176004721875 0.9995008234375 0.0753989796875 0.888979878125 0.06509191875 0.8458082546875 0.2641898625
1 0.632620021875 0.1680751515625 0.5137834875 0.136089990625 0.4530593203125 0.429211134375 0.5753802640625 0.4676690703125 0.632620021875 0.1680751515625
1 0.750986128125 0.2073938328125 0.62075550625 0.1706573734375 0.5637509609375 0.466584534375 0.688010125 0.50522323125 0.750986128125 0.2073938328125
1 0.8657110140625001 0.24268424375 0.736684715625 0.20237140625 0.6764592265625 0.5029164390624999 0.80168749375 0.541645515625 0.8657110140625001 0.24268424375
1 0.8502836874999999 0.24001594062499998 0.787307678125 0.5378453390625 0.9126143531249999 0.5753521593750001 0.9746996546875 0.27621013125 0.8502836874999999 0.24001594062499998
1 0.8971086203124999 0.5739061109375 0.9832394250000001 0.5974957515625 0.985197540625 0.5669709078125 0.9934944703124999 0.2818239234375 0.96136735625 0.271278084375 0.8971086203124999 0.5739061109375
1 0.4522971875 0.4106965859375 0.4004758 0.7059277640625 0.5208345296875 0.740463809375 0.580746396875 0.44480778125000003 0.4522971875 0.4106965859375
1 0.566943665625 0.44720924687499997 0.511143446875 0.7395600296875 0.6318397921875001 0.7729481953125 0.6904689328125 0.482090803125 0.566943665625 0.44720924687499997
1 0.679808740625 0.4810966453125 0.61916298125 0.7729955390625001 0.7435789515625 0.8091897250000001 0.805115415625 0.518603465625 0.679808740625 0.4810966453125
1 0.7906571921875 0.5160255453125 0.7298546234375001 0.8103689375 0.8552396999999999 0.8466535078125 0.9169329749999999 0.55362274375 0.7906571921875 0.5160255453125
1 0.9847564140625 0.5738475546874999 0.9053036750000001 0.5525382078125001 0.8447363171875001 0.84321484375 0.9650006031249999 0.8818186390625 0.9847564140625 0.5738475546874999
1 0.4658601203125 1 0.5235567984375 0.7284220343750001 0.4022049640625 0.6900544765625 0.3489702078125 0.972807990625 0.3499393140625 0.9728983687499999 0.44846072187499997 1 0.4658601203125 1
1 0.5850722921875 1 0.6350324953125 0.7535729078125 0.5161959625 0.7215877468749999 0.4573217953125 1 0.5850722921875 1
1 0.705972415625 1 0.7497573828124999 0.7888633203125 0.624372303125 0.7525787515625 0.57604114375 1 0.705972415625 1
1 0.826306196875 1 0.8644822703124999 0.8241537328125 0.7379712734375 0.7902232921875 0.69374321875 1 0.826306196875 1
1 0.945647925 1 0.962123303125 0.9266725359375 0.96664173125 0.8562352625 0.8489765359374999 0.822707684375 0.8115972984375001 1 0.945647925 1
1 0.4669795296875 1 0.46722966093749996 0.9985915109375 0.3495190453125 0.964252221875 0.342788715625 1 0.4669795296875 1