1 0.27421875 0.89375 0.06796875 0.16953125
1 0.2828125 0.39296875 0.0703125 0.1703125
1 0.1296875 0.8890625 0.06953125 0.1734375
1 0.3328125 0.896875 0.0703125 0.1703125
1 0.19765625 0.89921875 0.0703125 0.1703125
1 0.0125 0.8828125 0.025 0.171875
1 0.07890625 0.5546875 0.06875 0.17109375
1 0.0234375 0.209375 0.046875 0.16796875
1 0.015625 0.71875 0.03125 0.171875
1 0.0296875 0.06640625 0.059375 0.1328125
1 0.1390625 0.55625 0.0703125 0.16796875
1 0.14765625 0.2171875 0.0703125 0.16796875
1 0.14140625 0.39296875 0.06796875 0.1703125
1 0.21953125 0.2234375 0.06640625 0.16875
1 0.278125 0.5640625 0.07109375 0.16875
1 0.34453125 0.5640625 0.06953125 0.17109375
1 0.084375 0.06875 0.075 0.13671875
1 0.221875 0.0703125 0.06875 0.140625
1 0.08125 0.3875 0.071875 0.171875
1 0.4234375 0.0765625 0.071875 0.15234375
1 0.346875 0.4 0.06875 0.16953125
1 0.27421875 0.73515625 0.06875 0.16796875
1 0.08203125 0.2140625 0.06953125 0.1671875
1 0.2078125 0.55859375 0.0671875 0.16640625
1 0.3484375 0.23125 0.06796875 0.165625
1 0.421875 0.23359375 0.0671875 0.16484375
1 0.0171875 0.55078125 0.034375 0.171875
1 0.28671875 0.22578125 0.06875 0.1671875
1 0.40625 0.903125 0.07109375 0.16953125
1 0.071875 0.7265625 0.0703125 0.16953125
1 0.4125 0.57109375 0.06796875 0.16953125
1 0.20390625 0.73203125 0.0703125 0.1703125
1 0.35 0.07421875 0.06875 0.1484375
1 0.409375 0.73984375 0.07109375 0.16796875
1 0.33671875 0.7375 0.07421875 0.16953125
1 0.146875 0.06875 0.06875 0.13671875
1 0.13515625 0.73125 0.071875 0.17109375
1 0.065625 0.89296875 0.07265625 0.16796875
1 0.2140625 0.3875 0.0671875 0.1671875
1 0.0203125 0.3828125 0.040625 0.171875
1 0.4171875 0.403125 0.0671875 0.16953125
1 0.290625 0.071875 0.06875 0.14375
0 0.30859375 0.2890625 0.0234375 0.03359375
0 0.37578125 0.5109375 0.02109375 0.03359375