1 0.39288034684681905 0.5295215671650273 0.2090990681193854 0.32717773292582975
1 0.2836572652909054 0.5109530308689803 0.20615607864272906 0.3301389586155702
1 0.34097402553190037 0.8088649084131715 0.2029554839326358 0.30193207146044043
1 0.5235611994494201 0.5532346268668228 0.20735455759604166 0.32397084577069996
1 0.3339177866199415 0.21680688319840086 0.20579205759604163 0.3238889586155702
1 0.4717003807653374 0.8333592181149669 0.19808597340929204 0.2985614099950511
1 0.44323187343752696 0.23693791949444795 0.21387757338105723 0.328985894391219
1 0.5755207286709639 0.2613503420411137 0.20762757338105722 0.32865834577069997
1 0.4795579683593817 0.05432125056582689 0.15599093671876343 0.10864250113165377
1 0.20493594190984812 0.19535568634147565 0.2090990681193853 0.32717773292582975
1 0.36862817363517103 0.04398793815049795 0.1591313472703421 0.0879758763009959
1 0.23959312101845254 0.03172031151081778 0.15731124203690508 0.06344062302163556
1 0.2333134439759867 0.7902144849619948 0.1963414628859484 0.2953545228399214
1 0.6070760236069361 0.06741107078307193 0.15790204721387227 0.13482214156614386
1 0.06381301507914386 0.7458104669833132 0.05645991553090175 0.2740040660333737
1 0.08391559954824213 0.47205206241532893 0.13070105233436982 0.3183958751693421
1 0.15375766268830432 0.48719902758961986 0.21093458390440092 0.3319471200809595
1 0.11330988403145781 0.18291764133900126 0.16645654181102612 0.31715427973732646
1 0.1206923466350575 0.7671222229762071 0.16803445236260467 0.2907555540475858
1 0.1552258262942418 0.019994917458283065 0.10732665258848365 0.03998983491656613