1 0.029516217949296052 0.2962982830792914 0.059032435898592105 0.10822156615858276
1 0.027303054590895205 0.19158351200205254 0.05460610918179041 0.1112920240041051
1 0.3829408167920042 0.2679248608471433 0.25084337014004526 0.1201771863754999
1 0.39328546546809673 0.16326917710392194 0.24481169396136265 0.12482832493918154
1 0.38853153722249967 0.349229403001621 0.2507705955329393 0.11861468637549999
1 0.6186558006619538 0.05595716773414805 0.2439383986760925 0.1060783249391815
1 0.1681934201828264 0.1807147105759968 0.2476455955329393 0.11859650565734077
1 0.3866780545908952 0.07023679459036462 0.24125004631872748 0.11543514422102227
1 0.6281162679920772 0.42329920383850156 0.2380522717116218 0.11385446350286302
1 0.16108293341739274 0.2830448250373774 0.2445205955329393 0.11857832493918155
1 0.6299570579006641 0.33344181829988206 0.24132282092583351 0.11699764422102224
1 0.8554985593484062 0.39023776072550626 0.24622864474715095 0.12171241529826116
1 0.6179900589341214 0.23803386952954614 0.24437504631872747 0.11545332493918155
1 0.8442379975188006 0.044766179441613 0.23652400496239884 0.08104196350286304
1 0.6256270845746845 0.14117705024770538 0.24764559553293922 0.11859650565734073
1 0.8469948163777195 0.11980254087793148 0.2381250463187275 0.11541696350286301
1 0.024835180107623853 0.0946812409248137 0.049670360215247705 0.10811248184962738
1 0.031093680521908612 0.39632100897699046 0.062187361043817224 0.1082670179539809
1 0.8540688000427814 0.3034871944687277 0.24125004631872776 0.11543514422102223
1 0.1624764212162837 0.08534312324197929 0.2445205955329393 0.11857832493918152
1 0.4066757615819364 0.44623621320827545 0.2506978209258335 0.11705218637549994
1 0.03061849152294461 0.4799238493360701 0.06123698304588922 0.10047269867214012
1 0.1726325554194647 0.37063572862817357 0.24779114474715103 0.12172150565734068
1 0.1689381670824545 0.46673402380771345 0.2506978209258334 0.1170521863754999
1 0.8518941780407092 0.2159508330324092 0.24132282092583351 0.11699764422102224