1 0.1078125 0.921875 0.090625 0.15625
1 0.19375 0.921875 0.09375 0.15625
1 0.1140625 0.5125 0.0890625 0.21875
1 0.11328125 0.73515625 0.08984375 0.22109375
1 0.1984375 0.515625 0.09296875 0.21796875
1 0.19765625 0.73671875 0.09140625 0.221875
1 0.0359375 0.09375 0.071875 0.1875
1 0.0390625 0.2890625 0.078125 0.21875
1 0.20078125 0.2953125 0.08984375 0.2171875
1 0.0375 0.5078125 0.075 0.21875
1 0.0359375 0.91953125 0.071875 0.1609375
1 0.11640625 0.29375 0.090625 0.2171875
1 0.0375 0.73046875 0.075 0.21875
1 0.20078125 0.09453125 0.08984375 0.18828125
1 0.1171875 0.09375 0.09375 0.18671875