1 0.15020557484098565 0.3099546146384672 0.14228853571157002 0.29166752965749526
1 0.27671807786604774 0.3065178913302129 0.14384194535249045 0.29016869665368955
1 0.19635595051885185 0.8579517628515813 0.14068967427525156 0.28409647429683743
1 0.758637781900941 0.8440005756637939 0.13913626463433104 0.28685269566510635
1 0.26225508118569746 0.10285172186256057 0.13527494554888211 0.16016286167271768
1 0.1736941135776178 0.5881897025851887 0.1407078549934108 0.2884788626613009
1 0.842120364068597 0.2912840939525826 0.14073512607064975 0.2931663626613009
1 0.6508661885167993 0.8466388029263809 0.14383285499341075 0.28860619665368964
1 0.13652382816063535 0.10632027866891207 0.13056017447164328 0.15528436068413448
1 0.3813646712501894 0.3037523300752371 0.13915444535249044 0.28997769566510645
1 0.8804673301055429 0.8411541013669565 0.13756467427525151 0.2852265286689121
1 0.31819004390299355 0.8565152327369756 0.137555583916172 0.2836640286689119
1 0.2986486617822197 0.5854705622807399 0.14539535499341083 0.28866986364988384
1 0.058058981456843926 0.3132295118629981 0.11415444535249042 0.2889590237259962
1 0.8640418576256895 0.5686742649031097 0.14227944535249043 0.2901050296574953
1 0.06982422501393627 0.5902058473382616 0.1344487646343312 0.28666169467652336
1 0.716389111043535 0.2947526507589341 0.14386012607064966 0.29329369665368965
1 0.37001303903121974 0.0978697445999736 0.1305874455488821 0.1599718606841345
1 0.7375475353187866 0.575235988211364 0.14071694535249044 0.29004136266130087
1 0.40329525516636144 0.5827050010257642 0.13759194535249045 0.28991402866891214
1 0.09094628785286936 0.8612876684790691 0.13911808391617195 0.27742466304186164
1 0.9366379785299778 0.29279219722234334 0.11570785499341056 0.2874601907221906
1 0.9214437288245652 0.09768794425659379 0.09601245764913031 0.12419618676785789
1 0.829283499901804 0.09861909148112469 0.13044199980360824 0.1349718606841345
1 0.9503323189872532 0.5660214501880928 0.09933536202549362 0.29320085475263546
1 0.47465508723582167 0.09432293334499782 0.13056017447164336 0.15528436068413448
1 0.047497689596953815 0.10894125988583174 0.09459540339440445 0.14913251977166347
1 0.6313338967551051 0.5771566324701454 0.14383285499341092 0.28860619665368964
1 0.9589629513044187 0.8405585351690646 0.08207409739116259 0.2785016847906916
1 0.486797059813871 0.3017998523183586 0.14073512607064967 0.2931663626613009
1 0.6132777465821544 0.2928943790101043 0.14385103571156996 0.29173119665368963
1 0.7043016806199633 0.09665073178557337 0.1304783612399268 0.1412218606841345
1 0.422845727646215 0.8553121714819998 0.13756467427525157 0.28522652866891185
1 0.5282690258508168 0.8517971937251211 0.14540444535249045 0.29023236364988414
1 0.508727643730043 0.5807525232688857 0.14227944535249043 0.2901050296574953
1 0.602748270979043 0.09407487703293793 0.130496541958086 0.1443468606841345
0 0.8454570467316639 0.9948216697519792 0.04072499394987581 0.01035666049604167
0 0.7314536340656814 0.9975759493908839 0.04072499394987581 0.004848101218232159
0 0.3574191529034251 0.48398365813612687 0.04248748184962743 0.053281508897248565
0 0.2366930415653025 0.40798754942915877 0.040897710772388504 0.04853034190105419