1 0.4029940577340037 0.9510079584387834 0.0954321719450391 0.06217897642635144
1 0.06655410405222226 0.9034824108772014 0.1086141335443794 0.086198673283198
1 0.26428456189063876 0.8380991976854164 0.1200804824490227 0.15851032092583353
1 0.4453482892585896 0.16572327584996013 0.1185179824490227 0.15843754631872758
1 0.37321487648475044 0.15113854508038252 0.12338733887551348 0.16490587014004515
1 0.782867077330045 0.7928806654298246 0.10909751834239997 0.1564383986760925
1 0.5770659875300946 0.33123049772819757 0.1153929824490227 0.15829199710451586
1 0.29618204889200805 0.4121895150965932 0.12173391066226813 0.16170809553293938
1 0.8636397042105068 0.80550263586032 0.10891566191590947 0.1501883986760924
1 0.7114694504495832 0.7798220473566941 0.11213159012915455 0.15345894789030404
1 0.4917837730942676 0.9562348058337495 0.09801160266556704 0.04357452564056317
1 0.6941973147271256 0.22044920140947005 0.1122679824490227 0.1581464478903042
1 0.7504674174591996 0.6461533686968123 0.11208612602253201 0.15189644789030404
1 0.15277274887937278 0.9166309201828262 0.10686977711788873 0.07987589867609231
1 0.9274668043022842 0.2743403730400385 0.10900659012915455 0.15331339867609248
1 0.509704710478713 0.8766008097626908 0.11704641066226813 0.1614897717116218
1 0.300202993006878 0.7030135682397463 0.11700094655564541 0.1599272717116218
1 0.335202747954936 0.27773958643671137 0.12334187476889084 0.16334337014004516
1 0.34248508438967395 0.5637305903656529 0.11842705423577744 0.15531254631872748
1 0.6129162224863999 0.19848861828252756 0.11530205423577726 0.1551669971045159
1 0.48159332930860205 0.05892542804070925 0.1274383413827959 0.1178508560814185
1 0.8963949975592245 0.403738928664391 0.11860891066226813 0.16156254631872752
1 0.4223855330568904 0.5795139480997011 0.11842705423577744 0.15531254631872748
1 0.5466390384671668 0.46528016604899725 0.11530205423577726 0.1551669971045158
1 0.08658207686782657 0.5101134005381193 0.1295918747688908 0.1636344685684687
1 0.3729574975592246 0.4281184220448532 0.11847251834239998 0.15687504631872767
1 0.2148792584462842 0.6859224216305685 0.11851798244902272 0.15843754631872767
1 0.3213265205869852 0.9423286253118409 0.10489810015828453 0.06574062406898662
1 0.5075728752976161 0.6012925947088791 0.11847251834239998 0.15687504631872748
1 0.6186133268678266 0.4853336468185748 0.11842705423577726 0.15531254631872748
1 0.5942017309326841 0.8952908436754218 0.11222251834239998 0.1565839478903044
1 0.6522107400373771 0.3495759292835635 0.11686455423577743 0.1552397717116218
1 0.021250245051942073 0.8906228459472241 0.042500490103884146 0.09062930810555195
1 0.5724767420824411 0.06879698387220413 0.11842705423577726 0.13759396774440827
1 0.09278764660951716 0.8062970417706137 0.12343280298213617 0.16646837014004526
1 0.6704459821863253 0.9026623879272346 0.10846102084968265 0.1345633986760923
1 0.6984228473217977 0.5042420045526231 0.11525659012915472 0.15360449710451593
1 0.5438560531151502 0.7486192049241267 0.11217705423577726 0.1550214478903042
1 0.13739075593900177 0.6676861519858613 0.12338733887551348 0.16490587014004526
1 0.21242081433141427 0.39502559388030944 0.12481344655564541 0.16029114474715103
1 0.6636266470052286 0.6275724966947402 0.113648626022532 0.15196922249741007
1 0.7839511703621935 0.5143019011618011 0.11530205423577726 0.15516699710451576
1 0.6292479838356779 0.7633666015333045 0.11373955423577745 0.15509422249741006
1 0.2856155880840906 0.1318128103818635 0.12164298244902269 0.1585830955329393
1 0.7724670672344082 0.23864908375062424 0.11369409012915473 0.15353172249740998
1 0.650056172802969 0.0783603246498871 0.12334187476889084 0.1567206492997742
1 0.5804875380714554 0.6158409381749037 0.1153929824490227 0.15829199710451575
1 0.4655181044479336 0.7327630725829726 0.115211126022532 0.15204199710451594
1 0.41333610814235033 0.3006269687778656 0.12472251834240003 0.15716614474715102
1 0.32290029090794226 0.03912665839600212 0.11982441818411545 0.07825331679200424
1 0.03653191574334004 0.7892230117868243 0.07306383148668008 0.16530397642635145
1 0.25867838572245744 0.5481291691493692 0.12017141066226811 0.16163532092583352
1 0.7499288937065233 0.9059821329648358 0.10805184389007856 0.1205008986760923
1 0.17413590116186367 0.5310016352366383 0.12646687476889076 0.1634889193542568
1 0.23979537575983462 0.9289617921848983 0.10668792069139796 0.0736258986760923
1 0.12615670539764107 0.3834395845746846 0.13597826708875882 0.168613066996892
1 0.8977910468469441 0.6775210310217559 0.1122679824490227 0.15814644789030421
1 0.8543856908161647 0.5336469065384846 0.11521112602253183 0.15204199710451577
1 0.4582812321198183 0.44520956865403105 0.12159751834240015 0.1570205955329392
1 0.8150229771052533 0.38490334553744854 0.11373955423577735 0.15509422249741006
1 0.20330319325694016 0.1184823645584739 0.12798391066226814 0.1619991939613627
1 0.8539072838483133 0.25514091687756674 0.11199519780928675 0.1487714478903041
1 0.817981526392973 0.6586126732877075 0.11213159012915455 0.15345894789030404
1 0.1637740288337483 0.2435936805219086 0.12338733887551348 0.16490587014004515
1 0.801195123977468 0.10935969003693051 0.11346676959604132 0.14571922249741004
1 0.4076473639483381 0.05122424400414397 0.12220527210332381 0.10244848800828794
1 0.9706257709161896 0.29261518404107445 0.04319973370266368 0.1440068651776464
1 0.2481119249145401 0.2677524644346394 0.12325094655564542 0.16021837014004517
1 0.4924780388628783 0.31566546381546684 0.11842705423577726 0.15531254631872765
1 0.18197216706348826 0.8247687518620268 0.12651233887551347 0.165051419354257
1 0.8325368052267212 0.9091563287882256 0.11076766693047446 0.10658394789030438
1 0.3520429746644779 0.8519561823839353 0.11842705423577735 0.15531254631872776
1 0.4274150477048738 0.8624891139393014 0.11704641066226813 0.16148977171162154
1 0.7260503714701855 0.09101425848156461 0.11686455423577743 0.15523977171162173
1 0.5727382564012201 0.962606776264245 0.09742056927947225 0.023262025640563167
1 0.059212729381426674 0.6514490299837894 0.11842545876285335 0.16548806699689197
1 0.9336640138565606 0.5439979015760857 0.10266566191590912 0.14989730024766904
1 0.9522658789920329 0.14601416584410942 0.08864862602253183 0.15080482878371626
1 0.38878811988733986 0.7152716656347125 0.1153929824490227 0.15829199710451575
1 0.5274106314993153 0.1876474716733497 0.1185179824490227 0.15843754631872758
1 0.948951696226441 0.4207958420227918 0.07918269780928675 0.14724318114108112
1 0.23647705760098967 0.030971710091413203 0.11767088479802065 0.061943420182826406
1 0.8862611988002305 0.9128956048430734 0.05259145407749273 0.09139128742738763
1 0.8808682521115709 0.13295554777097887 0.11525659012915454 0.15360449710451585
1 0.7352134566512822 0.3659949878034002 0.11525659012915472 0.15360449710451585
1 0.9131395990376575 0.8203613484329326 0.04448944906292809 0.13470463978475244
1 0.7570934344814516 0.020961970535193906 0.09823892319868044 0.04192394107038781
1 0.9665988151228369 0.05562460629081548 0.06298338479802083 0.07315070967712844
1 0.8346955972552907 0.030879549009323937 0.1001196719450391 0.06175909801864787
1 0.9100449382423752 0.04187462945017928 0.09556856426490726 0.06686647642635143
1 0.6717469678675464 0.009645634927052055 0.09475021034569905 0.01929126985410411
0 0.8816852913701606 0.31938319934255543 0.030778638558944492 0.03888271753501131
0 0.8955586086045688 0.5933643548430734 0.03399456677218993 0.04215326674922295
0 0.5267320522572204 0.5863567994236087 0.051545779625171304 0.05545378742738745