1 0.19375 0.87421875 0.09375 0.2203125
1 0.29453125 0.8765625 0.09296875 0.21953125
1 0.1109375 0.87265625 0.0890625 0.22109375
1 0.04375 0.04296875 0.0875 0.0859375
1 0.1984375 0.66640625 0.0921875 0.22578125
1 0.390625 0.20859375 0.0921875 0.2234375
1 0.29609375 0.66953125 0.09296875 0.22578125
1 0.390625 0.046875 0.09375 0.09375
1 0.3015625 0.42890625 0.09375 0.22578125
1 0.38671875 0.4328125 0.09375 0.225
1 0.30546875 0.20546875 0.0921875 0.2234375
1 0.20234375 0.4265625 0.0890625 0.225
1 0.38203125 0.67109375 0.0921875 0.22421875
1 0.4921875 0.0484375 0.090625 0.096875
1 0.309375 0.046875 0.0875 0.09375
1 0.3796875 0.8765625 0.09375 0.21875
1 0.0421875 0.19140625 0.084375 0.2265625
1 0.48984375 0.21171875 0.09140625 0.22578125
1 0.1265625 0.04296875 0.096875 0.0859375
1 0.11484375 0.66328125 0.09140625 0.22578125
1 0.0359375 0.86875 0.071875 0.22265625
1 0.040625 0.421875 0.08125 0.2265625
1 0.20703125 0.20078125 0.08984375 0.22421875
1 0.4765625 0.44453125 0.0890625 0.22578125
1 0.11796875 0.425 0.0921875 0.22578125
1 0.0375 0.66015625 0.075 0.2265625
1 0.4796875 0.671875 0.09140625 0.221875
1 0.12265625 0.19765625 0.0953125 0.2234375
1 0.209375 0.0453125 0.09375 0.08984375
1 0.46796875 0.884375 0.0890625 0.21484375
0 0.209375 0.23125 0.07109375 0.04453125