1 0.931940152194046 0.3796590101396792 0.10325345941492117 0.09864778003177203
1 0.9431992061718055 0.45097094845128183 0.10012845941492117 0.09859323295387128
1 0.8615141984578724 0.0267601067311125 0.10197160308425524 0.025210280031772104
1 0.9092759939142152 0.2901737702859489 0.11413641233702024 0.09571369480442442
1 0.8795141761367382 0.07005613919851657 0.09851141233702024 0.09544095941492108
1 0.90419875608908 0.22287717613014751 0.10160913879807013 0.09393300649282174
1 0.5372954484578725 0.021100847398916954 0.18790910308425507 0.026710324674040796
1 0.5988452341749827 0.4348008831127319 0.20670574188232518 0.11919783360249454
1 0.5510794845787246 0.12684233278842036 0.20199096834337488 0.1175535129856435
1 0.8944749285723702 0.15315501135749515 0.09851141233702024 0.09544095941492108
1 0.5390391806009649 0.05551675770734247 0.20317163879807013 0.09570578652459386
1 0.8387536193229002 0.7039129419584601 0.20204551542127547 0.1206785129856435
1 0.9459678758157217 0.6057539058376081 0.08940914772652349 0.11090231818121907
1 0.741605073052483 0.09109356777088666 0.2051159683433749 0.11760806006354421
1 0.58695493466145 0.35488155803165405 0.203580741882325 0.11914328652459387
1 0.9524848827155807 0.6801090235323597 0.07348413879807011 0.09344208279171565
1 0.5758322483784422 0.27575711972005135 0.20201824188232517 0.11911601298564349
1 0.7718617686709817 0.32763108562779414 0.2051159683433749 0.11760806006354425
1 0.7838338888013654 0.40286291070887204 0.205143241882325 0.11917056006354412
1 0.8174474095009419 0.6261737256436802 0.1972489212654743 0.11434669236879244
1 0.7221516895294187 0.04152026176453224 0.19944662094116267 0.06127623944669318
1 0.7583816956184987 0.2492469870077659 0.2051432418823252 0.11917056006354416
1 0.8085048319842321 0.556465197640503 0.20204551542127547 0.1206785129856435
1 0.6482689411575671 0.7373179569759938 0.2051432418823252 0.11917056006354425
1 0.5645731944006827 0.20444518140844856 0.20201824188232517 0.11911601298564352
1 0.7958469192401745 0.47575098578994995 0.2035261948044244 0.11601828652459396
1 0.7534680990270654 0.17257539285196455 0.20201824188232517 0.11911601298564353
1 0.6069656513832671 0.5068395243464339 0.20670574188232518 0.11919783360249454
1 0.9404230336885153 0.5204749249123315 0.10322618587597106 0.09708528003177204
1 0.6346797739492828 0.6651838583559655 0.20985801542127547 0.12081488068039511
1 0.6142502715136506 0.5819895288106608 0.216217109577077 0.12717397483619663
0 0.48873917167251124 0.07183150446093159 0.055532979707460586 0.0493920738632619
0 0.732756584012827 0.4637089074624612 0.04911933847375849 0.039907979707460586
0 0.7535485507346439 0.6156805105467162 0.04607615909060954 0.044540932629559826
0 0.5591576225693109 0.6490173417168741 0.05073638555165925 0.04306025324641087
0 0.7521906022767715 0.603934487007766 0.045994338473758486 0.03985343262956
0 0.5570320608809137 0.6364764314084486 0.04906479139585791 0.036782979707460584
0 0.9466576225693111 0.6557811793765584 0.04432274431795733 0.033576159090609535
0 0.4954862293037188 0.2673212824641088 0.038181838473758486 0.0397170649348082