1 0.0128935113991664 0.7555406718696989 0.0257870227983328 0.23891865626060227
1 0.029574477964166495 0.5277058485487212 0.05914895592833299 0.23521330290255768
1 0.13959233681854102 0.7773015660645836 0.12576763867708354 0.23857640507947586
1 0.10657720222552007 0.92130702640887 0.1064331443766667 0.07865576805616711
1 0.23772071229350625 0.7871453028177396 0.12435060904180573 0.24477184137714492
1 0.05138812091593742 0.30035217486492377 0.10277624183187484 0.24255457694917482
1 0.27117356440145785 0.5572569061757843 0.1290381090418058 0.24493553248413774
1 0.27096450379972215 0.10259423194383266 0.1330709924005557 0.20518846388766532
1 0.3463820778879166 0.11606024845997856 0.12747560904180572 0.23212049691995712
1 0.36926557228524254 0.5686631429289404 0.12431424145062522 0.2432093413771451
1 0.20784876149607562 0.9302603857573641 0.10174564437666671 0.07849207694917482
1 0.31873432295083265 0.7944642402965352 0.1306006090418057 0.24499009618646853
1 0.12419468731097197 0.2985416490042081 0.13063697663298632 0.24655259618646844
1 0.08436454863388844 0.5341170504554869 0.13067334422416688 0.24811509618646851
1 0.17702417410885368 0.5441517601668011 0.12903810904180574 0.24493553248413774
1 0.39744969614468717 0.33037196924514295 0.13212674145062522 0.2434821598887993
1 0.08622648109829853 0.08762648557202973 0.10567203780340292 0.17525297114405947
1 0.1616076875953124 0.10372271152541261 0.13303462480937517 0.20744542305082522
1 0.058078724830034456 0.7631150696927806 0.11615744966006891 0.2385218413771451
1 0.03443924344739547 0.9078199344835707 0.06887848689479094 0.08748513103285874
1 0.29113338697104085 0.9406224776826633 0.1000376740119445 0.07218751324684405
1 0.2142559896476733 0.31959570426901845 0.12747560904180572 0.24488096878180682
1 0.44392922511437494 0.1151363827621393 0.12733013867708354 0.2302727655242786
1 0.30689743132704833 0.33041166398033256 0.12747560904180572 0.24488096878180682