0 0.7917564072645031 0.5302406764308787 0.05519657733927232 0.045341243731793844
0 0.0914195052514583 0.605989238717229 0.07894316000954502 0.07258570533113406
0 0.16382066923936794 0.6971885517284949 0.05207157733927246 0.04525031551854859
0 0.34663262189691385 0.7697180842566599 0.056831802673454224 0.05163670783841638
0 0.8838053578930959 0.8134827369348623 0.047420440006363404 0.048238923198680436
1 0.11163836187146045 0.947807014185765 0.11842383068109026 0.10438597162847003
1 0.2507752292330046 0.746609541699365 0.25630563868554457 0.146473149379497
1 0.2719673345401422 0.9342589912245114 0.2609567760184537 0.1314820175509773
1 0.09942071988386898 0.8586512374635877 0.12480110001590834 0.12077916442319178
1 0.08799341856305024 0.7661000246106062 0.1311056440165447 0.12564852084968248
1 0.28387644119991523 0.9853357579175588 0.24414998933799978 0.02932848416488234
1 0.5067332332113692 0.9134861192921075 0.25468859468490823 0.14174018527287444
1 0.9069525038988229 0.771954466480891 0.17045904535327167 0.1517851235152495
1 0.26281105788514164 0.8540272366056578 0.2561783693507264 0.13553564937949716
1 0.9222855078771875 0.9318295716537406 0.13524770401018138 0.07890991316955046
1 0.4941166965706863 0.721647960279192 0.27207608935390815 0.1594277904457238
1 0.8970166192711847 0.4840680215745984 0.1967670066836355 0.13068301332783516
1 0.9029660799252307 0.5772413600544004 0.18290450135263542 0.14746133636823106
1 0.9073075872454132 0.6742754844275798 0.17203972668681722 0.15339308762187223
1 0.9175621925525508 0.8676079472805611 0.14687609468490806 0.1386031619159092
1 0.688086514600594 0.5069048133404704 0.24842041335136286 0.13999582884638356
1 0.7072626812540037 0.6051520967265652 0.24542268268618095 0.15084240063313814
1 0.7202433919080496 0.6985300236861695 0.24235222668681722 0.15543897241989288
1 0.7269195585614594 0.7964135942192827 0.23920904535327187 0.15378554420664764
1 0.7390826565484145 0.8928937891255757 0.24549540802036277 0.15709240063313815
1 0.7516184718730512 0.9538627578843053 0.24326019867918128 0.09227448423138931
1 0.47446890993000324 0.5296052127864744 0.26261018268618097 0.15134250580598768
1 0.48118143925050383 0.6243637833195879 0.26569882001909007 0.1483084340192331
1 0.5047082038908687 0.8188639410788621 0.26112040802036274 0.15754704169936495
1 0.516925298536006 0.9683421377010145 0.2539977040101814 0.06331572459797101
1 0.22642176125877617 0.5559929018867795 0.2594306386855446 0.14656407759274243
1 0.2409195185789586 0.6533225429530063 0.26264654535327175 0.15446750580598767
1 0.059554623965637946 0.5643185642649072 0.11910924793127589 0.1161371285298145
1 0.07590304591027686 0.6633698297043134 0.14049882535009015 0.1274838054894186
0 0.4803910985837311 0.6251223012662764 0.23219542934436319 0.08797868778015676
0 0.12837132853282435 0.9874832796251711 0.06751476400381802 0.025033440749657743
0 0.15951552458627644 0.5970294273553155 0.04098862667090888 0.03243206677218975