1 0.9607106071906607 0.6803608721655692 0.07857878561867863 0.28000687418757336
1 0.8930992198083884 0.6881791006552136 0.14590780076822546 0.2819784772718286
1 0.8081421229060346 0.9023564233006596 0.1293267311168073 0.1443148360381265
1 0.9194514371303857 0.8925938652657102 0.1293267311168073 0.1443148360381265
1 0.7825302120064722 0.6971467719206877 0.14105652645796612 0.27877165665497755
1 0.9314121132971259 0.1416802017108739 0.1371757734057482 0.2756193831160272
1 0.8198222563315781 0.15537628328477354 0.14261902645796595 0.2787989301939279
1 0.9448698439616777 0.40238587662979597 0.11026031207664459 0.27718188311602726
1 0.8646655240831169 0.41420581250576677 0.14245525214770643 0.27567393019392783
1 0.9801710153766896 0.8809239338539664 0.039657969246620794 0.14988299756436801
1 0.602872694482076 0.020227130683690503 0.11199538896415202 0.040454261367381006
1 0.7556147506773685 0.43722234700176565 0.1473884136130959 0.2804432508107789
1 0.5786615835577698 0.7163446055231824 0.14450907507848498 0.28507620373287834
1 0.6127467407277459 0.17306616396516877 0.14237336499257686 0.27411143019392786
1 0.6760721720923805 0.7099525093387861 0.14122030076822548 0.28189665665497754
1 0.5432785249876281 0.4440565482990119 0.14097463930283638 0.2772091566549776
1 0.5166939343053107 0.17552473661061468 0.1422914778374471 0.2725489301939279
1 0.7282898535726161 0.16948542208284362 0.14278280076822547 0.2819239301939279
1 0.645335669944674 0.43680138149776465 0.14064709068231734 0.27095915665497755
1 0.6968328086816833 0.912118981335609 0.12932673111680745 0.1443148360381265
1 0.601643139414378 0.9161264172115796 0.12340427973732648 0.15045574188232536
1 0.7104804765942516 0.015379943589903775 0.11158595318850324 0.03075988717980755
0 0.621552847691264 0.8782445876662749 0.0545923247398008 0.058712526785361166