1 0.91953125 0.78359375 0.07109375 0.16953125
1 0.9203125 0.62265625 0.0703125 0.16953125
1 0.64609375 0.11796875 0.06953125 0.16484375
1 0.6453125 0.28828125 0.0703125 0.16875
1 0.91875 0.93125 0.06875 0.13671875
1 0.8546875 0.93515625 0.071875 0.1296875
1 0.77578125 0.1125 0.06875 0.16015625
1 0.8515625 0.45234375 0.07265625 0.1734375
1 0.91953125 0.11640625 0.06953125 0.16171875
1 0.64375 0.4546875 0.06953125 0.17109375
1 0.85234375 0.28671875 0.07109375 0.16875
1 0.9765625 0.6171875 0.046875 0.1640625
1 0.96875 0.11328125 0.0625 0.1640625
1 0.8546875 0.621875 0.07265625 0.1671875
1 0.853125 0.78515625 0.07109375 0.16953125
1 0.64453125 0.61796875 0.06796875 0.16875
1 0.91875 0.4515625 0.0703125 0.1671875
1 0.91484375 0.28828125 0.06875 0.1671875
1 0.8546875 0.1171875 0.071875 0.15859375
1 0.64296875 0.790625 0.0703125 0.171875
1 0.771875 0.93515625 0.06875 0.1296875
1 0.78359375 0.78671875 0.06953125 0.16953125
1 0.775 0.62421875 0.06953125 0.17109375
1 0.7078125 0.790625 0.07578125 0.16328125
1 0.7734375 0.4546875 0.06953125 0.175
1 0.78359375 0.2859375 0.0703125 0.1671875
1 0.7109375 0.1171875 0.0703125 0.16015625
1 0.9734375 0.93125 0.053125 0.13671875
1 0.70625 0.93515625 0.075 0.1296875
1 0.971875 0.4515625 0.05625 0.16796875
1 0.9765625 0.78515625 0.046875 0.171875
1 0.640625 0.9390625 0.06875 0.12109375
1 0.709375 0.45078125 0.07421875 0.1734375
1 0.7078125 0.621875 0.0765625 0.17421875
1 0.71171875 0.27890625 0.0703125 0.16640625
1 0.9703125 0.28125 0.059375 0.171875
1 0.85 0.0203125 0.071875 0.040625
1 0.78046875 0.0203125 0.0703125 0.040625
1 0.9140625 0.0203125 0.07109375 0.040625
1 0.971875 0.01953125 0.05625 0.0390625
1 0.64609375 0.01953125 0.07421875 0.0390625
1 0.7109375 0.01953125 0.078125 0.0390625
0 0.66640625 0.671875 0.02578125 0.03359375
0 0.93515625 0.34296875 0.028125 0.03515625
0 0.6640625 0.99765625 0.021875 0.0046875
0 0.803125 0.3859375 0.025 0.03828125
0 0.66484375 0.51015625 0.02734375 0.03828125
0 0.6640625 0.84765625 0.02734375 0.03515625
0 0.875 0.67109375 0.02421875 0.034375