1 0.9459313531687854 0.8166425332475686 0.10813729366242911 0.08742987765916688
1 0.9424777429132419 0.9566863049990617 0.11504451417351617 0.04698671561506949
1 0.1982714521612198 0.9086268515392707 0.2014385036281971 0.0905561840799308
1 0.40183541786298366 0.7373473443210761 0.20456350362819703 0.09062891926229177
1 0.9396466368340495 0.9027800549990618 0.12070672633190113 0.08463218597979179
1 0.594762017044677 0.8212099319926385 0.20149306733052796 0.0921186840799308
1 0.4039733259376844 0.8209592781166662 0.20154763103285872 0.0936811840799308
1 0.06598225261670673 0.8147521778116665 0.07783731252120449 0.0829956443766668
1 0.5957491089699762 0.7375252630146869 0.20461806733052795 0.09219141926229177
1 0.07021837403091868 0.8912783102204861 0.08107143992586621 0.08619337955902787
1 0.9378311491314351 0.7339755036122909 0.1243377017371298 0.08931968597979179
1 0.1954391180404689 0.9618609543128123 0.20056548439090335 0.0655561840799308
1 0.2053994166818573 0.8216717121965971 0.20149306733052796 0.0921186840799308
1 0.06384434454200597 0.7311402440160764 0.07945437622353535 0.0845945119678472
1 0.7974902021612198 0.894679880321527 0.203001003628197 0.09059255167111147
1 0.5957367292030618 0.8939025495838189 0.19982143992586626 0.08895731648875013
1 0.7964609263005041 0.8204247627303467 0.20305556733052796 0.09215505167111138
1 0.20474216305366025 0.7356796608098263 0.19825893992586624 0.08892094889756966
1 0.06405018646730518 0.6474737588337153 0.08586806733052794 0.0894274823325695
1 0.7958855182258033 0.7367764613435758 0.203001003628197 0.09059255167111128
1 0.07186520878464177 0.9608277440160762 0.07858135698624166 0.059594511967847555
1 0.9417721154661711 0.6486737832475686 0.11645576906765776 0.09378898043270852
1 0.3982441703100544 0.9031905498681594 0.20450893992586625 0.08906641926229178
1 0.7949579684032886 0.9565077330950688 0.19555060217691836 0.05607208130638917
1 0.2023835109694092 0.5785756756274651 0.19982143992586623 0.08895731648875013
1 0.39484631868129033 0.6491570132990274 0.20305556733052796 0.09215505167111111
1 0.5987550909986268 0.9579468657882287 0.2035813569862416 0.06250391926229212
1 0.20260425497895945 0.6520677270142359 0.19825893992586624 0.08892094889756948
1 0.5942560416394483 0.6499888954235065 0.2014385036281972 0.0905561840799308
1 0.9436421503125615 0.5751453642696174 0.11271569937487698 0.09055487765916688
1 0.40168410652290554 0.5762825577519441 0.2012748125212045 0.0858686840799308
1 0.7968180464487717 0.6515292923656244 0.20456350362819703 0.09062891926229177
1 0.39632949544513063 0.9603127188461109 0.2005654843909034 0.0655561840799308
1 0.597160297629898 0.5764241088543745 0.20138393992586606 0.0889936840799308
1 0.06404769726707837 0.5802317074469444 0.0903373125212045 0.08328658510611113
1 0.7894569250345598 0.575075895139166 0.2014385036281972 0.0905561840799308
0 0.9240055398253497 0.5993102160932284 0.04171627404661713 0.03219555737069442
0 0.3260219076113646 0.6038458197197913 0.038482146641955414 0.028997822188333446
0 0.5198264713136955 0.6008987384134024 0.040044646641955416 0.02903418977951393