1 0.7565576673148295 0.9623542136444042 0.18107143992586625 0.07529157271119154
1 0.5792238078815171 0.7411170257977405 0.1858135036281972 0.0912568004748536
1 0.9167733600662846 0.7644685754146644 0.16645327986743083 0.09746133636823107
1 0.9214013510806099 0.9680479356685858 0.15719729783878017 0.06390412866282844
1 0.21793413301659337 0.7875778710079671 0.18414187622353534 0.08808633636823107
1 0.7589088186812903 0.6792260942192827 0.18732143992586608 0.08973976458147633
1 0.761828009873101 0.9967519456977156 0.1836855192372937 0.006496108604568817
1 0.7640650885515562 0.8268823442192827 0.19088294954451293 0.10233069279472176
1 0.22644354826287025 0.7183648697543259 0.18419643992586626 0.08964883636823107
1 0.22462313183546695 0.8673790312745238 0.18257937622353532 0.08804087226160817
1 0.08916183618930347 0.9664577257851052 0.11197421034428627 0.032915451570210405
1 0.9218502404661711 0.6936021459477777 0.15629951906765777 0.08937605172849494
1 0.07979178147264729 0.8545798514119258 0.10283731252120451 0.08415970282385174
1 0.22620796840328858 0.9798108351145899 0.18384921034428628 0.035006800474853605
1 0.763844344542006 0.7535130403792168 0.18419643992586626 0.08964883636823107
1 0.22532502548219752 0.9321773171679013 0.1825793762235354 0.08804087226160817
1 0.40662461078407475 0.8047750458560001 0.19033731252120453 0.08670569279472176
1 0.57661719617077 0.9925297954602887 0.17910714664195543 0.014940409079422423
1 0.5795263974445636 0.8168300796378064 0.18263393992586607 0.08960337226160853
1 0.08118810116542792 0.7828185116784825 0.1106498125212045 0.08438702335696498
1 0.7612153962634373 0.9017232198461034 0.18263393992586624 0.08960337226160817
1 0.5805110001696361 0.6662306860642971 0.18732143992586625 0.08973976458147633
1 0.9197421200014176 0.9096674151481077 0.16051575999716478 0.09250105172849495
1 0.08309285234655427 0.7032674039983505 0.12013393992586623 0.0877848079967011
1 0.40849218954734806 0.9476528676427549 0.1857043762235353 0.08813180047485361
1 0.5852183806543406 0.9563266967535011 0.18419643992586626 0.08734660649299783
1 0.5836533914541139 0.8903130437444291 0.1873760036281972 0.09130226458147632
1 0.4077307869149429 0.986949733702664 0.1792708377489479 0.026100532594671932
1 0.40155267566753194 0.7265818496960661 0.18899306733052795 0.09291022868809903
1 0.410788777211478 0.6558290804957363 0.18107143992586625 0.08955790815498563
1 0.08448177067287407 0.9218355475718599 0.10741568511654279 0.0811710951437199
1 0.3998413866447904 0.878721011216264 0.18899306733052795 0.09291022868809903
1 0.08001992684865832 0.6376196719450392 0.1183531851165428 0.08148934389007838
1 0.2279489953603126 0.6497285300208826 0.18408731252120453 0.08652383636823106
1 0.9204948435501386 0.8379060754146643 0.1590103128997228 0.08625105172849494
0 0.33671636015110257 0.6802093033778476 0.036810519237293705 0.026045674452321775
0 0.4659549707655414 0.8275736998543508 0.04009921034428636 0.03082410266556721
0 0.28405764082114165 0.7590640775927424 0.038100200725639424 0.018278638558944495
0 0.036111214142119354 0.7658977846397361 0.020059528855940534 0.038045569279472245
0 0.11777538719294459 0.6683755784506722 0.030997028855940557 0.03836381802583091
0 0.8740279095102812 0.9947468279884537 0.03999008293962447 0.010506344023092496