1 0.27059014608526877 0.6265932744950844 0.19033519334818116 0.11047493344863372
1 0.789832136775904 0.8001468656397309 0.19033519334818116 0.1104749334486339
1 0.455383316756814 0.6614581121236895 0.19189769334818116 0.11048402380771342
1 0.4202281614417223 0.7960467355620606 0.18717383068109025 0.1073317527304745
1 0.21911165145603978 0.902692687062871 0.19035337468172656 0.11203743344863355
1 0.4054758654519036 0.8711376391528567 0.18877269334818117 0.11046584308955402
1 0.44513670743154093 0.720896744637247 0.19198860001590834 0.11829652380771342
1 0.29003903274186016 0.5522563498270494 0.19033519334818116 0.11047493344863372
1 0.23629860411358566 0.8354006479334555 0.18879087468172662 0.11202834308955403
1 0.5918128074474494 0.8372388412428424 0.196657918682363 0.11676129488495227
1 0.7773145027848127 0.8658491336919077 0.19195223734881744 0.11517152380771342
1 0.11472995007158762 0.5267119700439665 0.19037155601527198 0.11359993344863373
1 0.01367652741086007 0.5710528433841418 0.014917022676635906 0.0735193132317166
1 0.799951476766359 0.7297707331261736 0.19347837468172652 0.11205561416679295
1 0.020770864735815 0.5092886415887437 0.03063292934436313 0.0814227168225127
1 0.2487344221037225 0.7626671298812786 0.1871556493475448 0.10576925273047451
1 0.7602275474617668 0.9417349228213233 0.19344201201463562 0.10893061416679295
1 0.07500711545190364 0.8730602500981959 0.13096019334818113 0.11012949980360816
1 0.6182469434277229 0.6917627147794093 0.19191587468172672 0.11204652380771343
1 0.3840377647994484 0.9759569493595113 0.1770715773392725 0.044777210575996665
1 0.39217698146081237 0.9368444523845731 0.18406701201463563 0.10887607201231546
1 0.46072425007954176 0.5832967506873711 0.19191587468172652 0.11204652380771343
1 0.7496718554662212 0.9746110553348807 0.18955339600572696 0.04328743344863355
1 0.5832468767902216 0.9068246333973201 0.19189769334818116 0.11048402380771342
1 0.8076452507558596 0.6523769861512357 0.19031701201463563 0.10891243344863373
1 0.08275543344204045 0.800354003123258 0.1481295120146357 0.10866699375348396
1 0.6072736281030862 0.7558933924725064 0.19189769334818116 0.11048402380771342
1 0.08749693010022266 0.7378221868664794 0.15910337468172658 0.11185562626704133
1 0.10063163474695085 0.5908608284552229 0.18717383068109025 0.1073317527304745
1 0.25660091876190466 0.7001171329063408 0.19033519334818114 0.11047493344863372
1 0.637704920751087 0.6182070401113743 0.19031701201463563 0.10891243344863373
1 0.5682036794636758 0.9569155369881163 0.18686474801081765 0.0807692527304745
1 0.9376963774267685 0.6828724863476274 0.09474997334499946 0.08648292154477702
1 0.8956196074554035 0.8940690615813967 0.09636701734563573 0.09117951190385654
1 0.9088912194461767 0.8260184983496799 0.094768154678545 0.0880454215447771
1 0.09289240742358676 0.6643483254301609 0.1715670120146357 0.10880334913967822
1 0.8823025421307668 0.9582133748131131 0.09304202267663583 0.07397383118569749
1 0.9236435154359952 0.7509275947588838 0.09636701734563573 0.09117951190385672
0 0.6338650421307668 0.9596587419067724 0.04256930800445424 0.03305793969514994
0 0.4608088027927669 0.92628822658507 0.034720445337363515 0.029887487899751618
0 0.6752156534452222 0.8203462570320829 0.028434082670272608 0.026726126463433177