1 0.6481551779876847 0.18658954419758117 0.2068681444174139 0.10744992739850953
1 0.8723552263886785 0.3253985559050461 0.20685905405833438 0.10588742739850954
1 0.8587926961380573 0.23937924267332952 0.20217155405833437 0.10586015632127063
1 0.2787188558771736 0.30241296945479135 0.19276928298109555 0.10111811416679295
1 0.844385283373879 0.16429288426207317 0.20217155405833437 0.1058601563212707
1 0.6609955455723233 0.2624480622497579 0.20217155405833437 0.10586015632127062
1 0.27212394311299526 0.22737206283893308 0.19745678298109554 0.10114538524403185
1 0.8409517320460191 0.08302015836437414 0.19903746369925485 0.10427947560311146
1 0.6294784217411689 0.03960091470908594 0.20354315651766228 0.07305674668035031
1 0.24410854830279777 0.07407889119596017 0.20374314441741398 0.1074317466803503
1 0.30047516032829147 0.45723227966144586 0.20372496369925477 0.10430674668035031
1 0.8326443283570271 0.03375141138943625 0.20971134328594587 0.059030608116668784
1 0.25931993696467515 0.14526354478675635 0.19903746369925476 0.10427947560311143
1 0.4550955243968885 0.20109188485124835 0.2037522347764936 0.10899424668035032
1 0.0112182593697739 0.4805414728726369 0.0224365187395478 0.07983294574527378
1 0.8789274132551576 0.4043457125209044 0.20528746369925477 0.10431583703942984
1 0.08695003327568313 0.24113406010845856 0.17390006655136625 0.10414312021691716
1 0.11209391637841563 0.4733243913923519 0.19278746369925476 0.10424311416679295
1 0.6761478469001831 0.3437889658405541 0.20060905405833437 0.1058510659621911
1 0.08247615671405414 0.16766928903121975 0.1649523134281083 0.10408857806243947
1 0.0067443828081449175 0.40863920179539814 0.013488765616289835 0.08290340359079625
1 0.2899739975641131 0.3821686471478885 0.19747496369925477 0.10427038524403187
1 0.10783820843469746 0.39907837031511306 0.19590337334017516 0.10269879488495218
1 0.9638478347999347 0.31108659191120375 0.0379636083130606 0.07990566861791085
1 0.4647790757247484 0.2824009721852659 0.20217155405833437 0.10586015632127062
1 0.42650341266598246 0.01263791802873564 0.19386817466803502 0.021439704525872592
1 0.6423824218393647 0.10452193276126269 0.20217155405833437 0.1058601563212707
1 0.07723012051150477 0.09107497277444107 0.15446024102300954 0.10402494554888216
1 0.48653992535540613 0.4364390323919204 0.2037249636992548 0.10430674668035031
1 0.6803671934075829 0.42428498691779293 0.19902837334017515 0.10271697560311144
1 0.43332558440715124 0.048616324644593915 0.1989738311856975 0.09334197560311144
1 0.4477284519917898 0.12448393305585029 0.20217155405833437 0.1058601563212707
1 0.09144209055547134 0.30991133118569747 0.18288418111094268 0.1073226623713949
1 0.004641527323754787 0.3265943162567787 0.009283054647509574 0.08443863251355736
1 0.48385126259122774 0.3614208516737611 0.20060905405833437 0.105851065962191