1 0.7203125 0.93515625 0.078125 0.1296875
1 0.978125 0.2890625 0.04375 0.1640625
1 0.86015625 0.7875 0.071875 0.1734375
1 0.65078125 0.796875 0.0703125 0.16796875
1 0.7796875 0.93359375 0.071875 0.1328125
1 0.65078125 0.62421875 0.07109375 0.17734375
1 0.859375 0.29375 0.0703125 0.16953125
1 0.65078125 0.29140625 0.0703125 0.1734375
1 0.65078125 0.12890625 0.06796875 0.1671875
1 0.925 0.9375 0.075 0.125
1 0.6484375 0.93515625 0.071875 0.1296875
1 0.975 0.7796875 0.05 0.17578125
1 0.65078125 0.4625 0.0703125 0.16328125
1 0.7203125 0.46015625 0.07265625 0.1703125
1 0.92265625 0.7890625 0.07265625 0.16953125
1 0.9765625 0.93515625 0.046875 0.1296875
1 0.9796875 0.6234375 0.040625 0.16796875
1 0.7796875 0.45859375 0.0703125 0.1703125
1 0.921875 0.6203125 0.07421875 0.16875
1 0.7171875 0.7921875 0.06796875 0.1734375
1 0.92265625 0.28828125 0.06796875 0.16953125
1 0.7171875 0.628125 0.06640625 0.1671875
1 0.92421875 0.45625 0.07109375 0.1671875
1 0.85859375 0.4578125 0.0703125 0.16796875
1 0.859375 0.621875 0.07265625 0.165625
1 0.8578125 0.02265625 0.06953125 0.0453125
1 0.77890625 0.28828125 0.07109375 0.1703125
1 0.975 0.459375 0.05 0.16796875
1 0.8609375 0.9375 0.071875 0.125
1 0.78046875 0.12109375 0.0703125 0.1640625
1 0.71640625 0.28984375 0.06875 0.16328125
1 0.91796875 0.12890625 0.06875 0.16015625
1 0.9734375 0.12109375 0.053125 0.1640625
1 0.85703125 0.12578125 0.06875 0.16015625
1 0.778125 0.78125 0.07265625 0.17734375
1 0.7796875 0.625 0.07265625 0.16640625
1 0.715625 0.1234375 0.07109375 0.16640625
1 0.78828125 0.02265625 0.07421875 0.0453125
1 0.9171875 0.0234375 0.071875 0.046875
1 0.978125 0.021875 0.04375 0.04296875
1 0.7171875 0.02265625 0.065625 0.0453125
1 0.65 0.0234375 0.0671875 0.046875
1 0.6875 0.0234375 0.134375 0.04609375
0 0.8109375 0.51640625 0.02421875 0.034375
0 0.8078125 0.99765625 0.028125 0.0046875
0 0.88046875 0.390625 0.0265625 0.03671875
0 0.74140625 0.3453125 0.02890625 0.03671875
0 0.74375 0.85 0.028125 0.0359375
0 0.8109375 0.85 0.02421875 0.034375
0 0.7421875 0.67578125 0.0296875 0.03359375
0 0.6796875 0.18671875 0.02265625 0.034375
0 0.88125 0.51640625 0.0203125 0.03359375
0 0.87890625 0.1828125 0.02421875 0.03125
0 0.8109375 0.3484375 0.021875 0.03359375
0 0.87890625 0.34765625 0.025 0.03125
0 0.67265625 0.34765625 0.02890625 0.03671875
0 0.67421875 0.3953125 0.025 0.03046875
0 0.8109375 0.0234375 0.01875 0.025
0 0.8828125 0.84453125 0.028125 0.03203125
0 0.95078125 0.84765625 0.02578125 0.028125
0 0.95234375 0.89375 0.0265625 0.03515625