1 0.16953125 0.7140625 0.121875 0.07734375
1 0.0453125 0.8453125 0.090625 0.07421875
1 0.27578125 0.9296875 0.11953125 0.0765625
1 0.05 0.91015625 0.1 0.078125
1 0.2640625 0.98203125 0.115625 0.0359375
1 0.0453125 0.97265625 0.090625 0.0546875
1 0.14375 0.9765625 0.11875 0.046875
1 0.1640625 0.78515625 0.1171875 0.0765625
1 0.0546875 0.775 0.109375 0.07421875
1 0.284375 0.72265625 0.109375 0.07265625
1 0.153125 0.85703125 0.121875 0.0734375
1 0.27890625 0.865625 0.1171875 0.07890625
1 0.14921875 0.92265625 0.1171875 0.0765625
1 0.2796875 0.79453125 0.11484375 0.0765625
1 0.9265625 0.13203125 0.11640625 0.06640625
1 0.396875 0.07890625 0.109375 0.06015625
1 0.50234375 0.08984375 0.10859375 0.06484375
1 0.70546875 0.1046875 0.09765625 0.06484375
1 0.8171875 0.0578125 0.1078125 0.07109375
1 0.71328125 0.04921875 0.10234375 0.0609375
1 0.053125 0.703125 0.10625 0.078125
1 0.60390625 0.07578125 0.11015625 0.1078125
1 0.1796875 0.05625 0.1140625 0.06328125
1 0.28828125 0.0625 0.1078125 0.06953125
1 0.81171875 0.10625 0.11328125 0.09140625
1 0.07421875 0.0484375 0.11015625 0.06015625
1 0.93203125 0.0796875 0.1296875 0.0625
1 0.4953125 0.02890625 0.109375 0.0578125
1 0.3953125 0.02734375 0.11328125 0.0546875
1 0.0109375 0.0375 0.021875 0.06640625
1 0.2890625 0.021875 0.11171875 0.04375
1 0.9296875 0.03125 0.134375 0.0625
1 0.609375 0.04140625 0.10546875 0.075
1 0.81640625 0.0203125 0.10859375 0.0390625
1 0.1796875 0.015625 0.115625 0.03125
1 0.0734375 0.0140625 0.1078125 0.02734375
1 0.9859375 0.13359375 0.028125 0.05859375
1 0.7140625 0.01328125 0.10703125 0.0265625
0 0.0796875 0.87421875 0.0390625 0.02890625
0 0.2453125 0.74765625 0.02421875 0.0265625
0 0.196875 0.8796875 0.02421875 0.02265625
0 0.0046875 0.9375 0.009375 0.0234375