1 0.14889893473802465 0.9243681569428335 0.08741071996293312 0.04669129353213641
1 0.10227431733052791 0.08627169267305372 0.11079863466105584 0.17254338534610744
1 0.061535277759632204 0.4397718289236723 0.09873514427970272 0.1923313421526554
1 0.2753001003628197 0.0024931569428334856 0.08497520072563942 0.004986313885666971
1 0.17264138103285878 0.08603267526019917 0.11403276206571755 0.17206535052039834
1 0.08456856150971417 0.8079895624153289 0.11145339908902611 0.19923643939369348
1 0.07427095697054323 0.9165390468114968 0.07798115626060227 0.04463747060135788
1 0.16237610297952645 0.8172173982364063 0.11312502649368783 0.20244332654882308
1 0.04520596114689447 0.8014429912935727 0.041195462791356975 0.19711401741285464
1 0.10313004463467319 0.6223043679332528 0.10972720798203354 0.19446705223856356
1 0.20604916959226421 0.45411321065173516 0.1129067716843644 0.19619332654882307
1 0.1474752338427492 0.25603423677101694 0.11635915389834954 0.20573210085908258
1 0.05433788056952262 0.6146866197422752 0.07233633538669526 0.19562676051544958
1 0.12743309627128646 0.4441450684082227 0.11474209019601869 0.20408771370395296
1 0.2605778906515056 0.09543811312778369 0.11323415389834954 0.19087622625556738
1 0.34962797776748145 0.003693808797284316 0.08675595553496285 0.007387617594568632
1 0.2861458973597456 0.4616557157401179 0.1195387176006804 0.20745837516934212
1 0.230699517044677 0.823811556988262 0.1164137176006804 0.20729460085908258
1 0.2282416943566715 0.932732855608781 0.08741071996293312 0.04669129353213641
1 0.07996035162876407 0.2501803844415963 0.11156252649368784 0.2023614393936934
1 0.3311632091631599 0.09633002713736427 0.11307046279135698 0.19266005427472854
1 0.23770092975906518 0.26226322535105623 0.11474209019601869 0.2040877137039529
1 0.18398074055098917 0.6290246794440707 0.10967264427970269 0.19290455223856356
1 0.3076414075265466 0.27033799694778227 0.11625002649368783 0.20260710085908257
1 0.260198500169636 0.6375531524202778 0.11597720798203355 0.19479460085908257