1 0.3087631769586453 0.6455330936709125 0.16283122758291685 0.22297523531769164
1 0.018147321903992923 0.423675094499482 0.036294643807985846 0.206725188998964
1 0.46327275826503433 0.4587694559530748 0.16453919794763902 0.2292980099247975
1 0.4346717135277772 0.645922699542934 0.16283122758291685 0.22297523531769164
1 0.07611438416651028 0.4226070541766104 0.15222876833302057 0.23056941149637405
1 0.581931839287083 0.46820657609311994 0.16475740349472226 0.2386730099247975
1 0.7072766781929163 0.4928149319651414 0.17097103590354196 0.23740160835322083
1 0.3312960596518052 0.4502762516526298 0.16453919794763908 0.22929800992479737
1 0.06436639884197895 0.6196811073197636 0.1287327976839579 0.21748721463952717
1 0.22045339789204843 0.23942218072679639 0.1646483007211807 0.23398550992479744
1 0.2892098239007632 0.8471854849034068 0.15843466831236128 0.2352569114963739
1 0.20106369899447882 0.43404332195929074 0.15818009517409737 0.22431941149637408
1 0.15510758083461734 0.8292081186923032 0.15966985999173627 0.22126718610347992
1 0.5513318834556592 0.6740370450758734 0.17086193313000014 0.2327141083532208
1 0.5364478466021868 0.8766890101296851 0.16294033035645866 0.22766273531769166
1 0.4188791401051729 0.8540070272931931 0.1646483007211808 0.2339855099247976
1 0.05184625541524276 0.8207705723735754 0.10369251083048552 0.21341614474715093
1 0.40970154901513806 0.9677440798171736 0.14720361474138902 0.06451184036565287
1 0.49033275284979166 0.10261150123834509 0.1537094943004167 0.1663613622821623
1 0.17209897834541615 0.6368215655491499 0.16112325721819465 0.2166524607105858
1 0.47488632475378456 0.2622219416850512 0.16105052203583342 0.2135274607105858
1 0.5274339096724645 0.9806657648871961 0.14516833605604162 0.03866847022560762
1 0.0512630675355899 0.9302183469806813 0.1025261350711798 0.06356169396136266
1 0.3531749789140971 0.2495142723307943 0.1627584924005557 0.21985023531769157
1 0.14533057770048532 0.9468493829603268 0.1373922036472223 0.06883139081820958
1 0.09092955205236093 0.22635063833701025 0.16152330072118076 0.23383996071058571
1 0.6824909644777077 0.6840563620727653 0.15966985999173638 0.22126718610347992
1 0.7261942516155206 0.28487615342909417 0.1709346683123613 0.23583910835322097
1 0.6594651596724646 0.9837222983856421 0.14673083605604162 0.03255540322871582
1 0.6667165748506937 0.8911441733856421 0.1595971248093752 0.21771165322871572
1 0.5965431192067012 0.277273361039308 0.16893575721819457 0.217016333746115
1 0.36228048803215274 0.09351898345566477 0.14731402393569457 0.15982026385373888
1 0.6090100176674305 0.11126737137839024 0.15218336189159737 0.16785108767505644
1 0.2762714531754506 0.9643333086222805 0.1391001740119445 0.07133338275543899
1 0.2281600611704166 0.07632286724456104 0.15305487765916678 0.13823636228216232
1 0.11180836255718744 0.06855740901517467 0.14200827488562512 0.1330394400324213
1 0.7399872607335765 0.12909918837528225 0.1503662887533334 0.1568408130679506