1 0.6061973021492701 0.8049586427004245 0.16359233415618063 0.12343604195220052
1 0.4335020717165617 0.9507702135918201 0.15730466014423622 0.05441302616718495
1 0.591533430474027 0.8986554347937993 0.16043096656500017 0.12169153142885705
1 0.7341566883578118 0.9051722033508252 0.16173889342673603 0.11084503669052878
1 0.570765682373888 0.9529180005646974 0.15058188145888884 0.03373650512049764
1 0.1502551202535409 0.8853474238469324 0.16820709897381952 0.12058405773721574
1 0.44500392259024235 0.8923661793909531 0.16671733415618065 0.123618052475544
1 0.046068380890208024 0.7944710658414853 0.09213676178041605 0.1204328683170294
1 0.04201600731510382 0.8743405763648291 0.08403201463020764 0.12006884727034191
1 0.4580871104698952 0.7995416425592501 0.16359233415618063 0.12343604195220052
1 0.2892253948548256 0.9482507002964662 0.14945579255305558 0.052395499858825544
1 0.6176452548465619 0.7153501111303934 0.16526393692972227 0.12821454721387227
1 0.47026176178041607 0.712231358358383 0.1636650693385418 0.12656104195220053
1 0.31388316879052014 0.7938971292638961 0.16671733415618065 0.12361805247554418
1 0.8605919017886798 0.9032695271554052 0.1271093202884721 0.09790542093374803
1 0.054190658625624735 0.7010927921639619 0.10838131725124947 0.12281441567207611
1 0.29445906193291593 0.8909919371422864 0.1652275693385418 0.12665204721387227
1 0.17465897426135357 0.7083831054451984 0.16827983415618064 0.1237090577372161
1 0.7479483910551035 0.8154271638882863 0.16043096656500017 0.12169153142885669
1 0.8935531382053117 0.7273671798144761 0.1212593637914587 0.11472889988706055
1 0.3251492835319091 0.7121010976938651 0.16671733415618065 0.123618052475544
1 0.15875991090673544 0.7881084028002452 0.16835256933854176 0.1268340577372161
1 0.7649741965259368 0.7208126139024037 0.16827983415618064 0.1237090577372161
1 0.8781080165300686 0.8211094745386868 0.1212593637914587 0.11472889988706036
0 0.8063609563095827 0.7862787192064278 0.04767508700597238 0.037105157850155376
0 0.8189849768268047 0.9478231639588734 0.0438954703647223 0.008798147326811546