1 0.08339539735836247 0.1886331320667471 0.13564878803308938 0.2507104081860289
1 0.11645498738858837 0.4128861815917772 0.14035446936663484 0.25251856965141817
1 0.3129803774665393 0.9876781416776854 0.1129363520050907 0.024643716644629166
1 0.1558736654200869 0.6468417797373264 0.1372476507001803 0.2539172953411587
1 0.06606627808717781 0.6452582683173657 0.12006015070018028 0.25301653663473134
1 0.17622778735677164 0.18178666779696734 0.1356851507001803 0.2538354081860289
1 0.29204007411676736 0.8727558265488231 0.14198969470081657 0.2544883469023539
1 0.21561919338795202 0.4133985159425165 0.13564878803308938 0.2507104081860289
1 0.10635711278640358 0.8830138958615571 0.11993288136536218 0.23397220827688586
1 0.21460651213394838 0.9905674462910984 0.11280908267027252 0.018865107417803274
1 0.2525668520846325 0.636293783355371 0.1403726507001803 0.2540810696514182
1 0.04458907805536109 0.4099006224558087 0.08256015070018027 0.2510512449116174
1 0.19531961545190363 0.8780707683173656 0.1388101507001803 0.24385846336526873
1 0.02878971335931698 0.19279833163720578 0.05594310669954394 0.24497166327441158