1 0.6298753681049731 0.09307488636216026 0.1454154515702104 0.11838923111680741
1 0.6114987558059877 0.2925868854576491 0.17034857007089493 0.33187187697836446
1 0.4673168467930723 0.2702095171857119 0.16722357007089492 0.3317081026681049
1 0.3065136714163138 0.8529789150834339 0.16631428793844139 0.29404216983313214
1 0.10945756802583095 0.03537865728151775 0.1345401360516619 0.06633540818602891
1 0.4485885449980703 0.5648702419709413 0.16735996239076306 0.33639560266810486
1 0.09202969028743926 0.21387879353213637 0.16101903417751767 0.3329430540475859
1 0.42408761632260655 0.864314223767147 0.1614449315119506 0.27137155246570616
1 0.48633831677218975 0.06605096166778796 0.1383016335443795 0.08837418249628841
1 0.5880374899043631 0.5854394487774892 0.17048496239076308 0.33655937697836436
1 0.34896165188677947 0.25074578697341565 0.16731449828414036 0.33483310266810495
1 0.752068616851332 0.11039958446228089 0.1407279515702104 0.11814356965141819
1 0.3278441359851549 0.5437211810259504 0.16726903417751773 0.33327060266810504
1 0.562664383015654 0.8769221053816384 0.16099029044572397 0.24615578923672315
1 0.7314391827655918 0.3129137528250751 0.16391671364440424 0.32529432835784544
1 0.08251726411925796 0.5035620912481442 0.14539403417751767 0.33212418249628844
1 0.368119514185765 0.05127473145549168 0.14248902837152996 0.07143234396167766
1 0.178002226510021 0.8361908847802806 0.16645068025830945 0.30514560266810486
1 0.23377692108710937 0.23300833107137886 0.16731449828414036 0.33483310266810495
1 0.21102870902555076 0.5235580879687839 0.16878607007089502 0.3317899898232346
1 0.24073030007914226 0.04303842831241691 0.13771060015828457 0.06806168249628841
1 0.685320633015654 0.8801975915868285 0.15630279044572398 0.23960481682634302
1 0.07584869312392614 0.8105557196968466 0.11378032132453622 0.3179864393936932
1 0.7078869886507219 0.6026413161449152 0.16396217775102695 0.32685682835784535
0 0.3751309422659963 0.9846471955559293 0.04796613855894431 0.030705608888141354