1 0.8375 0.9703125 0.1125 0.05859375
1 0.484375 0.96640625 0.125 0.0671875
1 0.13515625 0.89453125 0.11640625 0.07734375
1 0.953125 0.76953125 0.09375 0.078125
1 0.359375 0.96640625 0.11875 0.0671875
1 0.953125 0.428125 0.09375 0.06640625
1 0.38984375 0.6171875 0.1171875 0.071875
1 0.1265625 0.96484375 0.115625 0.0703125
1 0.84140625 0.90546875 0.115625 0.07421875
1 0.7328125 0.69453125 0.11640625 0.0734375
1 0.72890625 0.7671875 0.1203125 0.07421875
1 0.2515625 0.8921875 0.11875 0.07734375
1 0.953125 0.63125 0.09375 0.07421875
1 0.2421875 0.96484375 0.115625 0.0703125
1 0.384375 0.68828125 0.115625 0.07109375
1 0.84921875 0.7671875 0.11875 0.075
1 0.2640625 0.75859375 0.11328125 0.07109375
1 0.95 0.90625 0.1 0.078125
1 0.60859375 0.90234375 0.121875 0.0734375
1 0.9515625 0.8421875 0.096875 0.07421875
1 0.4875 0.89765625 0.121875 0.06953125
1 0.39296875 0.55234375 0.1171875 0.065625
1 0.62734375 0.4265625 0.11953125 0.07109375
1 0.6 0.96640625 0.125 0.0671875
1 0.1765625 0.421875 0.121875 0.06875
1 0.953125 0.69140625 0.09375 0.0703125
1 0.37109375 0.8953125 0.1171875 0.07265625
1 0.0390625 0.89453125 0.078125 0.0765625
1 0.05859375 0.5515625 0.109375 0.0640625
1 0.2390625 0.99765625 0.115625 0.0046875
1 0.29140625 0.42109375 0.1078125 0.06796875
1 0.84375 0.8390625 0.11953125 0.07421875
1 0.4921875 0.83359375 0.11640625 0.075
1 0.95 0.97265625 0.1 0.0546875
1 0.74140625 0.48828125 0.1140625 0.0703125
1 0.27265625 0.68671875 0.11484375 0.07421875
1 0.7234375 0.9703125 0.115625 0.05859375
1 0.6140625 0.76328125 0.1171875 0.0734375
1 0.275 0.61640625 0.115625 0.071875
1 0.85234375 0.63046875 0.1171875 0.071875
1 0.26171875 0.82421875 0.11796875 0.07578125
1 0.50546875 0.55625 0.11484375 0.07109375
1 0.85390625 0.69140625 0.11953125 0.071875
1 0.1203125 0.99609375 0.121875 0.0078125
1 0.37734375 0.759375 0.11796875 0.071875
1 0.9546875 0.55859375 0.090625 0.0703125
1 0.28203125 0.4828125 0.109375 0.07578125
1 0.7234375 0.90390625 0.1203125 0.0734375
1 0.72734375 0.8390625 0.121875 0.07265625
1 0.7359375 0.6234375 0.1203125 0.0703125
1 0.278125 0.553125 0.1171875 0.065625
1 0.6078125 0.834375 0.1203125 0.07578125
1 0.3953125 0.48203125 0.11640625 0.07265625
1 0.18125 0.353125 0.11875 0.0640625
1 0.4984375 0.76171875 0.1171875 0.07109375
1 0.85390625 0.428125 0.11328125 0.06640625
1 0.73828125 0.5578125 0.11640625 0.07109375
1 0.61875 0.69296875 0.11875 0.07421875
1 0.05546875 0.61328125 0.10390625 0.071875
1 0.13984375 0.82265625 0.11484375 0.071875
1 0.6234375 0.48828125 0.12109375 0.0703125
1 0.4953125 0.690625 0.11484375 0.07578125
1 0.61953125 0.55625 0.1171875 0.06953125
1 0.953125 0.490625 0.09375 0.06640625
1 0.16640625 0.5515625 0.11171875 0.06328125
1 0.5140625 0.4265625 0.1203125 0.07109375
1 0.74375 0.42734375 0.11640625 0.0703125
1 0.63203125 0.35546875 0.1234375 0.06640625
1 0.49609375 0.62265625 0.1125 0.0703125
1 0.6203125 0.621875 0.11640625 0.071875
1 0.14609375 0.75625 0.1109375 0.0703125
1 0.1578125 0.6859375 0.11328125 0.06953125
1 0.16875 0.4828125 0.1171875 0.0734375
1 0.37265625 0.83203125 0.11953125 0.0734375
1 0.296875 0.35234375 0.11640625 0.06328125
1 0.040625 0.81875 0.08125 0.0765625
1 0.75 0.35546875 0.1140625 0.0671875
1 0.06015625 0.48203125 0.11171875 0.07265625
1 0.3953125 0.35234375 0.1078125 0.0640625
1 0.9546875 0.3578125 0.090625 0.07421875
1 0.853125 0.49375 0.11015625 0.0703125
1 0.0453125 0.75703125 0.090625 0.0734375
1 0.853125 0.55859375 0.11328125 0.07109375
1 0.39453125 0.4234375 0.11328125 0.07109375
1 0.0625 0.35390625 0.12421875 0.06640625
1 0.0359375 0.9625 0.071875 0.07421875
1 0.50546875 0.484375 0.11171875 0.06953125
1 0.8578125 0.3578125 0.1140625 0.07265625
1 0.16328125 0.6140625 0.11171875 0.06875
1 0.0328125 0.99609375 0.065625 0.0078125
1 0.05859375 0.421875 0.1171875 0.06796875
1 0.51640625 0.3546875 0.1296875 0.0671875
1 0.04765625 0.68359375 0.0953125 0.071875
0 0.10625 0.43671875 0.0296875 0.0265625
0 0.80546875 0.578125 0.03125 0.02578125
0 0.5421875 0.6390625 0.0359375 0.03671875
0 0.896875 0.51328125 0.03046875 0.02265625
0 0.9984375 0.51171875 0.003125 0.03125
0 0.91875 0.99375 0.01875 0.01171875
0 0.68359375 0.93046875 0.015625 0.021875
0 0.43984375 0.375 0.01953125 0.01640625
0 0.5515625 0.5078125 0.02109375 0.02578125
0 0.134375 0.73828125 0.03203125 0.03203125