1 0.1543872862890887 0.14641669576422262 0.21980769780928666 0.15002404671393
1 0.17194920783841652 0.05538618197416906 0.22514841567683302 0.11077236394833812
1 0.6098215616911178 0.5350673894833812 0.2935634465556454 0.16309835972519604
1 0.8708282916993652 0.5702390451975914 0.25834341660126975 0.16099029044572397
1 0.6790092015702104 0.09127427388569041 0.2951259465556454 0.1631438238318187
1 0.3476565308123054 0.5004723952893689 0.2872225183424 0.15979150329870534
1 0.6809377629321237 0.034322209554276166 0.280534597651002 0.06864441910855233
1 0.11690062430667236 0.470436868962903 0.21043269780928667 0.14975126207419395
1 0.399793063011266 0.06973217531025148 0.290211126022532 0.13946435062050297
1 0.8809103338609485 0.45422760029129855 0.23817933227810287 0.154149257059629
1 0.38344430047485367 0.17181018619731117 0.29048391066226814 0.16456993151195065
1 0.41786946159934024 0.0193457304039587 0.27323892319868043 0.0386914608079174
1 0.5957938171013941 0.6441612446562306 0.29990437476889087 0.16640521615168674
1 0.11151209382357141 0.5808431715493277 0.19338159012915473 0.15393865690134448
1 0.3585138112954064 0.3899069683297648 0.29365437476889084 0.16622335972519603
1 0.3337424464891384 0.6134725004622184 0.29365437476889084 0.16622335972519603
1 0.9100342295460289 0.06025863994559958 0.17993154090794228 0.088086336368231
1 0.13734820196592176 0.2595077291503175 0.21351223370266398 0.14827969028743926
1 0.6525041890337981 0.20151309191152134 0.2967793747688908 0.16631428793844139
1 0.1269993868430847 0.36067542405661024 0.21810880548941863 0.14529108260730722
1 0.8998301669304742 0.252028602798581 0.20033966613905144 0.1560012620741939
1 0.8641027501646021 0.6699351683171295 0.2717944996707956 0.15630279044572398
1 0.6369259678010394 0.4185558394042389 0.2998134465556454 0.16328021615168672
1 0.37272341231162076 0.2870631131569153 0.28883048244902276 0.16139946740532798
1 0.9019405847188784 0.12925869253202432 0.19611883056224322 0.1573364415410805
1 0.8903247862890886 0.3531281015449398 0.21935042742182267 0.16132525956691152
1 0.6370730688172538 0.31612116119099354 0.2998134465556454 0.16328021615168672
1 0.5840188942984251 0.750061903669146 0.29825094655564544 0.16323475204506402
1 0.323439095472924 0.7162026953685112 0.2842339106622681 0.1643880750854599
1 0.10862643771364981 0.6966500279758184 0.18079066191590934 0.1504499440483631
1 0.8547549431239261 0.7836255952767337 0.27017141066226813 0.1639788981258558
0 0.7487092507914228 0.28316024551416047 0.06864235141192587 0.051954956584775225
0 0.7348860946815012 0.39928535068701 0.05623327962517113 0.054716243731793845
0 0.4422188730530312 0.47191783478538535 0.04649456677218957 0.041943459092057725
0 0.18332594319043313 0.3347972341648824 0.05283549498543509 0.0452503155185485
0 0.7335435888755135 0.13816599426051926 0.06377299498543501 0.045568564264907255
0 0.4871997862890887 0.13673284105359154 0.06524456677218975 0.04248902837152992