1 0.2109375 0.01953125 0.071875 0.0390625
1 0.0765625 0.01953125 0.071875 0.0390625
1 0.07265625 0.31328125 0.07578125 0.17890625
1 0.0125 0.30859375 0.025 0.1796875
1 0.01875 0.021875 0.0375 0.04296875
1 0.14375 0.01953125 0.075 0.0390625
1 0.13515625 0.853125 0.07265625 0.1828125
1 0.2921875 0.01953125 0.071875 0.0390625
1 0.13984375 0.3140625 0.07578125 0.17890625
1 0.009375 0.85 0.01875 0.18359375
1 0.21015625 0.8625 0.075 0.184375
1 0.01875 0.125 0.0375 0.1796875
1 0.0109375 0.49609375 0.021875 0.1875
1 0.07421875 0.13203125 0.07421875 0.18046875
1 0.278125 0.86171875 0.071875 0.18828125
1 0.20859375 0.3171875 0.08046875 0.178125
1 0.1421875 0.1328125 0.07734375 0.18359375
1 0.2921875 0.3171875 0.07265625 0.178125
1 0.28046875 0.6765625 0.0703125 0.18046875
1 0.1359375 0.49375 0.07578125 0.18125
1 0.290625 0.50234375 0.071875 0.18671875
1 0.06484375 0.67578125 0.078125 0.18046875
1 0.0640625 0.8609375 0.0765625 0.1828125
1 0.06796875 0.49140625 0.07578125 0.18359375
1 0.29296875 0.13671875 0.0734375 0.18359375
1 0.0125 0.671875 0.025 0.1796875
1 0.134375 0.67734375 0.0765625 0.18125
1 0.0578125 0.97578125 0.08125 0.0484375
1 0.2140625 0.49375 0.0765625 0.18203125
1 0.21640625 0.13203125 0.0734375 0.1796875
1 0.2125 0.6765625 0.07421875 0.18046875
1 0.278125 0.97578125 0.078125 0.0484375
1 0.0125 0.97421875 0.025 0.0515625
1 0.20546875 0.97578125 0.0765625 0.0484375
1 0.128125 0.97421875 0.075 0.0515625
0 0.1578125 0.91953125 0.021875 0.0359375