0 0.7828370738751674 0.21464984455624786 0.02636507892507787 0.023873876623205437
0 0.93648644766563 0.3291641322986577 0.02829159997176518 0.030151150162155815
1 0.9376702450912638 0.38940220291550875 0.08734735253201364 0.10610572402541765
1 0.8363275529696544 0.3704282861142615 0.16133088410204488 0.11676258035608367
1 0.5939264923192538 0.2355957698822071 0.16133088410204496 0.11676258035608367
1 0.7636082027155405 0.10169983116356726 0.15949536831702957 0.11204780681713333
1 0.6361580369022901 0.07444976420016422 0.15664338410204498 0.11668075973923264
1 0.9732870396037132 0.1538465324608135 0.04286931043863902 0.0928420649348082
1 0.7405354527861278 0.1755912986961632 0.1613308841020448 0.11676258035608367
1 0.5611147213431534 0.3155735961811009 0.17245039462538864 0.12007849512873606
1 0.6152925290803696 0.15072589204118564 0.15976838410204514 0.11673530681713333
1 0.962896300197644 0.22483118830501217 0.05637036831702957 0.11024775324641087
1 0.8607730870999342 0.28639420535114074 0.1628933841020448 0.11678985389503396
1 0.9495702765907079 0.30593118384078527 0.07355786831702957 0.11054776217486459
1 0.7247291712866838 0.2589941339235108 0.1645468893637169 0.11837962743398434
1 0.9012146185287909 0.12912717613014751 0.15269933674699843 0.10256371266133195
1 0.7049711371564039 0.3431100353034826 0.16289338410204496 0.11678985389503396
1 0.8794313528143626 0.2077334172016938 0.15967737884037306 0.1151728068171333