1 0.6642467049354227 0.0897295276385075 0.08230769780928675 0.14556837955902785
1 0.6070918390085275 0.7912186392457644 0.08666022868809904 0.187828614741389
1 0.9156581599373524 0.6381358857303827 0.0865693004748536 0.18470361474138883
1 0.9555831633025645 0.8243467958746189 0.03964883636823089 0.1820500870059721
1 0.9681383022572202 0.6346667000349313 0.03339883636823089 0.18190461664125018
1 0.6224764612701359 0.6117675285884381 0.08666022868809904 0.187828614741389
1 0.661116446292948 0.9411582089655559 0.08042694906292791 0.11768358206888827
1 0.796700189100305 0.26636737566239654 0.0865693004748536 0.184703614741389
1 0.9845495300873897 0.28559342039965363 0.020898836368230887 0.18161367591180558
1 0.6973628010035791 0.6174194229651048 0.0833988363682309 0.18306837955902786
1 0.9090264120489234 0.8123182681392022 0.08509772868809903 0.18779224715020854
1 0.7407130180797027 0.9452105825406601 0.08024509263643723 0.10957883491867974
1 0.6820236428485934 0.7953080336224312 0.08978522868809904 0.18790134992375
1 0.6493167237400411 0.2535556382958339 0.08666022868809904 0.18782861474138893
1 0.9739433360390265 0.4620286338305217 0.03183633636823089 0.1818682490500695
1 0.9378109224072576 0.27981489266423687 0.09594430047485361 0.1849218202884723
1 0.7798894591585647 0.4410946187285424 0.08666022868809904 0.18782861474138887
1 0.835497983835678 0.8137339913537159 0.08822272868809904 0.18786498233256949
1 0.8739530108870597 0.2712925714258341 0.0833988363682309 0.18306837955902786
1 0.7444099825820368 0.8006689872696533 0.08983069279472175 0.18946384992375015
1 0.8889966523489978 0.1035602107685077 0.07941001834239998 0.15330814437666676
1 0.7391557767221772 0.09460017201517423 0.08244409012915473 0.15025587955902786
1 0.8180340360263914 0.9468646547289934 0.0848871285298145 0.10627069054201321
1 0.7691923368969564 0.6206548321594104 0.08491587226160835 0.18154224715020834
1 0.590022696292948 0.9403035705728128 0.08511444906292791 0.11939285885437449
1 0.99276651002913 0.11066615558201472 0.014012338875513564 0.15959320554708337
1 0.7247797249936824 0.2662569664680909 0.08666022868809904 0.18782861474138893
1 0.847090016363843 0.6302857117184383 0.08491587226160817 0.18154224715020853
1 0.7039945488920081 0.4432370405562853 0.08652383636823088 0.183141114741389
1 0.8866931078131459 0.9507897417349657 0.08470527210332364 0.09842051653006863
1 0.9537722061890639 0.10741321580250081 0.08110891066226814 0.15803201196784727
1 0.8624519065721401 0.45161585106111185 0.08822272868809904 0.18786498233256949
1 0.8077921164556205 0.10010659602711873 0.08253501834240007 0.15338087955902785
1 0.9420709295999007 0.9547693801277088 0.04858591567683277 0.0904612397445824
1 0.9302388001456492 0.45944784127746613 0.08509772868809903 0.18779224715020848
1 0.6371934937983008 0.4283919841355214 0.0818818004748536 0.1845945119678472
0 0.7421143260098967 0.3690734951534381 0.030778638558944492 0.03819098423243057
0 0.7829472968469441 0.7390236256623964 0.03086956677218957 0.04131598423243048