1 0.7328415356633563 0.93110685368969 0.11310217787060921 0.057645356729801735
1 0.8802232826604257 0.5150468190892792 0.14344488836446345 0.26634919467652335
1 0.7898529506452034 0.5249895048685538 0.1433175543720747 0.2632241946765232
1 0.6289791872621494 0.08622802418310674 0.13608337452429886 0.17245604836621348
1 0.7547617317483922 0.2783519268076641 0.14319022037968593 0.2600991946765233
1 0.6589863167293644 0.2900799470736191 0.1464425543720747 0.26335152866891204
1 0.9697155696951139 0.7516607983290324 0.0605688606097722 0.2629403517868859
1 0.9505915434976597 0.503015051294782 0.09881691300468062 0.26252385771838505
1 0.9864640123944707 0.8894645458575745 0.027071975211058686 0.044797846843970035
1 0.8483207307598091 0.26984440703600054 0.14637888737588015 0.26178902866891207
1 0.8253646166899957 0.9163811674161237 0.1099771778706092 0.057518022737413334
1 0.7176091720134723 0.7877388556668565 0.14319022037968593 0.26009919467652337
1 0.6141167574887358 0.8021289609137835 0.14475272037968595 0.2601628616727177
1 0.938873475551157 0.25421013677004545 0.12225304889768615 0.26277852570316257
1 0.8244175875267921 0.7779089164275407 0.14344488836446337 0.2663491946765234
1 0.6817685366147584 0.541914361104064 0.1464425543720747 0.26335152866891215
1 0.9138156685534312 0.7633105641463631 0.1465062213682689 0.2649140286689121
1 0.9138807692773719 0.07396149304273673 0.11526153855474383 0.14792298608547347
1 0.5254231057412186 0.09698645205371603 0.1414712114824372 0.19397290410743206
1 0.7204491042583439 0.08594418129346937 0.13777320851668762 0.17188836258693874
1 0.8139762697716634 0.07856542140763763 0.13732753954332688 0.15713084281527526
1 0.5788982045995361 0.5523663828528939 0.1402562213682689 0.26465936068413465
1 0.6270372046367172 0.9463737094309088 0.11322951186299797 0.06077035672980173
1 0.5556212361970166 0.3075950523205461 0.14319022037968576 0.2600991946765233
1 0.9398581982109263 0.9031078931958362 0.10796900889724839 0.04651685574121842
0 0.7720354619767289 0.18374242235903976 0.04109984387822045 0.05159167490485976