1 0.87421875 0.67421875 0.0765625 0.17109375
1 0.984375 0.665625 0.03125 0.16796875
1 0.72578125 0.8375 0.07578125 0.1734375
1 0.98125 0.8359375 0.0375 0.171875
1 0.79765625 0.6625 0.075 0.16484375
1 0.790625 0.8390625 0.071875 0.171875
1 0.9328125 0.675 0.071875 0.17109375
1 0.72890625 0.6609375 0.0734375 0.17109375
1 0.925 0.8390625 0.071875 0.16875
1 0.86328125 0.9625 0.071875 0.075
1 0.98125 0.9625 0.0375 0.07421875
1 0.92109375 0.9609375 0.0765625 0.078125
1 0.865625 0.83125 0.06953125 0.1671875
1 0.7890625 0.96171875 0.071875 0.0765625
1 0.72109375 0.9609375 0.071875 0.078125
1 0.0171875 0.0296875 0.034375 0.05859375
1 0.83046875 0.9609375 0.053125 0.07734375
0 0.88515625 0.94609375 0.02421875 0.02578125
0 0.7515625 0.72265625 0.02734375 0.025
0 0.88984375 0.77734375 0.01953125 0.02109375