1 0.6523066460807917 0.028125 0.16850595909205773 0.0453125
1 0.12513874082879997 0.07578125 0.17924488229073815 0.0921875
1 0.23584995414399984 0.37890625 0.17915395407749282 0.0890625
1 0.4451664328320989 0.19296875 0.17759145407749277 0.0890625
1 0.6351358664556205 0.08125 0.17759145407749272 0.0890625
1 0.11385424835064736 0.14140625 0.1744664540774928 0.0890625
1 0.5805319683297647 0.346875 0.17924488229073815 0.0921875
1 0.7767741340065978 0.234375 0.17281302586424765 0.0859375
1 0.8025363151228371 0.10078125 0.17602895407749272 0.0890625
1 0.6193002662973359 0.1421875 0.17763691818411545 0.090625
1 0.6062941494460039 0.21328125 0.17759145407749272 0.0890625
1 0.4605390317367422 0.12109375 0.1775914540774929 0.0890625
1 0.41081050171585964 0.3265625 0.1807164540774929 0.0890625
1 0.5705599232651875 0.42109375 0.17754598997087 0.0875
1 0.13511914608079173 0.028125 0.17976170783841652 0.05625
1 0.6012369249145401 0.2796875 0.17437552586424748 0.0859375
1 0.25434755304864315 0.30703125 0.1838414540774928 0.0890625
1 0.7582538030486432 0.30703125 0.17437552586424748 0.0859375
1 0.7881268226446845 0.16640625 0.1775914540774929 0.0890625
1 0.3011844152811216 0.03984375 0.17888116943775678 0.0796875
1 0.9116599478757937 0.32421875 0.16031302586424728 0.0859375
1 0.4815538768804618 0.01640625 0.17126724623907635 0.0328125
1 0.09241585438142666 0.2875 0.16986988229073818 0.0921875
1 0.7431994528903586 0.36796875 0.1775914540774929 0.0890625
1 0.4740536139483381 0.059375 0.1744664540774929 0.0890625
1 0.40242368870459366 0.4 0.18062552586424746 0.0859375
1 0.27395066237812776 0.1703125 0.17759145407749283 0.0890625
1 0.9282971815784578 0.18203125 0.1353130258642473 0.0859375
1 0.2915988151228371 0.10078125 0.17915395407749282 0.0890625
1 0.4227171198208328 0.26640625 0.18062552586424746 0.0859375
1 0.8158235768013196 0.046875 0.17015938730530317 0.0484375
1 0.07978312523110921 0.35625 0.15956625046221842 0.08125
1 0.9066936515575751 0.3875 0.16660848997087002 0.0875
1 0.9394680137900536 0.1203125 0.11660848997087 0.0875
1 0.10245609560593805 0.2109375 0.16968802586424747 0.0859375
1 0.7309745860390267 0.4390625 0.1744209899708702 0.0875
1 0.27045593784666383 0.23671875 0.1791084899708701 0.0875
1 0.9246433326738142 0.25390625 0.13852895407749272 0.0890625
1 0.8914347129194884 0.45546875 0.1775005258642473 0.0859375
1 0.9441615254685359 0.06640625 0.10940374373179367 0.0546875
1 0.9755369282797524 0.46484375 0.023920884798020837 0.0703125
1 0.9830515630777729 0.39453125 0.01307431301126627 0.0734375
0 0.950769226643035 0.1078125 0.036846782132453626 0.03125