1 0.7470229771111452 0.79921875 0.32271406743868064 0.1703125
1 0.436718643904895 0.93984375 0.32936280452090294 0.1203125
1 0.760865311932916 0.909375 0.3175174211621529 0.1484375
1 0.932613678574166 0.88125 0.0964412017473613 0.115625
1 0.16907654901513808 0.959375 0.25345361474138894 0.08125
1 0.937575895139166 0.76875 0.09233558320625015 0.140625
1 0.1471691006862494 0.759375 0.27743793502986125 0.171875
1 0.4272001331713188 0.8453125 0.33521406743868065 0.1703125
1 0.41028734973631886 0.7328125 0.33052656743868064 0.1703125
1 0.922152876521805 0.659375 0.12812761284152785 0.134375
1 0.7258610644014579 0.5671875 0.3385936405769446 0.18125
1 0.9242082986338884 0.5375 0.13034472948277803 0.1625
1 0.39906152184840227 0.6109375 0.31966180262104177 0.1734375
1 0.13850299515663173 0.64296875 0.27700599031326345 0.1828125
1 0.7316726936761453 0.68671875 0.331979964665139 0.165625
1 0.1631006123697562 0.88046875 0.27565722948277793 0.1625
0 0.9207189695117008 0.58671875 0.06657055737069442 0.040625
0 0.9534158346343397 0.92734375 0.050327308320625264 0.0140625
0 0.8419919446260758 0.71328125 0.05566942496187508 0.0421875
0 0.8540353901051729 0.83359375 0.06355466014423605 0.0453125
0 0.3031846709747216 0.66875 0.06359102773541672 0.046875
0 0.32736248091086734 0.90546875 0.05566942496187508 0.0421875
0 0.023441966377568853 0.7046875 0.03215918977951392 0.0390625
0 0.03566724981256876 0.8171875 0.029361498100138928 0.053125
0 0.05163512908725616 0.93671875 0.02590918977951393 0.0390625