1 0.12265625 0.7375 0.0703125 0.1625
1 0.22734375 0.1140625 0.06796875 0.15546875
1 0.078125 0.42109375 0.06875 0.1609375
1 0.215625 0.2703125 0.06796875 0.16015625
1 0.19375 0.74375 0.06875 0.1640625
1 0.096875 0.11015625 0.0671875 0.1546875
1 0.15078125 0.26328125 0.06875 0.159375
1 0.1109375 0.9015625 0.06953125 0.1671875
1 0.04765625 0.90234375 0.06640625 0.171875
1 0.1046875 0.9921875 0.071875 0.015625
1 0.0328125 0.109375 0.065625 0.1578125
1 0.18359375 0.9046875 0.06875 0.16875
1 0.178125 0.99375 0.06875 0.01171875
1 0.203125 0.584375 0.06875 0.16171875
1 0.13359375 0.42265625 0.06953125 0.16171875
1 0.0890625 0.26171875 0.065625 0.1578125
1 0.20859375 0.42109375 0.06796875 0.1578125
1 0.12265625 0.58671875 0.06953125 0.16484375
1 0.0359375 0.9859375 0.071875 0.02734375
1 0.06796875 0.578125 0.06953125 0.16484375
1 0.05390625 0.73515625 0.0671875 0.15625
1 0.0265625 0.2578125 0.05234375 0.15703125
1 0.15859375 0.1125 0.06484375 0.15703125
1 0.021875 0.41015625 0.04375 0.1625
1 0.0171875 0.57734375 0.034375 0.1734375
1 0.03828125 0.0140625 0.0765625 0.028125