1 0.409375 0.03125 0.0671875 0.06171875
1 0.06171875 0.76953125 0.06875 0.16484375
1 0.0125 0.76171875 0.025 0.1640625
1 0.2 0.44921875 0.0671875 0.165625
1 0.05 0.921875 0.06875 0.15625
1 0.0140625 0.58984375 0.028125 0.1640625
1 0.3234375 0.93125 0.071875 0.13671875
1 0.253125 0.92734375 0.06875 0.1453125
1 0.07421875 0.11875 0.06875 0.1640625
1 0.11875 0.9234375 0.06875 0.15234375
1 0.33359375 0.29296875 0.0703125 0.16171875
1 0.1890625 0.76484375 0.07109375 0.1671875
1 0.328125 0.625 0.06953125 0.16484375
1 0.01875 0.2734375 0.0375 0.1640625
1 0.39140625 0.77578125 0.0703125 0.16640625
1 0.1234375 0.77265625 0.06875 0.16875
1 0.13046875 0.44375 0.071875 0.16796875
1 0.40546875 0.3 0.065625 0.1640625
1 0.4078125 0.14296875 0.06796875 0.1609375
1 0.203125 0.290625 0.06796875 0.15859375
1 0.27265625 0.45390625 0.06484375 0.1625
1 0.015625 0.43359375 0.03125 0.1640625
1 0.39296875 0.62421875 0.0734375 0.16484375
1 0.13984375 0.1140625 0.06875 0.1640625
1 0.275 0.28984375 0.06484375 0.1625
1 0.33828125 0.0265625 0.0671875 0.053125
1 0.27421875 0.1296875 0.065625 0.16484375
1 0.19609375 0.60625 0.06875 0.16171875
1 0.33046875 0.45859375 0.0671875 0.1640625
1 0.3859375 0.9296875 0.065625 0.140625
1 0.01875 0.1078125 0.0375 0.16015625
1 0.071875 0.27421875 0.0671875 0.16171875
1 0.128125 0.6125 0.0671875 0.16484375
1 0.3296875 0.7796875 0.06875 0.16640625
1 0.0671875 0.609375 0.07578125 0.1671875
1 0.20546875 0.12578125 0.065625 0.1625
1 0.0734375 0.43984375 0.07578125 0.16796875
1 0.2734375 0.0234375 0.065625 0.046875
1 0.3375 0.12734375 0.071875 0.16484375
1 0.25703125 0.775 0.06953125 0.1640625
1 0.0078125 0.91953125 0.015625 0.1609375
1 0.1828125 0.9234375 0.071875 0.15234375
1 0.3953125 0.46171875 0.07421875 0.165625
1 0.13515625 0.27734375 0.0703125 0.16171875
1 0.2734375 0.61875 0.07734375 0.165625
1 0.209375 0.02265625 0.06953125 0.04453125
1 0.14140625 0.02109375 0.06328125 0.0421875
1 0.0234375 0.0140625 0.046875 0.02734375
1 0.0765625 0.0171875 0.06953125 0.034375
0 0.0546875 0.29140625 0.02734375 0.04609375