0 0.9703473488031753 0.9133465360263913 0.013427582939624472 0.026926212852981735
0 0.6124380018140985 0.025192284310531676 0.0321230192372937 0.025909282132453627
0 0.45173372494189257 0.6860030668386967 0.044623019237293705 0.026272994985435005
0 0.2548040950053421 0.19748143910030502 0.05298115626060227 0.0421253155185485
0 0.1470684621583848 0.068450820137402 0.03859127404661713 0.03234113855894436
0 0.8933060890148923 0.25241504770487383 0.04344246515360979 0.03716503087881238
0 0.5959796773119945 0.09136285359000385 0.022857146641955418 0.028761497492717548
0 0.38562004146981227 0.007984681578457649 0.04311508293962456 0.015969363156915297
0 0.7001216065229056 0.5653793636191338 0.24507937622353532 0.0898594365265156
0 0.6739609329239261 0.8687915201247668 0.23564981252120454 0.08802415188677948
0 0.24882694663410615 0.45181959811322053 0.24631449400955016 0.08052990063313832
0 0.24007199472734042 0.5146378468595793 0.2527827488188737 0.08696175705962901
1 0.8734277087846418 0.9372817926903089 0.20423612141421188 0.08242736975432585
1 0.6673860399101678 0.9268540727111916 0.24131945916315978 0.11628554420664727
1 0.9197544832097769 0.31478701557242017 0.1604910335804462 0.12526808762187222
1 0.9011111545313216 0.6775059759181191 0.1977776909373567 0.12148986975432585
1 0.4901389381965857 0.3525169654267709 0.242028787293461 0.13659804420664745
1 0.10149804573098153 0.21914715360263912 0.13528771397248335 0.11944398495630519
1 0.06463057294245955 0.865406039654301 0.07262402286549077 0.11293792069139812
1 0.6939113012580951 0.6562771482588697 0.24655259618646835 0.13204693652651542
1 0.4717957098809501 0.5438693911327338 0.23098215988879928 0.1331547954602886
1 0.5102629213215447 0.16736907561418535 0.24024803248413756 0.13030258010002488
1 0.9150868305773718 0.40559387199891095 0.16982633884525633 0.12563180047485364
1 0.23783737213200212 0.5178310430195132 0.23098215988879928 0.1331547954602886
1 0.2695164141499686 0.32765467240725765 0.242028787293461 0.13659804420664753
1 0.4996652164195541 0.26699700257378944 0.242028787293461 0.13659804420664753
1 0.43618067992870124 0.912466278438037 0.24197422359113024 0.13503554420664762
1 0.06972228919237758 0.49613320242814024 0.10867065027015248 0.11710859514371955
1 0.21243315588208408 0.8876949136317691 0.24353672359113024 0.13508100831327
1 0.922777790288686 0.21777562325255215 0.154444419422628 0.12187030298213619
1 0.9096106460938012 0.497204710478713 0.1807787078123976 0.13072847743445787
1 0.8848984329239261 0.8626538657307048 0.20749009618646852 0.13091033386094858
1 0.0927802993591786 0.30542563440230924 0.13528771397248335 0.11944398495630519
1 0.5158556676933477 0.08118152302776059 0.24666172359113023 0.13517193652651557
1 0.7411508227728236 0.19506085194065123 0.24499009618646853 0.13200147241989288
1 0.07436763837407094 0.5843689883215175 0.1115228317584982 0.10938702335696497
1 0.7319792086150058 0.29073706479363265 0.24509922359113007 0.1351264724198929
1 0.7225620577966991 0.3793820276466141 0.24509922359113007 0.1351264724198929
1 0.2903943654237621 0.1417028005413607 0.24024803248413756 0.13030258010002482
1 0.6769395999843015 0.84211535985821 0.24509922359113023 0.13512647241989306
1 0.6847942508026081 0.7535158611118512 0.24504465988879928 0.13356397241989287
1 0.22160477003990192 0.7920187007787876 0.24364585099579195 0.13820600831327035
1 0.11217759618646847 0.121862976643035 0.13512402286549077 0.1147564849563052
1 0.8943428655933982 0.7747901528777232 0.20576390507947587 0.12617736975432586
1 0.445352294086519 0.8167900655850555 0.2372867235911301 0.13489915188677948
1 0.702629047629898 0.5699986674591997 0.24677085099579193 0.13829693652651542
1 0.9073549480893096 0.591940548958515 0.18529010382138084 0.1307739415410804
1 0.23174860715587772 0.7017885058724949 0.2434821598887993 0.13351850831327033
1 0.2960143936467305 0.06070116194916284 0.23712303248413757 0.12140232389832568
1 0.7133904436388814 0.47505824049959555 0.24509922359113023 0.1351264724198929
1 0.07147330606741857 0.6806445947480082 0.09918652286549076 0.1137108105039836
1 0.4539881949048256 0.7281678347853854 0.2371230324841377 0.13021165188677947
1 0.2417014713136955 0.6060895609662019 0.24186509618646843 0.13191054420664763
1 0.6628002328312588 0.9746921791376822 0.22236607332097763 0.020518403140420815
1 0.06836071895144277 0.7706702011744989 0.08695934137714505 0.12115959765100222
1 0.0750149352013608 0.4013518998417155 0.1194444591631599 0.11273934389007838
1 0.43491084580795036 0.9656822066512823 0.22814484736759474 0.05190479546028896
1 0.2595908318433162 0.42413486731355043 0.24197422359113013 0.13503554420664746
1 0.9267460384745874 0.13402274887937277 0.1465079230508252 0.1262395542357774
1 0.48096732403876785 0.4481931782797524 0.23879465988879928 0.13338211599340216
1 0.751458350995792 0.10951815703435844 0.24666172359113006 0.13517193652651555
1 0.27890628311710974 0.23822845955427616 0.24197422359113024 0.13503554420664754
1 0.20970994916599492 0.9440813059516369 0.22836310217691827 0.05815479546028897
1 0.1204141929210911 0.046883360187414416 0.1345783858421822 0.09376672037482883
1 0.4638864953603126 0.6309063898790926 0.23723215988879928 0.13333665188677948
1 0.530833337748948 0.02678850587249475 0.23354167549789598 0.0535770117449895
1 0.932068455534963 0.06196589245288205 0.13586308893007412 0.08837584138279594
1 0.7621478251350762 0.03945115300907202 0.23408731252120454 0.07890230601814403
1 0.28179563702330857 0.013010813869195836 0.20421627404661713 0.026021627738391673
1 0.4006002007256394 0.011754539258589606 0.05432540145127884 0.023509078517179212