1 0.78203125 0.31328125 0.07265625 0.175
1 0.92265625 0.3125 0.071875 0.171875
1 0.9203125 0.0234375 0.071875 0.046875
1 0.85 0.0234375 0.075 0.046875
1 0.7828125 0.8359375 0.07109375 0.17109375
1 0.775 0.66796875 0.06796875 0.1765625
1 0.85234375 0.1375 0.07109375 0.17265625
1 0.77890625 0.1375 0.0734375 0.1734375
1 0.771875 0.0234375 0.06875 0.046875
1 0.78125 0.48671875 0.071875 0.17265625
1 0.91875 0.13359375 0.07109375 0.171875
1 0.85703125 0.8328125 0.0734375 0.1734375
1 0.921875 0.66171875 0.07265625 0.1734375
1 0.9734375 0.30859375 0.053125 0.171875
1 0.85234375 0.4796875 0.07265625 0.17265625
1 0.9734375 0.0234375 0.053125 0.046875
1 0.85625 0.3109375 0.07265625 0.171875
1 0.9203125 0.83046875 0.07265625 0.175
1 0.92109375 0.48828125 0.07265625 0.1734375
1 0.85625 0.9578125 0.0796875 0.084375
1 0.91796875 0.9578125 0.07265625 0.084375
1 0.975 0.66015625 0.05 0.171875
1 0.7046875 0.025 0.071875 0.05
1 0.975 0.1328125 0.05 0.171875
1 0.85625 0.65625 0.0734375 0.175
1 0.975 0.8203125 0.05 0.1796875
1 0.70625 0.48828125 0.071875 0.1734375
1 0.978125 0.48046875 0.04375 0.171875
1 0.70546875 0.13359375 0.0703125 0.17421875
1 0.7078125 0.659375 0.0734375 0.175
1 0.9765625 0.9546875 0.046875 0.08984375
1 0.70625 0.31171875 0.07109375 0.17421875
1 0.78125 0.959375 0.075 0.08125
1 0.70625 0.83671875 0.0765625 0.1703125
1 0.709375 0.959375 0.075 0.08125
0 0.88203125 0.58828125 0.02421875 0.03828125
0 0.996875 0.2421875 0.00625 0.0390625
0 0.94765625 0.2453125 0.02109375 0.0265625
0 0.80859375 0.9390625 0.01875 0.02578125
0 0.8078125 0.76484375 0.02109375 0.02578125