1 0.95625 0.4209954516709676 0.0875 0.1488778517868859
1 0.965625 0.2948149536481339 0.06875 0.13873884783255316
1 0.8859375 0.40172418684222 0.096875 0.1430098537640522
1 0.81796875 0.38645467250776394 0.09375 0.1413200197716634
1 0.9453125 0.7939872826976069 0.0609375 0.13529551285158128
1 0.8609375 0.1460180149031097 0.090625 0.13181768577927472
1 0.83984375 0.2623460104544854 0.0953125 0.14763368676785787
1 0.79765625 0.5051582515572368 0.09375 0.13507001977166339
1 0.921875 0.9078760277546909 0.0671875 0.12773768083635914
1 0.8703125 0.887025016880276 0.09375 0.1256950197716634
1 0.84140625 0.6405346774506798 0.096875 0.14144735376405215
1 0.99375 0.433460959579633 0.0125 0.13644683596955506
1 0.7703125 0.9553002426228072 0.1 0.08939951475438548
1 0.84765625 0.9631100840295698 0.1015625 0.07377983194086042
1 0.77578125 0.6183294136105154 0.09375 0.1397575197716634
1 0.93515625 0.1607609472223433 0.0953125 0.1335711867678579
1 0.865625 0.5212090158916929 0.0953125 0.13357118676785795
1 0.10390625 0.21360885524692702 0.0796875 0.126684516805914
1 0.98046875 0.5571385401119807 0.0390625 0.12346667490485963
1 0.9390625 0.5390451147128292 0.0953125 0.13044618676785796
1 0.96640625 0.6698467871462311 0.05625 0.12572951186299797
1 0.91171875 0.27152469227942744 0.0984375 0.15088602076024663
1 0.8921875 0.7722913548269975 0.0953125 0.13513368676785795
1 0.8984375 0.9761021739534577 0.078125 0.04779565209308458
1 0.9796875 0.17741920661388347 0.040625 0.13603034190105417
1 0.91484375 0.6568082762718163 0.096875 0.13675985376405214
1 0.7515625 0.7314050751695024 0.096875 0.14769735376405232
1 0.81875 0.7528927560058611 0.09375 0.13507001977166358
1 0.14453125 0.033232947147981216 0.0828125 0.05806185079830275
1 0.034375 0.6521819239162767 0.06875 0.11998884783255334
1 0.79609375 0.8660320845610425 0.09375 0.1413200197716634
1 0.08515625 0.3276886012925943 0.078125 0.13130834980971962
1 0.7046875 0.9509019026989194 0.09375 0.09819619460216131
1 0.1234375 0.10502969269935694 0.078125 0.13443334980971958
1 0.728125 0.8546688202265864 0.0984375 0.1461985207602467
1 0.06015625 0.4829199293534841 0.0921875 0.22875635277546902
1 0.09609375 0.025009270265955074 0.0578125 0.04454317885919248
1 0.0796875 0.09230951680591397 0.0578125 0.13204317885919248
1 0.059375 0.2032005958553869 0.0546875 0.12566584486680374
1 0.05 0.5426623438782205 0.08125 0.13299818380210837
1 0.02578125 0.8158942554372075 0.0515625 0.23178851087441493
1 0.00703125 0.6409115014828748 0.0140625 0.12244800296574958
1 0.04140625 0.31028092539915136 0.0515625 0.12241351087441492
0 0.81640625 0.9184222555115695 0.0328125 0.040399506920082116
0 0.8390625 0.8052829269563881 0.03125 0.03408583992388792
0 0.89609375 0.10448177231748353 0.0359375 0.028026840912471006