1 0.86328125 0.15546875 0.0921875 0.23046875
1 0.94765625 0.15625 0.09609375 0.23125
1 0.946875 0.01953125 0.09375 0.0390625
1 0.9984375 0.8421875 0.003125 0.23046875
1 0.4859375 0.01953125 0.096875 0.0390625
1 0.946875 0.3875 0.0953125 0.228125
1 0.48203125 0.38515625 0.096875 0.234375
1 0.8640625 0.01953125 0.090625 0.0390625
1 0.94453125 0.84296875 0.09921875 0.23203125
1 0.9453125 0.61640625 0.096875 0.22890625
1 0.5890625 0.01953125 0.096875 0.0390625
1 0.85859375 0.615625 0.09453125 0.22890625
1 0.8609375 0.38671875 0.0921875 0.22890625
1 0.484375 0.15234375 0.09765625 0.23125
1 0.7578125 0.61640625 0.09296875 0.22890625
1 0.85703125 0.84296875 0.09609375 0.23125
1 0.58828125 0.15234375 0.09609375 0.2296875
1 0.3921875 0.384375 0.09453125 0.23203125
1 0.75625 0.84375 0.09453125 0.23046875
1 0.47890625 0.84375 0.1 0.23046875
1 0.48046875 0.61796875 0.096875 0.23203125
1 0.3984375 0.01953125 0.096875 0.0390625
1 0.759375 0.38671875 0.0921875 0.22890625
1 0.76171875 0.1546875 0.09375 0.23125
1 0.3953125 0.15234375 0.09375 0.2328125
1 0.675 0.01953125 0.1 0.0390625
1 0.390625 0.615625 0.09375 0.23046875
1 0.58515625 0.3828125 0.0984375 0.23203125
1 0.3890625 0.84375 0.096875 0.23359375
1 0.7625 0.01953125 0.09375 0.0390625
1 0.67421875 0.153125 0.09765625 0.23046875
1 0.6703125 0.6171875 0.09609375 0.23046875
1 0.58203125 0.84453125 0.09921875 0.2296875
1 0.66953125 0.39140625 0.09375 0.23046875
1 0.5734375 0.625 0.09375 0.23203125
1 0.66953125 0.84453125 0.0953125 0.2296875
1 0.47578125 0.9828125 0.1 0.0328125
1 0.5703125 0.9828125 0.09921875 0.03203125
1 0.38125 0.98359375 0.09453125 0.03125
1 0.94921875 0.9828125 0.09921875 0.0328125
1 0.7625 0.9828125 0.0984375 0.03203125
1 0.996875 0.98046875 0.00625 0.03125
1 0.665625 0.98359375 0.09765625 0.03203125
1 0.85625 0.9828125 0.09609375 0.0328125
0 0.42265625 0.53359375 0.03125 0.0359375
0 0.428125 0.23359375 0.02890625 0.04140625
0 0.60625 0.696875 0.03125 0.03828125
0 0.5203125 0.46796875 0.02734375 0.04296875
0 0.55703125 0.121875 0.040625 0.03515625