1 0.3443221308235517 0.14946225294067608 0.1654080732694628 0.24239994120271566
1 0.263265887609415 0.8338682304394389 0.1658175090451115 0.25021244120271574
1 0.4578169855278215 0.36244253053029596 0.16902439620024126 0.2519387155129751
1 0.32043981626051615 0.3673048501817141 0.16450067051050077 0.2548180540475859
1 0.4328291943705344 0.6013788777713339 0.167543783355371 0.2534193283578453
1 0.15026235583592362 0.6115129528498191 0.1704231218899818 0.24889560266810484
1 0.17825231626051616 0.3747565812985215 0.16277439620024126 0.2516111668924562
1 0.20377901797868142 0.15526959690235376 0.16220118611433304 0.2406736668924562
1 0.5764154200602748 0.5969702594993967 0.16918817051050078 0.25506371551297524
1 0.05930253929249403 0.38401979590698554 0.11860507858498806 0.23977290818602892
1 0.485933098711376 0.13814521540143354 0.16713434757972223 0.24560682835784542
1 0.28521388794809927 0.6083359639310955 0.17058689620024126 0.25202060266810483
1 0.5065841926730537 0.012137072592094242 0.1555816146538927 0.024274145184188484
1 0.6449882734057484 0.006169815977602721 0.15533595318850324 0.012339631955205443
1 0.4045083632991555 0.8295824429001964 0.17223128335537102 0.2536649898232347
1 0.6046100983726918 0.3563076379480993 0.17255883197589003 0.2599149898232347
1 0.6322315665992004 0.12734545313273246 0.16145755766563052 0.2546909062654649
1 0.12436716191967448 0.8380311872459867 0.16565373473485204 0.24708744120271567
1 0.04536897444654507 0.6180229816826344 0.09073794889309014 0.23895403663473136
1 0.07315421698331323 0.15384097297620702 0.14630843396662646 0.24199050542706693
1 0.03402482106598538 0.8401845867255885 0.06804964213197076 0.23369332654882308
1 0.5518370646786365 0.8280941067404347 0.17527439620024127 0.2522662641334943
1 0.36049044267305375 0.015924353516845267 0.1524566146538925 0.03184870703369053
1 0.22455294267305376 0.01940455760985972 0.14620661465389254 0.03880911521971944
1 0.08392794267305373 0.023007592435568804 0.13995661465389256 0.04601518487113761
0 0.2454884831529723 0.22164486940359093 0.043409163274411536 0.05525406603337357
0 0.5233844318189199 0.28577048790267073 0.043409163274411536 0.05525406603337348