0 0.9162151445734029 0.9621788411200984 0.0194593281303014 0.02085806927947189
0 0.5560241782386668 0.9289537818032493 0.01627976442797028 0.019204641066226814
0 0.6295162419409976 0.9252544687919834 0.023075401451278843 0.03501149749271733
1 0.44129699012689916 0.9736561795333936 0.0758730192372937 0.02718227711788863
1 0.21652765782024677 0.8842001891003051 0.07933037985173241 0.1708868130112659
1 0.5868674396714122 0.8726439458307297 0.08111113466105593 0.17718227711788864
1 0.8037969901268991 0.9631085067969316 0.0758730192372937 0.02718227711788863
1 0.29185998531757573 0.9842480017158597 0.07856150961864686 0.014773205331134066
1 0.1468475856803954 0.979882413631769 0.07603671034428627 0.03186977711788863
1 0.6575668308710719 0.9712656507661522 0.07560020072563951 0.01936977711788863
1 0.2155975856803954 0.977881992940371 0.07603671034428627 0.03186977711788863
1 0.3657464078202467 0.879858366917839 0.08256450725639412 0.17410274122451136
1 0.8704339078202465 0.865173460478713 0.08105657095872516 0.17561977711788862
1 0.8725469901268991 0.9611080861055337 0.0758730192372937 0.02718227711788863
1 0.292390753373743 0.879651429929105 0.0824553798517325 0.17097774122451134
1 0.5110861896714122 0.8748489550019297 0.08105657095872498 0.17561977711788862
1 0.7962424396714122 0.8665517555432902 0.07954863466105593 0.1771368130112662
1 0.7303594901268992 0.9652453198081975 0.0789980192372937 0.027273205331134066
1 0.5077032401268992 0.9717239550019297 0.0789980192372937 0.027273205331134066
1 0.3692037353175757 0.9819975284380369 0.07543650961864685 0.014682277117888632
1 0.43996515782024676 0.8776988218532618 0.08256450725639408 0.17410274122451136
1 0.7274651578202468 0.8693334262346883 0.08111113466105593 0.17718227711788864
1 0.5881719901268991 0.9693825535108616 0.0758730192372937 0.02718227711788863
1 0.14777765782024677 0.886200609791703 0.08100200725639413 0.17405727711788863
1 0.6524651578202467 0.871515703352577 0.08267363466105593 0.17722774122451135
1 0.9391839078202467 0.8631730397873151 0.06554069836338669 0.17829013605166183
1 0.9382538356803953 0.9568548436273812 0.05572421034428636 0.031278743731793665