0 0.5538480887571322 0.6568741481368562 0.08372156667727229 0.07957049756436803
0 0.9426742314210415 0.6297705369382215 0.07899770401018102 0.07636367694751697
0 0.18479919143854062 0.7719317268680868 0.03940794533736347 0.03036933847375849
0 0.22795994012567605 0.9219902280859028 0.04881930800445433 0.03365797970746058
0 0.4207361440960865 0.7006122857171102 0.036282945337363516 0.03031479139585791
0 0.44344748543917695 0.7721054561718055 0.034684082670272606 0.02716251785690744
0 0.6483986147755859 0.791188872569311 0.03940794533736351 0.03036933847375849
0 0.7392156134627212 0.9404155308491415 0.03611931333545435 0.016252291395857554
0 0.7518225120941775 0.6807677954596383 0.04107953333863605 0.03977161201270896
0 0.9614884134309047 0.7021131412402927 0.0425511266709087 0.03198638555165907
0 0.8987140514003606 0.47816317248988066 0.04258748933799979 0.03511138555165907
0 0.9857584233768162 0.6516085807697113 0.028483153246367722 0.05687729139585791
1 0.7315747414464948 0.820993375004943 0.21079314401654478 0.1255296542193456
1 0.33656223344999464 0.853674830359379 0.2124283693507265 0.13180692775829606
1 0.7625803881285396 0.9337564277648867 0.18657384667409058 0.057933051135090355
1 0.5731729901336302 0.9745701627473528 0.18942612667090888 0.034550098212991286
1 0.5649605007956304 0.9403315304421044 0.20585110534690845 0.10357283360249454
1 0.5234531587762222 0.7980582556853382 0.20764996268299923 0.123912607141445
1 0.5462372254534944 0.8758014261400333 0.20450678134945371 0.12229556006354443
1 0.7511519921228126 0.8917598425375388 0.2013817813494539 0.1222410129856435
1 0.7315747414464948 0.820993375004943 0.21079314401654478 0.1255296542193456
1 0.33656223344999464 0.853674830359379 0.2124283693507265 0.13180692775829606
1 0.7625803881285396 0.9337564277648867 0.18657384667409058 0.057933051135090355
1 0.5731729901336302 0.9745701627473528 0.18942612667090888 0.034550098212991286
1 0.5649605007956304 0.9403315304421044 0.20585110534690845 0.10357283360249454
1 0.5234531587762222 0.7980582556853382 0.20764996268299923 0.123912607141445
1 0.5462372254534944 0.8758014261400333 0.20450678134945371 0.12229556006354443
1 0.7511519921228126 0.8917598425375388 0.2013817813494539 0.1222410129856435
1 0.35932811879372145 0.9298555008140742 0.20926700668363551 0.12862738068039511
1 0.9124123773869975 0.8380603238698525 0.17517524522600497 0.12978077759614023
1 0.38086731146558483 0.9677685580382445 0.2084124840069997 0.05518988068039547
1 0.921451570058861 0.8808790694056257 0.15709685988227803 0.062293268667686516
1 0.6869151274267684 0.6764308973260773 0.20290791868236296 0.11914328652459397
1 0.7119156747692226 0.7431956574723471 0.21393632535009016 0.12714670129724617
1 0.1978820887969031 0.9561158120954343 0.1650079293443631 0.08411372158978594
1 0.156502016112313 0.8247800373386681 0.16866018801718105 0.12948076866768626
1 0.8628140087523597 0.6163177374246889 0.22492836935072652 0.13202511606989856
1 0.5031128394334499 0.7288679249222174 0.21077496268299925 0.1239671542193456
1 0.29579977876349556 0.7082629188331374 0.21239200668363561 0.12868192775829587
1 0.1753161981221762 0.897122641640739 0.1606295120146357 0.1105944009729349
1 0.1361253341024498 0.7524647065755473 0.16377269334818112 0.1122114480508353
1 0.4765043387571322 0.658224188314898 0.21718859468490823 0.13813874837514692
1 0.9065254567154521 0.7670620312561788 0.18694908656909562 0.13153419236879244
1 0.3162128234404496 0.7837032495962581 0.21553518801718105 0.13029897483619662
1 0.8440634614099057 0.5494438831226178 0.20932155068427188 0.13331488068039513
1 0.8951243327100435 0.6875790827983062 0.209751334579913 0.1318887483751469
1 0.43722256806967863 0.5057537532497062 0.21553518801718105 0.13029897483619662
1 0.8205254167329514 0.47405809943739763 0.20467041335136277 0.13635806006354406
1 0.9308896573838158 0.3557017914024484 0.12776246801399935 0.10533415665497756
1 0.9436880073599532 0.4288801927824202 0.11262398528009357 0.10829551542127547
1 0.9581868593650441 0.5028534809318671 0.08362628126991183 0.10624209172016937
1 0.9703419613701346 0.5784301793897395 0.0593160772597308 0.1073954886359143
1 0.98091638204168 0.6509091513865624 0.03816723591664015 0.10860343262955982
1 0.09145662941595074 0.6071209788966817 0.15757723734881748 0.11678985389503396
1 0.1149855834261321 0.6817255125819017 0.1639181440165447 0.12471144805083548
1 0.25264812074313286 0.5589856676153214 0.21718859468490823 0.13813874837514692
1 0.27073559675363235 0.6360294086868677 0.21717041335136278 0.13657624837514692
1 0.45839868141308726 0.5796179472433517 0.22031359468490824 0.13819329545304768
1 0.6248856527291335 0.4493422918061902 0.21241018801718106 0.13024442775829587
1 0.6429458567393148 0.5240422828777365 0.2172067760184536 0.1397012483751469
1 0.661015151416269 0.5995235239492827 0.21404541335136287 0.13652170129724617
1 0.8031919187221337 0.39465697159637625 0.20930336935072652 0.13175238068039521