1 0.3646255614248962 0.4899828467138615 0.25118553248413755 0.1263101507001803
1 0.9767262242241024 0.566732086131403 0.04654755155179515 0.1085579346753633
1 0.12220002548219751 0.9276079266788632 0.1829613221398514 0.09584085335772627
1 0.8161409984403555 0.9389925113780888 0.25274803248413774 0.12201497724382229
1 0.5869991023465543 0.7081077800763602 0.2528025961864685 0.12789083203372584
1 0.5851042748492252 0.8103878954089512 0.25431053248413776 0.12634651336727104
1 0.5990923306621898 0.5177009560789054 0.25592759618646854 0.12792719470081657
1 0.82353185778885 0.8397139581078588 0.2559821598887993 0.12948969470081656
1 0.8091841595102812 0.9826970580442254 0.24834821996293321 0.034605883911549284
1 0.9710231058475245 0.6650423167965849 0.057953788304951105 0.10864884134309047
1 0.9608904370154594 0.9512754300604517 0.0782191259690812 0.09744913987909669
1 0.369699952624556 0.3893015940483614 0.2527480324841376 0.12632833203372576
1 0.3556176383740709 0.5898373960454979 0.25587303248413756 0.12636469470081657
1 0.5944990890997104 0.6097975494111783 0.2527480324841376 0.12632833203372568
1 0.9658123053920373 0.8585923221275852 0.06837538921592526 0.10864884134309065
1 0.9741815941407019 0.7564212947962667 0.05163681171859622 0.10852157200827221
1 0.8294420626908405 0.7406042961091315 0.2558184687818069 0.12480219470081658
1 0.5792486336495655 0.9110600574076784 0.25587303248413773 0.12636469470081657
1 0.13010422848527162 0.46070223734881743 0.23238096878180675 0.12452947469763491
1 0.12702639082114164 0.7527351960136812 0.20581846878180676 0.12422039202736243
1 0.8352977038905003 0.639932134110404 0.2481696598887993 0.1293987880330892
1 0.3517510831092606 0.6803805800445434 0.25118553248413755 0.1263101507001803
1 0.5680135224869727 0.9656720953612261 0.24943949400955018 0.06865580927754777
1 0.12885424173211552 0.5590851933481812 0.22300596878180676 0.12442038669636232
1 0.6049752537130151 0.41781004408017813 0.2558184687818068 0.12480219470081658
1 0.8375199136018144 0.547027018777813 0.2434821598887993 0.12934424403245295
1 0.12661221777031642 0.8526897426798176 0.19800596878180676 0.12412948535963508
1 0.33535230070994093 0.8816703600413618 0.24967759618646843 0.12785446936663475
1 0.3443602237607662 0.7818158107097253 0.25592759618646854 0.12792719470081657
1 0.1252059412766286 0.6558783773472265 0.20883434137714504 0.12113175469445317
1 0.139838837833766 0.35929427868395375 0.24493553248413763 0.1262374253659985
1 0.33080369916599495 0.9526822940404072 0.25003969473518967 0.0934976507001803
1 0.9789137176006804 0.4683400394652667 0.0421725647986392 0.10846702800763594
1 0.8441840866526397 0.4471451974458585 0.24951390507947585 0.12316696936663481
0 0.7539633691367772 0.5694827267663591 0.04193452885594055 0.03797271467218159
0 0.43018116187253386 0.8242038527211794 0.045004965153609786 0.036446577339272326
0 0.43834085833700404 0.632970325389861 0.03880952885594056 0.03793635200509069
0 0.03569202957373074 0.48537442600254527 0.03390377404661712 0.03163180800445424
0 0.20307797013256912 0.6942692626909535 0.0450049651536097 0.0364465773392725
0 0.9657937688587757 0.8882252781269487 0.04818452885594056 0.03804544000636341
0 0.2831275355641805 0.41484593936981645 0.045059528855940556 0.0380090773392725
0 0.18062752894075856 0.36445449335613533 0.0708234206885725 0.060174978675999566
0 0.055553184105052465 0.8081306733370454 0.05665179328391081 0.05688634667409067