1 0.6480606180776327 0.5942733998068164 0.11468176002545327 0.19142858656782166
1 0.606465106102768 0.7779018661415524 0.11157494135899881 0.19288195916315978
1 0.23105274204327073 0.32668901868913947 0.11148403469127163 0.18506945916315995
1 0.6559031267902216 0.9283085715916972 0.10797722668681722 0.14338285681660565
1 0.2421657014242231 0.6777158053496284 0.11152039735836253 0.18819445916315997
1 0.5400106660566337 0.4358755680483181 0.1115385786919079 0.18975695916315996
1 0.37053286537236185 0.3003224700477511 0.1115022160248171 0.18663195916315994
1 0.0693783506922261 0.19062748920022682 0.10830449069063526 0.1802728317584982
1 0.37614980275299603 0.6488145337500819 0.11311926002545344 0.1913740228654907
1 0.5321590666772723 0.09667665879249099 0.11119313335454457 0.1600694591631599
1 0.5457366914385406 0.7937426317506491 0.11628062269254436 0.19460815027015244
1 0.5795042587921306 0.9332217608845912 0.10801358935390812 0.13355647823081754
1 0.305383316756814 0.674456885294028 0.11471812269254426 0.19455358656782168
1 0.7205468821212216 0.9177679527093741 0.10803177068745348 0.1568353317584979
1 0.436739120703362 0.2854539273968125 0.10993971602481704 0.18657739546082902
1 0.6077703307208612 0.42028033909971035 0.11311926002545328 0.1913740228654907
1 0.3987562206794994 0.1084177122432028 0.11299199069063519 0.18043652286549078
1 0.1695703493793615 0.3448462524470707 0.1083226720241807 0.18183533175849825
1 0.5675527686982713 0.2525372783926044 0.11311926002545328 0.19137402286549074
1 0.41257020277685863 0.8257961852013608 0.1115385786919079 0.18975695916315977
1 0.19713063335454448 0.16307046279135698 0.10674199069063528 0.1802182680561674
1 0.17917535276095023 0.7005059754052286 0.10683289735836246 0.18803076805616747
1 0.6844810181014953 0.7712550512580951 0.11471812269254436 0.19455358656782148
1 0.44237423941754156 0.6355084910991433 0.11311926002545344 0.1913740228654909
1 0.5810276594127691 0.6052084106065895 0.11157494135899881 0.19288195916315978
1 0.10361227876349555 0.7166096358421822 0.11466357869190791 0.18986608656782167
1 0.2138514394493583 0.8618080631541767 0.11469994135899882 0.19299108656782166
1 0.3341942813494538 0.13037206859647227 0.10988517202418073 0.18188989546082907
1 0.048095338717361304 0.374965283665264 0.0896090346912716 0.18430556733052797
1 0.4912357167011348 0.27095740697839243 0.12247607869190791 0.1901389050794759
1 0.3385605381126312 0.8411731593406451 0.11152039735836246 0.18819445916316005
1 0.47226918272595186 0.45303329699692585 0.11780676002545327 0.19153771397248326
1 0.16917583346590298 0.9784995114327455 0.09429544000636332 0.0430009771345091
1 0.40370099606140625 0.46625749409436823 0.11468176002545331 0.19142858656782166
1 0.10260102538190685 0.3612500132468439 0.10521585335772614 0.18328870435383643
1 0.27698723878099474 0.8515178930985764 0.10997607869190791 0.189702395460829
1 0.30036581604072543 0.3103671034428626 0.11148403469127163 0.18506945916315987
1 0.3696389101288577 0.9545932746795893 0.1027442866804539 0.09081345064082136
1 0.5094708327498143 0.6300422302993701 0.11471812269254436 0.19455358656782168
1 0.30646674813013036 0.9628770006329722 0.10096361067790856 0.07424599873405562
1 0.20196632073517867 0.5115352446425223 0.11152039735836246 0.18819445916315977
1 0.13442756878576725 0.8816815643353031 0.10993971602481704 0.18657739546082902
1 0.2401514047978576 0.9695163810328588 0.10234429734245412 0.060967237934282534
1 0.4429764127943578 0.9472817716843643 0.10294428134945374 0.10543645663127137
1 0.5077292561266306 0.9405878275821469 0.10468859468490824 0.11882434483570634
1 0.26662825739972423 0.49817463828925296 0.11466357869190791 0.18986608656782167
1 0.3351600813971789 0.48182544119181053 0.11152039735836254 0.18819445916315997
1 0.4779679361075405 0.8085566106992568 0.12411130402608972 0.19644346878180663
1 0.2547067760184537 0.14477681977759865 0.11617153469127162 0.18523315027015247
1 0.06799131007317845 0.5412177662420687 0.10837721602481705 0.18652283175849824
1 0.13264415607095129 0.5270759098887993 0.10993971602481704 0.18657739546082902
1 0.1378829026893626 0.17193454210278444 0.1099215346912716 0.18501489546082905
1 0.029752776694771433 0.20798611479078993 0.056705628023544376 0.17534722958157992
1 0.4611016793443632 0.09731901033643704 0.10970335868872638 0.16626489546082907
1 0.0977724534531763 0.8858680673305279 0.06455449069063526 0.17874504809323427
1 0.016218630052497584 0.3871279777674814 0.02541926535645348 0.17113095553496285
1 0.03052767274026934 0.5430332373861283 0.05043744668999892 0.17356647477225665
0 0.3995776647437692 0.5816915211362103 0.03490225867281786 0.04651290145127866
0 0.3362573153644076 0.24055560044763774 0.045876121339908774 0.050019847367594836
0 0.5721895560948138 0.718134996541439 0.026926126670909056 0.03217758293962447
0 0.6826014394493584 0.8781771738534335 0.03159544533736351 0.03077877404661713
0 0.6051822274029058 0.5334251798438833 0.02856135200509069 0.038482146641955414
0 0.5533908187062254 0.31061267322046127 0.030032945337363514 0.030724210344286275