1 0.7731448672378607 0.2152688942984251 0.1857043762235353 0.0881318004748537
1 0.2375025223173366 0.3198735454602888 0.1840327488188737 0.08496133636823107
1 0.243333337748948 0.03985943652651557 0.18041667549789595 0.07080790815498564
1 0.09166171034428626 0.03232441818411551 0.13644842068857252 0.06328491316955057
1 0.08924358239147037 0.2312703835443794 0.1402281851165428 0.08212584138279597
1 0.779179101628764 0.2763200545649818 0.187376003628197 0.09130226458147632
1 0.09228175843752048 0.09477895407749283 0.14022818511654278 0.08212584138279595
1 0.9274504213215448 0.4322698408540705 0.14509915735691054 0.08740437476889085
1 0.08801095380568232 0.3077192232778227 0.14011905771188107 0.07900084138279588
1 0.09217512023308558 0.1587732579175588 0.14507937622353534 0.08694973370266398
1 0.593159722958158 0.022722378463307484 0.17694444591631608 0.01607494404836297
1 0.9292906851165428 0.22305396522724993 0.14141862976691436 0.08396112602253203
1 0.2442559754052287 0.17802702625995886 0.18096231252120454 0.08643290815498568
1 0.4250273149682752 0.2589911844149445 0.18408731252120453 0.08652383636823106
1 0.5968750331171098 0.26321098614343946 0.18419643992586607 0.08964883636823107
1 0.9248040817584983 0.28305109085407054 0.15039183648300353 0.09209187476889084
1 0.24330854509800934 0.10619749036658155 0.17939981252120454 0.08638744404836296
1 0.7725893396478645 0.4228540737653117 0.18408731252120453 0.08652383636823106
1 0.5927430607071059 0.05548941435668481 0.18236112141421187 0.08179087226160833
1 0.6010788942797027 0.20479909256993017 0.18419643992586626 0.08964883636823098
1 0.23658735226173624 0.3830638672470434 0.18408731252120453 0.08652383636823098
1 0.5974504411918107 0.3467365399835054 0.18425100362819719 0.09121133636823106
1 0.9270858335725969 0.3635425729073819 0.14582833285480631 0.08110891066226814
1 0.42304320743387935 0.4033178459351424 0.1840873125212045 0.08652383636823094
1 0.4243278774046617 0.015468504948057927 0.17678075480932343 0.011387444048362966
1 0.7782539747722566 0.07103316099147253 0.18241568511654283 0.0833533722616083
1 0.7729241232283105 0.14189959045835912 0.18096231252120454 0.08643290815498564
1 0.41690724700477516 0.04881220236163318 0.1806894940095503 0.07862040815498564
1 0.24414933720079376 0.24202133010002486 0.17772818511654281 0.0832169799417403
1 0.42497026206571753 0.19030938057487853 0.1840327488188736 0.08496133636823103
1 0.9303794699629332 0.15124716138718391 0.13924106007413356 0.083824733702664
1 0.6020313029873756 0.4108672361434394 0.18397818511654282 0.08339883636823094
1 0.7733953822988031 0.35653875197855706 0.18090774881887378 0.08487040815498563
1 0.5961160865678217 0.12973089640999613 0.18408731252120453 0.086523836368231
1 0.09100203375008198 0.3710232053311341 0.14954862141421194 0.08083612602253201
1 0.42480408175849815 0.11850257673481254 0.18408731252120453 0.086523836368231
1 0.9253001003628196 0.08472725112062722 0.14939979927436084 0.0856145542357774
1 0.4190253408289909 0.33295988182851977 0.18408731252120453 0.08652383636823106
0 0.7901959579820336 0.2118627494712746 0.0402083377489479 0.033949102665567034