1 0.262083337748948 0.03433058996629616 0.19382441106992568 0.047993114166792986
1 0.08645090988879932 0.12703974385167993 0.16810021397248331 0.11657948770335987
1 0.5857465601589518 0.24398388767991874 0.20721727767481415 0.11836924668035032
1 0.43239583774894796 0.03532143910597449 0.19604167549789597 0.06675220452587259
1 0.09085317849312083 0.02942894564707802 0.1802877007256394 0.01823289129415604
1 0.6073164813956785 0.10116967378427226 0.20409227767481414 0.1183510659621911
1 0.5911582572563941 0.17527933947531685 0.20581846878180682 0.12304765632127071
1 0.4149429868379741 0.2289305385402404 0.2010218413771451 0.11989538524403184
1 0.2548536803072194 0.07334309299135826 0.2010218413771451 0.11989538524403183
1 0.22566721042910426 0.35592833401436785 0.1995139050794759 0.12144879488495217
1 0.08491818094019155 0.19498576795398087 0.16045140507947592 0.12122153590796177
1 0.08750248920022681 0.06768292456983917 0.17336806733052793 0.08849084913967833
1 0.6162078425582714 0.042639556297829576 0.19804068511654283 0.07926129488495222
1 0.42560268992586625 0.0868339421310366 0.20269346878180666 0.12302947560311146
1 0.41940974282842386 0.1555339451560987 0.2010218413771451 0.11989538524403183
1 0.23649060462398896 0.21851923760516404 0.1977877139724833 0.11675220452587262
1 0.2478522013586116 0.14125730083688054 0.2009127139724834 0.11677038524403183
1 0.08354914309857635 0.2676192920562818 0.15258434137714505 0.11961358411256366
1 0.4035565974524128 0.37258508976990445 0.19940477767481415 0.11832379488495218
1 0.6267807548093234 0.009895233990926709 0.19418650961864686 0.0136272045258726
1 0.23172374827071945 0.2833220809893057 0.20107640507947586 0.12145788524403187
1 0.07827385525696114 0.3402300902608838 0.13668652286549077 0.11171018052176755
1 0.4089955764010206 0.3046617915653025 0.20263890507947585 0.1214669756031114
1 0.5750595752198941 0.3852992340891226 0.1994593413771451 0.11988629488495217
1 0.5821156178708329 0.31894752624360023 0.2025843413771451 0.11990447560311139
0 0.4912078425582713 0.041912327571460156 0.03541171034428636 0.029887487899751587