1 0.9578125 0.521875 0.084375 0.08203125
1 0.9484375 0.8421875 0.103125 0.08984375
1 0.84765625 0.66953125 0.13125 0.08828125
1 0.21328125 0.61796875 0.13046875 0.0875
1 0.20703125 0.68671875 0.13515625 0.0890625
1 0.753125 0.19765625 0.13046875 0.0796875
1 0.35078125 0.46796875 0.13125 0.08515625
1 0.45390625 0.7140625 0.13359375 0.0890625
1 0.75625 0.1203125 0.1265625 0.0796875
1 0.7484375 0.26640625 0.12578125 0.08203125
1 0.9609375 0.4375 0.078125 0.0859375
1 0.2375 0.378125 0.13125 0.08046875
1 0.621875 0.253125 0.125 0.08046875
1 0.9515625 0.759375 0.096875 0.08984375
1 0.2625 0.153125 0.12734375 0.07734375
1 0.8578125 0.4359375 0.134375 0.08359375
1 0.71953125 0.66015625 0.13203125 0.08515625
1 0.32734375 0.70078125 0.13359375 0.090625
1 0.58828125 0.6453125 0.12890625 0.08671875
1 0.225 0.4578125 0.128125 0.08359375
1 0.09375 0.6046875 0.128125 0.096875
1 0.38515625 0.159375 0.134375 0.0859375
1 0.59375 0.56796875 0.12734375 0.08671875
1 0.4765625 0.4734375 0.128125 0.08515625
1 0.565625 0.89140625 0.134375 0.0953125
1 0.4609375 0.63984375 0.1296875 0.0875
1 0.7140625 0.74140625 0.13203125 0.08828125
1 0.9578125 0.6 0.084375 0.08984375
1 0.60625 0.48515625 0.1296875 0.0859375
1 0.48828125 0.40234375 0.12890625 0.0859375
1 0.86796875 0.3546875 0.13359375 0.08046875
1 0.359375 0.3953125 0.12890625 0.0859375
1 0.9453125 0.91796875 0.109375 0.09375
1 0.103125 0.51875 0.12890625 0.0875
1 0.8359375 0.834375 0.13671875 0.08984375
1 0.87421875 0.28125 0.1296875 0.07890625
1 0.49765625 0.325 0.1265625 0.0828125
1 0.73671875 0.4265625 0.12734375 0.08203125
1 0.965625 0.2890625 0.06875 0.0859375
1 0.70546875 0.8171875 0.1359375 0.090625
1 0.446875 0.79453125 0.1296875 0.0921875
1 0.6140625 0.3359375 0.12578125 0.0828125
1 0.49765625 0.24375 0.128125 0.084375
1 0.74140625 0.3453125 0.12734375 0.0828125
1 0.1984375 0.771875 0.1296875 0.090625
1 0.2453125 0.303125 0.1265625 0.0828125
1 0.10859375 0.44375 0.1328125 0.0890625
1 0.61171875 0.415625 0.13125 0.084375
1 0.73125 0.50234375 0.12578125 0.08515625
1 0.3390625 0.625 0.128125 0.0921875
1 0.96875 0.13671875 0.0625 0.0859375
1 0.0703125 0.759375 0.134375 0.09453125
1 0.8296875 0.9109375 0.13828125 0.08671875
1 0.5828125 0.725 0.134375 0.0875
1 0.875 0.20546875 0.128125 0.07890625
1 0.575 0.80625 0.13515625 0.0921875
1 0.15 0.07109375 0.12265625 0.08515625
1 0.9546875 0.678125 0.090625 0.08984375
1 0.4453125 0.87578125 0.1375 0.10078125
1 0.63515625 0.11015625 0.13125 0.08203125
1 0.5078125 0.17578125 0.12421875 0.0828125
1 0.46796875 0.5578125 0.12734375 0.090625
1 0.37578125 0.2375 0.128125 0.0828125
1 0.19453125 0.85078125 0.13203125 0.09609375
1 0.253125 0.22421875 0.12265625 0.0828125
1 0.62578125 0.1875 0.1265625 0.08125
1 0.31328125 0.865625 0.13515625 0.090625
1 0.2734375 0.021875 0.128125 0.04296875
1 0.5265625 0.0296875 0.128125 0.05859375
1 0.12421875 0.2984375 0.1203125 0.084375
1 0.084375 0.6765625 0.13359375 0.09375
1 0.27265625 0.08125 0.1234375 0.0796875
1 0.32578125 0.7828125 0.13046875 0.09140625
1 0.3453125 0.5484375 0.12734375 0.0875
1 0.84375 0.7484375 0.13515625 0.09296875
1 0.878125 0.12734375 0.13203125 0.08046875
1 0.8515625 0.5859375 0.12890625 0.08828125
1 0.96875 0.209375 0.0625 0.08203125
1 0.853125 0.515625 0.134375 0.084375
1 0.115625 0.37109375 0.12734375 0.0859375
1 0.9640625 0.359375 0.071875 0.0859375
1 0.6984375 0.9 0.13359375 0.1015625
1 0.5109375 0.096875 0.125 0.0796875
1 0.4015625 0.02734375 0.134375 0.0546875
1 0.14140625 0.1390625 0.12421875 0.084375
1 0.721875 0.5765625 0.13046875 0.084375
1 0.22421875 0.53828125 0.13046875 0.0859375
1 0.3953125 0.09140625 0.12734375 0.084375
1 0.06953125 0.84140625 0.1296875 0.09453125
1 0.87734375 0.05625 0.125 0.07421875
1 0.1671875 0.0171875 0.121875 0.034375
1 0.1375 0.21953125 0.1265625 0.084375
1 0.36640625 0.31484375 0.1265625 0.08515625
1 0.765625 0.04296875 0.12109375 0.08125
1 0.03046875 0.35859375 0.0609375 0.08671875
1 0.04140625 0.13671875 0.08203125 0.09140625
1 0.6359375 0.0328125 0.121875 0.065625
1 0.965625 0.0640625 0.06875 0.08203125
1 0.0359375 0.2828125 0.07109375 0.0859375
1 0.03828125 0.21015625 0.0765625 0.08125
1 0.046875 0.065625 0.09375 0.08359375
1 0.0234375 0.4375 0.046875 0.0859375
1 0.0546875 0.0140625 0.109375 0.02734375
1 0.01796875 0.509375 0.0359375 0.090625
1 0.015625 0.5890625 0.03046875 0.0984375
1 0.01171875 0.6671875 0.0234375 0.08984375
1 0.0140625 0.63359375 0.02734375 0.16875
0 0.30859375 0.1875 0.03125 0.0234375
0 0.55859375 0.12734375 0.03359375 0.0265625
0 0.58984375 0.4703125 0.04296875 0.040625