1 0.6214881388582691 0.2152737350854519 0.12629992134838536 0.22634690729444457
1 0.702647235267473 0.2327898498268409 0.12788060206654456 0.22950827488562506
1 0.688967950243274 0.9648681392942191 0.10985678903121965 0.07026372141156187
1 0.8673137232654204 0.2670953806963896 0.12317492134838517 0.22627417211208342
1 0.5218577182954507 0.9484420724726739 0.11472609621281223 0.10311585505465218
1 0.8435302687395477 0.46031805062427156 0.12315674063022612 0.22314917211208343
1 0.6046247665000526 0.9579995636389587 0.11461701190385672 0.08400087272208268
1 0.6526456726249317 0.6348056382958338 0.12316583098930564 0.22471167211208343
1 0.5945569584346975 0.4123299198309727 0.12471924063022613 0.2231855397032641
1 0.6780598048439013 0.42990058595913255 0.12475560206654457 0.22943553970326397
1 0.9437671389564649 0.28762739266423687 0.10598742134838517 0.22587412860909728
1 0.9714052838648584 0.5062689431010773 0.05286242134838517 0.2246376305089584
1 0.7950639350197676 0.8670577066844452 0.12313855991206672 0.22002417211208325
1 0.8188973865205782 0.6652412867565631 0.12314765027114652 0.22158667211208344
1 0.5714911213952675 0.6165082735544449 0.1262726502711466 0.22165940729444458
1 0.7561075367917246 0.4450002155181604 0.1231476502711466 0.22158667211208344
1 0.6218446036376785 0.8255209040634032 0.12313855991206672 0.22002417211208333
1 0.788489286497137 0.2511963173417715 0.13098742134838517 0.2264560100679862
1 0.7654849984478759 0.9743710790737328 0.10662270472226432 0.05125784185253437
1 0.5508463024080144 0.807459928664688 0.1200044695529872 0.21838893692972228
1 0.7346041997522946 0.6492149368328132 0.12475560206654457 0.2294355397032639
1 0.9823366760427771 0.9035341884483337 0.026199927398509716 0.1929316231033326
1 0.9585638745185255 0.698964936167223 0.0762726502711466 0.22049564437666688
1 0.8521492062933982 0.9855728973201738 0.10024543969514958 0.02885420535965224
1 0.8723213266085112 0.8837016524478827 0.12160333098930565 0.22467530452090295
1 0.9448957633767947 0.8956301162600004 0.10124537919390768 0.20873976747999912
1 0.708431543431024 0.8501955553739242 0.12468287919390768 0.2169355397032639
1 0.9285365278147341 0.48808133434361195 0.12315674063022612 0.22314917211208343
1 0.9055434136479411 0.6797596880670842 0.1200044695529872 0.21838893692972228
1 0.9419611400366195 0.9929048331577957 0.09391362646343318 0.014190333684408784
0 0.7381989158874364 0.1656393706284034 0.03461134933607006 0.04142508700597225
0 0.6905411032448949 0.5677097104841673 0.034638620413308986 0.046112587005972115
0 0.714360919207086 0.3682370405562853 0.03621021077238851 0.04771145459715278
0 0.9648740036142373 0.42016778894076473 0.033085210772388504 0.04763871941479163
0 0.9863591599355079 0.21907806762611193 0.014298849336070063 0.040952308320625