1 0.07171641929113237 0.91484375 0.10679457352223154 0.1703125
1 0.2763885087395538 0.88828125 0.10586911035393447 0.18125
1 0.2763885087395538 0.88828125 0.10586911035393447 0.18125
1 0.32504435857014463 0.71015625 0.10090859456891899 0.1765625
1 0.2881611956700788 0.98125 0.07718412628012442 0.0375
1 0.30863665052234507 0.54921875 0.10090859456891899 0.1765625
1 0.338607787678749 0.8796875 0.10256209983059072 0.178125
1 0.3500619561934225 0.978125 0.07286064732681181 0.04375
1 0.26061783752345724 0.71640625 0.10917612087727821 0.184375
1 0.2159676772542273 0.98671875 0.07967208944842144 0.0265625
1 0.15025167199255546 0.98828125 0.07949007892507773 0.0234375
1 0.18727904806091833 0.728125 0.10761362087727822 0.184375
1 0.17643109527479064 0.565625 0.10412459983059082 0.178125
1 0.10869756370475954 0.575 0.11019258930724711 0.175
0 0.004056502877891017 0.53671875 0.008113005755782034 0.0375
0 0.15467719261571986 0.53671875 0.03517863680346807 0.040625
1 0.13922243770698386 0.909375 0.11055661035393446 0.18125
1 0.20874598243119458 0.89609375 0.11055661035393446 0.18125
1 0.05489148229002022 0.74765625 0.10247109456891897 0.1765625
1 0.12110801649088723 0.7375 0.11019258930724707 0.175
1 0.044905163394176 0.58046875 0.089810326788352 0.1671875
1 0.02933482934860075 0.921875 0.0586696586972015 0.15625
1 0.018923733217208753 0.76484375 0.037847466434417505 0.1734375
1 0.010901889716652676 0.5953125 0.021803779433305352 0.16875
1 0.24177537421398582 0.55703125 0.11340859456891897 0.1765625