0 0.9989166140880655 0.5518926245986611 0.002166771823868885 0.03395850593149898
0 0.875712566710742 0.525259845929749 0.03560330732694652 0.024838173916276674
0 0.8200700763216805 0.5643104170705564 0.0325601944820761 0.026273339923887917
0 0.7553215015818797 0.5039830707208781 0.03749335594746519 0.031151840912470873
0 0.6141675570998036 0.47328487456148 0.03543953301668683 0.021713173916276675
0 0.46051361261772766 0.4420773424325269 0.05040279172311415 0.03947367688202626
0 0.6608899123699004 0.05577372239403321 0.043579581637205676 0.028281508897248564
0 0.4397861962910984 0.09120059193823522 0.048512743102595124 0.033160009885831745
0 0.4212862590451115 0.2588364195048334 0.04555151741285459 0.036157675893442945
0 0.07945952792830413 0.1030241823192336 0.03897396879233552 0.029653007908665385
0 0.0594380342598822 0.27137759288963736 0.034286468792335524 0.029462006920082207
0 0.047535577792018543 0.35664658942959626 0.03132524310259503 0.03245967292769336
0 0.9239974219808389 0.10781236075849658 0.043579581637205676 0.028281508897248564
1 0.9476086623699004 0.15417536619570404 0.1047826752601992 0.12001802273741302
1 0.7892506077564876 0.11011766558768173 0.22135710085908258 0.11816104547482605
1 0.35853287426483094 0.10270182463802968 0.22505531094499087 0.1292258794672148
1 0.5791010018090222 0.07193062159573047 0.23007700361804453 0.10604304745199238
1 0.9362008508590826 0.31994494623376013 0.12759829828183483 0.1322288626613009
1 0.5729981659879451 0.14886053612046693 0.2392815852552504 0.13292388243296432
1 0.16873671189493059 0.0661237015966055 0.21699714947960164 0.12422004448624287
1 0.3728133802577248 0.04793341159616798 0.2331267605154496 0.07498404844057555
1 0.7928359531885032 0.0744030000743621 0.20665279172311415 0.04584037650146529
1 0.7778837398232347 0.1907309956257378 0.2392815852552504 0.13292388243296432
1 0.17335229081860287 0.02031645307948026 0.20295458163720576 0.0347755425090765
1 0.9387592848257091 0.23576094722234328 0.1224814303485818 0.12559686068413448
1 0.7661041140880657 0.27834374216569674 0.22974281094499088 0.12941688045579802
1 0.9162712104245927 0.5680813572984554 0.1674575791508147 0.1265810405319101
1 0.9186249265033947 0.48077235828703857 0.1627501469932106 0.12932403855474384
1 0.9228686912027158 0.4021207762718162 0.1542626175945685 0.12412720258518864
1 0.7292470024863908 0.5270876482874762 0.24421474672063964 0.1378023834215476
1 0.7441925717991248 0.4403834857399061 0.23919969810012062 0.1313613824329643
1 0.756999108999683 0.3574900726980444 0.2410078595655099 0.13611254942915876
1 0.5282267350735363 0.4845951062726913 0.23303158525525056 0.13266921444818677
1 0.5425138851189648 0.400202860227024 0.2410078595655099 0.1361125494291588
1 0.5459044787419582 0.3161461952079959 0.22858974672063964 0.13716571345960366
1 0.5602325723649516 0.23253519916232862 0.23500352103089917 0.14054538144438117
1 0.3211611855485062 0.4457541462731288 0.22842597241038015 0.13404071345960364
1 0.33215956128367513 0.3581095662350727 0.2317966338757694 0.1388555474519924
1 0.3418001549066686 0.2743075692008222 0.2347578595655099 0.13585788144438116
1 0.3528804177969674 0.1882254891627661 0.2410078595655099 0.13611254942915876
1 0.12182624886834623 0.4056690212545383 0.20005531094499088 0.1282072075281045
1 0.13685370533620989 0.3205273587069682 0.20934842378986115 0.12702670950527092
1 0.14633052464894378 0.23360036167271767 0.21115658525525038 0.1317778765014653
1 0.15687519900463182 0.1521739481365644 0.21608974672063966 0.13665637749004844