1 0.7524555819743461 0.940172293643678 0.1548977800317722 0.10958744120271575
1 0.9068061168773823 0.8842575655790883 0.16887845941492116 0.10563692559888338
1 0.4613396582732401 0.8968162827895441 0.15171823295387132 0.10629866689245589
1 0.47691801947517 0.8055295414959713 0.14231595941492117 0.1042448439616777
1 0.8897431221523882 0.9997465309805218 0.15542388555165942 0.000506938038956406
1 0.5979414058376081 0.969392888398325 0.16090231818121908 0.06121422320334986
1 0.8995214967469986 0.9523973578122584 0.15487050649282175 0.09520528437548315
1 0.452465264603906 0.9563534382062688 0.15029210064862308 0.08729312358746241
1 0.4918787719108019 0.7235768566248338 0.14223413879807012 0.0995573439616777
1 0.05197038676288459 0.9651237109904194 0.07104888555165918 0.04587242198083885
1 0.3423872865212986 0.7001316333099424 0.17205800649282174 0.10892569990914289
1 0.16838059090279991 0.9267339976251507 0.15646028003177212 0.10966932835784533
1 0.15057152799658663 0.9795989687923357 0.15526024431795715 0.04080206241532878
1 0.6115851201237931 0.9187399496820003 0.1626011858759707 0.10374687697836435
1 0.2968016456913383 0.9881761086609988 0.15051819724005638 0.023647782678002473
1 0.3534554257264057 0.6187554805509805 0.16737050649282176 0.1086800384437538
1 0.7418141367628847 0.9803956654221182 0.14503185633066593 0.03920866915576369
1 0.7683282236150852 0.776311189505235 0.15796823295387147 0.10662621551297509
1 0.3314146047025176 0.7869765360689045 0.16419095941492107 0.10539126413349412
1 0.06351008440997816 0.821329445386587 0.10018300649282177 0.1051588907731742
1 0.6216401842478223 0.8240416033454734 0.15481595941492116 0.10489994120271576
1 0.31160843952282813 0.9479196008590826 0.15484323295387145 0.10416079828183485
1 0.17717316395528288 0.8491412641334941 0.15481595941492107 0.10489994120271576
1 0.32037373903636085 0.8699151888278666 0.15484323295387145 0.10646244120271575
1 0.06253001135749515 0.8993316146538927 0.09549550649282176 0.10491322930778538
1 0.06972708238138327 0.7303326311622359 0.1158352800317721 0.10754026232447185
1 0.19898215989809315 0.6676389586155702 0.14859323295387142 0.10613489258219673
1 0.9838902865229462 0.9671426105257919 0.03221942695410753 0.06571477894841635
1 0.7776702215864905 0.6854781495911433 0.1735386858759707 0.10432008706427265
1 0.762633377023652 0.8525051973071511 0.14864778003177204 0.10925989258219673
1 0.21412019033690233 0.5958425237444326 0.1502375535707224 0.1109042797373263
1 0.9225087043401385 0.7961777114406454 0.15498259131972283 0.10662621551297527
1 0.18961288838773765 0.7569094985296619 0.14864778003177212 0.10925989258219673
1 0.08104859171687409 0.5740383655584037 0.14387845941492108 0.10432673111680746
1 0.07769749512544075 0.6503552040930145 0.1345034594149211 0.10383540818602892
1 0.9307294202495291 0.7100321715265536 0.1385411595009419 0.10745173111680746
1 0.6280890073003054 0.7463260391211222 0.15802278003177203 0.10975121551297526
1 0.6226963494275118 0.6609650712332978 0.14231595941492117 0.1042448439616777
1 0.4942713404990581 0.6370628245126582 0.13927278003177204 0.10876856965141819
0 0.26146456898870263 0.7146235012431955 0.035002291395857824 0.03773901741285464
0 0.821868055188985 0.8922947156245169 0.03968979139585756 0.03798467887824373