1 0.07902277877112254 0.29216756784239584 0.11167165389834954 0.2054864393936934
1 0.24064975953382883 0.32568383197589 0.11803078130301126 0.20893898801421235
1 0.12114824746811129 0.49787201322898306 0.11323415389834954 0.20556832654882307
1 0.2020709314883457 0.018416886589302867 0.09273313702330857 0.02045634215265536
1 0.12631696333951115 0.013664109565509902 0.0879910733209777 0.018648180687266102
1 0.18303570009266723 0.11525426503800536 0.11959328130301125 0.20902087516934215
1 0.1541765461943177 0.3141078448661888 0.11345240870767297 0.21181832654882307
1 0.1760192528255889 0.6972003058566083 0.11345240870767297 0.21181832654882307
1 0.06815464520637501 0.8723463907731744 0.10789188947037927 0.1865726650834339
1 0.28948908593484945 0.02534631727656897 0.09289682813030113 0.02514384215265536
1 0.10671873675315609 0.1042105444366475 0.11156252649368784 0.2023614393936934
1 0.02332336107777489 0.8597368481455492 0.04664672215554978 0.18509869629109837
1 0.2716889723251858 0.1316405828804012 0.11803078130301126 0.20893898801421237
1 0.004104624324618811 0.6702682343961678 0.008209248649237623 0.19991146879233562
1 0.094315385039574 0.6835262302122963 0.11183534500534212 0.2101739393936935
1 0.15831585373656276 0.8903770957707 0.10778276206571755 0.18344766508343396
1 0.321063945831498 0.3314635204650723 0.11194447241000383 0.21329893939369332
1 0.03277280526481036 0.28498250961093846 0.06554561052962073 0.2063185990500603
1 0.03764381062228796 0.6759350582314575 0.07528762124457591 0.20499511646291496
1 0.21777771080762243 0.5099802668470277 0.11167165389834954 0.2054864393936935
1 0.01920632386913187 0.47713238805964087 0.03841264773826374 0.20113977611928177
1 0.05309521239005287 0.48559334124814424 0.10619042478010574 0.20540455223856355
1 0.37359126742319515 0.03758072365357557 0.0840674651536097 0.04027751922187685
1 0.2883531056354793 0.5285498824054313 0.11005459019601868 0.20384205223856355
1 0.35282984492052416 0.13902371494714832 0.10682046279135697 0.20055327792830413
1 0.0605431411996598 0.10413862336031983 0.06786709019601869 0.20163109905006033
1 0.23164422633190104 0.8973507920617984 0.10972720798203354 0.19446705223856356
1 0.258204270248784 0.719509075078485 0.1117262176006804 0.20704893939369332
0 0.03672366216623402 0.3603919453865872 0.03735615626060225 0.042508404567984305
0 0.22467507386913188 0.20040054895920328 0.032450401451278844 0.036012743102595036