0 0.33125 0.81328125 0.02109375 0.025
0 0.18515625 0.2703125 0.02265625 0.03828125
0 0.334375 0.09609375 0.0140625 0.0296875
0 0.33125 0.46015625 0.02578125 0.040625
1 0.08515625 0.3953125 0.08046875 0.18671875
1 0.15 0.7625 0.0828125 0.18671875
1 0.0203125 0.7578125 0.040625 0.1875
1 0.08125 0.76015625 0.08046875 0.18046875
1 0.078125 0.9234375 0.08125 0.15234375
1 0.2265625 0.21328125 0.07890625 0.184375
1 0.3046875 0.0609375 0.078125 0.12109375
1 0.08203125 0.571875 0.0796875 0.18515625
1 0.15234375 0.39609375 0.078125 0.1890625
1 0.30390625 0.21640625 0.0765625 0.1828125
1 0.021875 0.56875 0.04375 0.18359375
1 0.1546875 0.2125 0.08125 0.18125
1 0.021875 0.390625 0.04375 0.1875
1 0.0203125 0.9234375 0.040625 0.15234375
1 0.22890625 0.39921875 0.0796875 0.18046875
1 0.2234375 0.76328125 0.07890625 0.18828125
1 0.22734375 0.5734375 0.0796875 0.184375
1 0.303125 0.4 0.0765625 0.184375
1 0.1453125 0.92734375 0.078125 0.1453125
1 0.3 0.57578125 0.0765625 0.178125
1 0.3015625 0.7625 0.0765625 0.190625
1 0.15078125 0.5734375 0.08046875 0.1828125
1 0.2296875 0.05859375 0.078125 0.1171875
1 0.22109375 0.928125 0.0796875 0.14375
1 0.08671875 0.21015625 0.0765625 0.178125
1 0.0875 0.05625 0.075 0.1125
1 0.025 0.20703125 0.05 0.1796875
1 0.29765625 0.928125 0.078125 0.14375
1 0.1546875 0.05625 0.078125 0.1125
1 0.025 0.05625 0.05 0.1125