1 0.60112533234461 0.855987643244305 0.14735368778015676 0.2353417695960413
1 0.7254005359598843 0.4480267275674718 0.14574572367353406 0.2337338054894186
1 0.9068229983506473 0.11490067583897692 0.11760870031656907 0.12519387978345575
1 0.9609421970178639 0.13284068210718308 0.0723871285298145 0.12700042069139794
1 0.8027753782006102 0.4715347722363378 0.14887072367353404 0.23382473370266404
1 0.9425138281214679 0.4979117526402964 0.09069451082055266 0.2196425617576249
1 0.8421989617323542 0.8872219567177894 0.1269669799417404 0.17854620031656906
1 0.899862012207208 0.7028864091459296 0.12837636724704354 0.22698370031656906
1 0.5542837730942676 0.9635106382297399 0.10113660266556704 0.041972202823851744
1 0.8858008268678266 0.4886336925320244 0.14243886724704352 0.22739287727617322
1 0.8680607120615587 0.2666821361846759 0.14230247492717538 0.22270537727617326
1 0.7551308707452696 0.8749241966886594 0.14658079796757129 0.20877926959604132
1 0.6314456666677769 0.9675101649519171 0.10233538981258547 0.029517666930474463
1 0.6779917092250718 0.8701434199664823 0.14230247492717538 0.22270537727617318
1 0.9298787504622184 0.2883010719197686 0.12842183135366625 0.22854620031656916
1 0.8285987099499875 0.0937591132234223 0.11278480799670128 0.1203699874635877
1 0.9761399850228123 0.3080308987210882 0.0342626543940618 0.2117558539192083
1 0.6616549700456245 0.653615149512511 0.13926840314042083 0.22573944906292792
1 0.7852171198208329 0.24333321588898932 0.14230247492717538 0.22270537727617326
1 0.7462883828194636 0.6691061057015749 0.14882525956691134 0.23226223370266402
1 0.8126120647936327 0.6968386491167996 0.14887072367353404 0.23382473370266404
0 0.7238343727903338 0.5823335314075379 0.038954851411925874 0.051091138558944316
0 0.941730229612536 0.41753393085354185 0.05462531551854823 0.05310827962517113