1 0.878125 0.34765625 0.0734375 0.17265625
1 0.8015625 0.04296875 0.071875 0.0859375
1 0.80546875 0.178125 0.07265625 0.17109375
1 0.878125 0.046875 0.06875 0.09375
1 0.99375 0.1640625 0.0125 0.171875
1 0.9890625 0.3375 0.021875 0.16796875
1 0.6671875 0.05078125 0.084375 0.1015625
1 0.95 0.3421875 0.0703125 0.16796875
1 0.7296875 0.0484375 0.071875 0.096875
1 0.5953125 0.3515625 0.07109375 0.17421875
1 0.940625 0.040625 0.075 0.08125
1 0.94375 0.16875 0.075 0.17265625
1 0.9921875 0.0390625 0.015625 0.078125
1 0.878125 0.17109375 0.0734375 0.1734375
1 0.66796875 0.35390625 0.071875 0.178125
1 0.8078125 0.346875 0.07109375 0.17734375
1 0.59296875 0.17734375 0.06875 0.1734375
1 0.66484375 0.175 0.07265625 0.17265625
1 0.5890625 0.0484375 0.065625 0.096875
1 0.73125 0.1734375 0.075 0.17578125
1 0.73359375 0.3546875 0.0765625 0.18203125
0 0.834375 0.23125 0.02578125 0.03671875
0 0.690625 0.2359375 0.0265625 0.03828125
0 0.7625 0.06796875 0.02109375 0.03671875
0 0.61015625 0.07109375 0.02890625 0.03671875
0 0.68984375 0.41796875 0.03203125 0.040625