1 0.036205439462530055 0.6120642421162152 0.03196430653075473 0.1553057490500695
1 0.0745412531648609 0.6145177481001389 0.10465776206571756 0.18041615824437507
1 0.11662214807753579 0.9238193597073959 0.1084722428284239 0.1523612805852082
1 0.05816480733336293 0.9274892203647223 0.03163692431676959 0.1450215592705554
1 0.0995288733979465 0.7712223429898959 0.10885418874473987 0.1664627610179167
1 0.06258934627128648 0.4510910277354167 0.09953375244707072 0.16780705547083344
1 0.03895835099579189 0.13205008700597226 0.07595240870767297 0.2078501740119445
1 0.9951463859270003 0.9314955342880212 0.009707228145999381 0.13700893142395748
1 0.05277285825218603 0.304106924961875 0.09026787985173243 0.17071384992375008
1 0.9649330631541767 0.5051058333936813 0.07013387369164654 0.15196384992375017
1 0.9557279441446266 0.35797626025541746 0.08854411171074687 0.1520729526972917
1 0.9839335782151192 0.7929331417143064 0.03213284356976161 0.16068423328249998
1 0.9359176857495151 0.22240178295684107 0.09731648801910069 0.14902068787965286
1 0.9094047710513923 0.08908013668031325 0.09380954210278461 0.13801045269729173
1 0.9746379345683887 0.6623007375539939 0.050724130863222784 0.15944904160312506
1 0.9857762980932343 0.22123997967020914 0.02844740381353148 0.14745688145888894
1 0.9696155847537231 0.0920427889407647 0.04548116950744614 0.14000805737069447
1 0.9957353852516191 0.3683331852172925 0.008529229496761914 0.1503273083206249