1 0.4301597315700702 0.931768140208297 0.10498105357097227 0.13646371958340603
1 0.1762443366247226 0.4610691953020042 0.10741637575930571 0.187375631037097
1 0.11302743616722304 0.9635684065056331 0.03612064437666672 0.07286318698873373
1 0.49405857740975767 0.9256461723407506 0.10843336189159736 0.14870765531849878
1 0.13881380575517385 0.29524796700961653 0.11046864057694461 0.18434155925034235
1 0.16128309821132025 0.9559377629321236 0.10835932028847228 0.08812447413575271
1 0.23921646209968786 0.4496292416202228 0.10901524335048629 0.1889835951437197
1 0.2799356471295491 0.6225726481258558 0.10738000816812523 0.18581313103709682
1 0.355316853626563 0.6075901572970558 0.10901524335048629 0.18898359514371954
1 0.3544694005480216 0.9345605195960414 0.10636171561506949 0.13087896080791736
1 0.3165667442035076 0.7875898943649321 0.10748911094166687 0.190500631037097
1 0.16937020868121538 0.13218567735531553 0.09727765634451399 0.1542903463973609
1 0.01777852640423653 0.4954943564264907 0.016645905394583483 0.17848871285298137
1 0.08195666128159793 0.8377560642649072 0.04931293502986125 0.17319345909205772
1 0.31383460239229205 0.4354052687381115 0.10425500816812514 0.18572220282385157
1 0.21069533785899358 0.6330494953811465 0.10901524335048629 0.18898359514371954
1 0.415145795305938 0.595278025402029 0.10745274335048624 0.18893813103709683
1 0.041964174864965835 0.6624916398125856 0.04622430262104181 0.1746650308788123
1 0.37472920269729176 0.09990568942950946 0.09891289152687514 0.15746081050398356
1 0.20407512984336829 0.28153245948776917 0.10418227298576407 0.18259720282385158
1 0.11536857332569514 0.8309210425572949 0.10581750816812514 0.18576766693047436
1 0.3361239104285766 0.2525844085506971 0.10894250816812523 0.18585859514371963
1 0.274696101158021 0.2632885763391012 0.10581750816812514 0.18576766693047428
1 0.09936683320625012 0.14342104255729488 0.09727765634451402 0.15429034639736083
1 0.0432986711621529 0.14959683471887836 0.08303331838861124 0.14606866943775673
1 0.3882780900431951 0.7826499932695754 0.10748911094166687 0.190500631037097
1 0.4613155465402089 0.7675993062808415 0.10585387575930554 0.1873301669304741
1 0.07541245450024361 0.6572191181049731 0.10738000816812514 0.18581313103709682
1 0.3001110624046876 0.11412966231162076 0.10214699430041688 0.16223923871722895
1 0.10624096114975734 0.4723045605039835 0.10745274335048624 0.188938131037097
1 0.3752624116628476 0.42470110094970737 0.10897887575930572 0.18742109514371955
1 0.29136998850392437 0.9414637374635877 0.104435539703264 0.11707252507282462
1 0.22520012784659799 0.9505970450645773 0.11177526101791672 0.09880590987084545
1 0.4437032871378128 0.41342027164110534 0.10585387575930572 0.18733016693047427
1 0.2393554003605904 0.12016906215333618 0.09727765634451406 0.1542903463973609
1 0.48351393559854217 0.580872196093427 0.10585387575930572 0.18733016693047427
1 0.2553207728888548 0.8061065621533363 0.10901524335048621 0.18898359514371954
1 0.05504213706156291 0.486429244985435 0.0919732137152085 0.19473348997087006
1 0.14458002858843805 0.6436172708496825 0.10741637575930571 0.1873756310370968
1 0.18535376500507011 0.8189044273553157 0.11057774335048624 0.18902905925034225
1 0.40783525626826406 0.2476445074553404 0.10414590539458354 0.18103470282385156
1 0.032182599258159986 0.3093211757059629 0.05432774335048627 0.18739235141192578
1 0.06875587889343775 0.30413958221159587 0.10578114057694461 0.18420516693047428
1 0.5618454894538549 0.9188338826864495 0.10723453780340293 0.162332234627101
1 0.5227251720151742 0.7561138884924373 0.10748911094166687 0.19050063103709683
0 0.07565853590354185 0.23173338479802066 0.03215918977951393 0.03997178213245363