1 0.18046875 0.64453125 0.07109375 0.1703125
1 0.32109375 0.821875 0.06875 0.1703125
1 0.003125 0.640625 0.00625 0.171875
1 0.24609375 0.81953125 0.0703125 0.165625
1 0.2421875 0.31796875 0.06640625 0.159375
1 0.18125 0.81484375 0.06875 0.16640625
1 0.24609375 0.6484375 0.06953125 0.165625
1 0.10546875 0.0359375 0.06953125 0.071875
1 0.17734375 0.31953125 0.0671875 0.1625
1 0.2484375 0.946875 0.071875 0.10546875
1 0.1109375 0.8203125 0.0703125 0.1640625
1 0.03984375 0.64765625 0.0703125 0.16796875
1 0.003125 0.15 0.00625 0.16796875
1 0.04453125 0.3109375 0.07109375 0.1671875
1 0.37578125 0.32109375 0.06875 0.16796875
1 0.0484375 0.8203125 0.07109375 0.17109375
1 0.10703125 0.3171875 0.0703125 0.1640625
1 0.1734375 0.478125 0.071875 0.16640625
1 0.1765625 0.94921875 0.071875 0.1015625
1 0.36796875 0.040625 0.0671875 0.08125
1 0.0015625 0.30859375 0.003125 0.1640625
1 0.0015625 0.8203125 0.003125 0.171875
1 0.38828125 0.81953125 0.06796875 0.16953125
1 0.16953125 0.15078125 0.06953125 0.1625
1 0.16640625 0.03671875 0.065625 0.07265625
1 0.0015625 0.03515625 0.003125 0.0703125
1 0.37109375 0.15859375 0.06875 0.159375
1 0.3171875 0.653125 0.06875 0.165625
1 0.10703125 0.1515625 0.0703125 0.1609375
1 0.30703125 0.0390625 0.06875 0.078125
1 0.3109375 0.3203125 0.06953125 0.1625
1 0.3078125 0.16328125 0.06875 0.1609375
1 0.3171875 0.9453125 0.065625 0.109375
1 0.3875 0.94921875 0.06875 0.1015625
1 0.24375 0.4796875 0.06875 0.16640625
1 0.003125 0.94921875 0.00625 0.1015625
1 0.0046875 0.475 0.009375 0.16796875
1 0.11015625 0.6484375 0.06875 0.1671875
1 0.040625 0.14921875 0.071875 0.16640625
1 0.3765625 0.48203125 0.06796875 0.16796875
1 0.38515625 0.6484375 0.06796875 0.16328125
1 0.1125 0.94921875 0.06875 0.1015625
1 0.0328125 0.03515625 0.065625 0.0703125
1 0.03828125 0.4796875 0.0703125 0.16484375
1 0.1078125 0.4796875 0.06953125 0.16640625
1 0.2296875 0.15078125 0.07265625 0.1640625
1 0.23515625 0.0421875 0.0703125 0.084375
1 0.0453125 0.94921875 0.071875 0.1015625
1 0.31328125 0.48671875 0.06953125 0.16484375