1 0.25546875 0.221875 0.09765625 0.1796875
1 0.28828125 0.396875 0.0984375 0.184375
1 0.1875 0.234375 0.09921875 0.17890625
1 0.16171875 0.07578125 0.09609375 0.1515625
1 0.35390625 0.378125 0.1 0.178125
1 0.11328125 0.25 0.09921875 0.1828125
1 0.23046875 0.06875 0.0953125 0.1375
1 0.30390625 0.0625 0.09453125 0.125
1 0.31015625 0.56328125 0.096875 0.1828125
1 0.2109375 0.40390625 0.09765625 0.18203125
1 0.0875 0.08359375 0.09765625 0.16640625
1 0.05 0.2609375 0.09921875 0.18359375
1 0.32890625 0.2109375 0.1 0.178125
1 0.3875 0.5515625 0.0984375 0.18203125
1 0.0234375 0.446875 0.046875 0.19140625
1 0.23515625 0.58046875 0.09609375 0.1796875
1 0.1375 0.421875 0.1 0.184375
1 0.09609375 0.6046875 0.103125 0.184375
1 0.071875 0.4390625 0.10234375 0.18359375
1 0.0015625 0.10546875 0.003125 0.1796875
1 0.0359375 0.6234375 0.071875 0.19140625
1 0.16953125 0.59140625 0.09765625 0.18671875
1 0.0328125 0.09375 0.065625 0.1796875
1 0.0125 0.2796875 0.025 0.18359375
1 0.003125 0.6390625 0.00625 0.18359375
0 0.03359375 0.503125 0.02421875 0.02578125
0 0.0515625 0.1453125 0.02265625 0.03203125
0 0.19609375 0.12109375 0.02890625 0.03359375
0 0.12421875 0.13046875 0.0265625 0.03203125