1 0.87109375 0.5625 0.071875 0.171875
1 0.51640625 0.22109375 0.0765625 0.17265625
1 0.653125 0.06640625 0.075 0.1328125
1 0.865625 0.0640625 0.075 0.128125
1 0.7296875 0.21953125 0.07578125 0.17421875
1 0.5171875 0.56796875 0.0765625 0.1765625
1 0.87109375 0.5625 0.071875 0.171875
1 0.51640625 0.22109375 0.0765625 0.17265625
1 0.653125 0.06640625 0.075 0.1328125
1 0.865625 0.0640625 0.075 0.128125
1 0.7296875 0.21953125 0.07578125 0.17421875
1 0.5171875 0.56796875 0.0765625 0.1765625
1 0.73125 0.39296875 0.0734375 0.17265625
1 0.728125 0.0640625 0.075 0.128125
1 0.66015625 0.39296875 0.06796875 0.17421875
1 0.8703125 0.390625 0.07265625 0.1765625
1 0.87109375 0.740625 0.071875 0.17421875
1 0.7328125 0.73984375 0.07265625 0.17578125
1 0.73359375 0.565625 0.075 0.175
1 0.66171875 0.740625 0.0734375 0.1734375
1 0.86875 0.21640625 0.0734375 0.16796875
1 0.9859375 0.2125 0.028125 0.16796875
1 0.7375 0.91484375 0.07421875 0.16953125
1 0.94609375 0.559375 0.07265625 0.17578125
1 0.5859375 0.39453125 0.07109375 0.1796875
1 0.66015625 0.56640625 0.0671875 0.171875
1 0.52109375 0.74765625 0.078125 0.1765625
1 0.9875 0.90625 0.025 0.1796875
1 0.584375 0.06640625 0.06875 0.1328125
1 0.9875 0.3890625 0.025 0.16796875
1 0.79609375 0.56328125 0.07421875 0.17578125
1 0.58515625 0.2203125 0.0734375 0.17109375
1 0.5171875 0.06875 0.078125 0.13671875
1 0.5859375 0.746875 0.0703125 0.171875
1 0.87421875 0.9109375 0.07421875 0.17421875
1 0.9875 0.734375 0.025 0.171875
1 0.7953125 0.39140625 0.065625 0.175
1 0.946875 0.73671875 0.07265625 0.1765625
1 0.6640625 0.91328125 0.07109375 0.16875
1 0.8 0.9140625 0.07734375 0.16953125
1 0.6578125 0.215625 0.065625 0.17421875
1 0.9875 0.55625 0.025 0.17578125
1 0.93671875 0.2171875 0.0734375 0.1671875
1 0.94375 0.390625 0.07265625 0.17109375
1 0.796875 0.74375 0.071875 0.175
1 0.79453125 0.21640625 0.07265625 0.1734375
1 0.58515625 0.5671875 0.07265625 0.175
1 0.52109375 0.39453125 0.0765625 0.18046875
1 0.94921875 0.9078125 0.0703125 0.1765625
1 0.58671875 0.91484375 0.071875 0.1671875
1 0.9859375 0.0640625 0.028125 0.128125
1 0.44609375 0.39921875 0.06640625 0.17421875
1 0.440625 0.0640625 0.06875 0.128125
1 0.37265625 0.2171875 0.07421875 0.184375
1 0.940625 0.06640625 0.06875 0.1328125
1 0.7921875 0.0640625 0.071875 0.128125
1 0.44453125 0.565625 0.06875 0.17578125
1 0.44453125 0.2171875 0.06953125 0.18125
1 0.371875 0.40078125 0.07265625 0.178125
1 0.3703125 0.06640625 0.071875 0.1328125
1 0.44453125 0.74609375 0.078125 0.1765625
1 0.37578125 0.5734375 0.08203125 0.18984375
1 0.375 0.746875 0.07421875 0.17890625
1 0.375 0.9109375 0.07421875 0.17265625
1 0.4453125 0.909375 0.07734375 0.18046875
1 0.51640625 0.9125 0.07421875 0.175
0 0.39921875 0.859375 0.05703125 0.0609375
0 0.4015625 0.00625 0.028125 0.01171875
0 0.609375 0.10625 0.01953125 0.03671875
0 0.9640625 0.15625 0.03046875 0.0328125
0 0.91328125 0.56875 0.01796875 0.0328125
0 0.54140625 0.27890625 0.0203125 0.02890625
0 0.3984375 0.50859375 0.0203125 0.0296875
0 0.5640625 0.76328125 0.01875 0.0296875
0 0.47109375 0.8609375 0.03359375 0.04140625
0 0.4421875 0.51796875 0.01875 0.0203125