1 0.8290414013733812 0.9192831247879549 0.2549523271096728 0.11352681977759857
1 0.586594802753353 0.9128967486492376 0.2585409772718286 0.14019844718226046
1 0.8377930641174387 0.8384597107228045 0.2568693831160271 0.13389388347992934
1 0.6065276529982343 0.7112970431142748 0.2584318831160271 0.1339484471822603
1 0.5951282771858077 0.8195733345840871 0.26004893019392805 0.13712801088459123
1 0.34855724025417684 0.8008233677011969 0.2553614301939279 0.13696431977759857
1 0.3407913790522469 0.8933382499151821 0.25533415665497755 0.13540181977759858
1 0.8484248266993404 0.7309919511041576 0.25533415665497755 0.13540181977759858
1 0.11795389690915432 0.9355158593484945 0.2042159415580136 0.06959328130301116
1 0.5850965324608135 0.961416094202734 0.249092064934808 0.046175628670606275
1 0.11924761565956624 0.8752777637949981 0.21002165665497757 0.13381947241000383
1 0.8228147207724164 0.9656224114484437 0.24240568831160267 0.02095737386128249
1 0.12384756655307065 0.7805282589856747 0.22260347727182855 0.13894348202865067
1 0.3583804792971282 0.6918203899337154 0.25843188311602716 0.13394844718226045
1 0.336372660301835 0.9536854728733399 0.25109094155801354 0.07123019237293704
1 0.12740716882654687 0.6709622860275166 0.2334318831160272 0.13307542794496677
1 0.6248707297041654 0.5081894012816428 0.25541597727182863 0.1400893197775986
1 0.8659457430968459 0.525567841122691 0.2616932508107787 0.141870074586922
1 0.3618525324641088 0.4876686032732266 0.2601307508107789 0.14181551088459124
1 0.38447578043551395 0.3954166158870983 0.2631739301939279 0.13723713828925294
1 0.614279877430689 0.6180009109002896 0.2553614301939279 0.13696431977759857
1 0.8730358997551187 0.4337796452063751 0.25392820048976256 0.13394844718226043
1 0.8561497775928448 0.6361333188901724 0.26004893019392805 0.13712801088459123
1 0.3661327037295829 0.5985242577197303 0.2615568831160272 0.134057574586922
1 0.63106045413662 0.41494783276998853 0.2553614301939279 0.13696431977759857
1 0.13865871996493262 0.3750768671530427 0.2522364301939279 0.13685519237293695
1 0.12973155356742713 0.5802008767716895 0.2412443831160272 0.13334824645662097
1 0.1324962690714282 0.46988093566469696 0.2507557508107789 0.1414881286706061
0 0.9603991266199102 0.4730207052805088 0.04125229139585755 0.03735615626060209
0 0.5034317008869139 0.8509175930216075 0.05057274431795715 0.03455853847458741
0 0.25839589041633254 0.8305505624363864 0.047447744317957154 0.03444941106992587
0 0.25057548213650194 0.9199404446503717 0.050627291395857824 0.03768353847458741