1 0.8461398307697113 0.9719860632161417 0.11156479139585791 0.037228374681726704
1 0.7431375616949879 0.9661547812301411 0.11181025324641088 0.0512908746817267
1 0.9130735551988709 0.5830048318746421 0.1404103603878557 0.2578317760184536
1 0.8771830994373978 0.8044712992123237 0.1352592102256999 0.23121473201781734
1 0.7717143494373977 0.8056985392266413 0.1420819545436572 0.26409995735199915
1 0.9658985462704172 0.599574166534097 0.05112967207625303 0.2442954400063634
1 0.8094809508967998 0.5662451405554142 0.14194558684890532 0.25628745735199915
1 0.988258336041422 0.3478025811983244 0.015083077920451871 0.2376272693348181
1 0.9591141270302426 0.13802813920277873 0.07975350405718977 0.1837033853437268
1 0.9377225478919747 0.3343309745385513 0.11702740746575628 0.260684056015272
1 0.9321472889668165 0.8327321118714603 0.05748876623205419 0.2506181653405452
1 0.8574992597425279 0.32120481321614175 0.14361718100470675 0.2625556386855446
1 0.8828379991892211 0.12251277454650553 0.12967168344033872 0.179597688017181
1 0.6541977926202645 0.9601598672422316 0.11205571509696384 0.06535337468172671
1 0.6758524245184756 0.7935354412396861 0.14380809577735915 0.2734931386855445
1 0.7894289184261003 0.10407240455923221 0.12789099512873606 0.16707950668363555
1 0.7151406156694521 0.5564076112349137 0.1435353603878557 0.2578681386855447
1 0.7546469951320314 0.30677978123014105 0.14520695454365723 0.26413632001909004