1 0.5142164199247629 0.3642751678549111 0.16713705634924098 0.27173391066226815
1 0.020852374981409478 0.5186901640274805 0.041704749962818956 0.25011967194503915
1 0.5780547213310879 0.127423171780437 0.16869955634924097 0.254846343560874
1 0.3420536239556452 0.5869949169969813 0.16225855536065784 0.26691001834239997
1 0.451191202016535 0.6087896974800822 0.16544722235685222 0.2685634465556454
1 0.11068814920169726 0.08190321786754637 0.1098737015966055 0.16380643573509274
1 0.24909946140807512 0.5701915133943422 0.162131221368269 0.2637850183424
1 0.46609589079874025 0.11692777256554218 0.16468321840251948 0.23385554513108436
1 0.051551900437426225 0.2779371318950268 0.10310380087485245 0.25442673871722893
1 0.40579642486767875 0.3440201553184988 0.16238588935304646 0.2700350183424002
1 0.6725395503805609 0.13649584567244505 0.1655108893530466 0.2701259465556455
1 0.27918757353790336 0.8276031966221524 0.1620675543720746 0.26222251834240007
1 0.3735409762740038 0.1081354457642226 0.1654180474519924 0.2162708915284452
1 0.3852638185949875 0.8479264053184987 0.1620675543720745 0.26222251834239996
1 0.18704649448843041 0.8099958109662019 0.1605050543720746 0.26217705423577736
1 0.6071387489742357 0.38185982145755026 0.16407572334543535 0.27320548244902276
1 0.17368289771882248 0.08834343448145152 0.15575920456235504 0.17668686896290303
1 0.311965511825817 0.329583233769171 0.1638847223568522 0.2685179824490227
1 0.5425510310660079 0.6264198151893441 0.16225855536065784 0.26691001834239997
1 0.15930213235860224 0.5525159315784577 0.1653198883644634 0.2654384465556454
1 0.0660057074909235 0.5306529549354226 0.132011414981847 0.26369409012915473
1 0.08790599893705472 0.7918117637900536 0.162131221368269 0.26378501834240015
1 0.2731735617492673 0.09941131512283706 0.1599028765014653 0.19882263024567412
1 0.21288868327063573 0.30983668659302255 0.16225855536065775 0.26691001834240013
1 0.113907355209746 0.2877463894168742 0.16225855536065775 0.2669100183424001
1 0.03454084878395535 0.7720508447480082 0.0690816975679107 0.2621483105039836
1 0.4760333986330435 0.860891755081072 0.16168555239490826 0.2528475183424
0 0.6119747820917721 0.2248740355641729 0.0409725098858317 0.04801160266556703
0 0.15688408098945822 0.40120348416488233 0.04253500988583174 0.04805706677218961
0 0.34757540657888997 0.4323301490502926 0.04090884288963732 0.04644910266556703
0 0.22346947273960058 0.9119387441940123 0.039410009885831696 0.04796613855894449
0 0.35916682258650123 0.4351141682506225 0.04734984387822054 0.05131845909205772