1 0.121875 0.9078125 0.06875 0.18359375
1 0.1875 0.90859375 0.07421875 0.18203125
1 0.00625 0.39453125 0.0125 0.171875
1 0.05546875 0.91015625 0.0734375 0.1796875
1 0.0046875 0.9078125 0.009375 0.17578125
1 0.32109375 0.89453125 0.0875 0.1859375
1 0.3953125 0.90703125 0.07578125 0.1859375
1 0.00625 0.22265625 0.0125 0.171875
1 0.25234375 0.38828125 0.06875 0.16953125
1 0.009375 0.73046875 0.01875 0.171875
1 0.1203125 0.55859375 0.06953125 0.1640625
1 0.25078125 0.221875 0.07109375 0.1703125
1 0.39921875 0.39140625 0.0703125 0.16796875
1 0.32578125 0.21328125 0.0671875 0.1734375
1 0.3234375 0.38828125 0.07109375 0.171875
1 0.325 0.06875 0.06875 0.13671875
1 0.04921875 0.73046875 0.07421875 0.17265625
1 0.05078125 0.3921875 0.07265625 0.17265625
1 0.0078125 0.5640625 0.015625 0.16015625
1 0.11875 0.39609375 0.06953125 0.16796875
1 0.25625 0.559375 0.0703125 0.1671875
1 0.046875 0.5609375 0.0765625 0.16015625
1 0.39375 0.56015625 0.07578125 0.16796875
1 0.328125 0.721875 0.07109375 0.171875
1 0.3953125 0.22265625 0.06875 0.17265625
1 0.184375 0.56015625 0.071875 0.16875
1 0.328125 0.5578125 0.071875 0.16484375
1 0.0421875 0.0703125 0.071875 0.140625
1 0.1203125 0.72890625 0.0703125 0.1734375
1 0.18984375 0.39453125 0.071875 0.16796875
1 0.1140625 0.0703125 0.071875 0.140625
1 0.11640625 0.221875 0.06875 0.171875
1 0.40234375 0.72578125 0.07265625 0.17109375
1 0.0453125 0.221875 0.07265625 0.17265625
1 0.25 0.0703125 0.06875 0.140625
1 0.175 0.071875 0.06875 0.14375
1 0.003125 0.071875 0.00625 0.14375
1 0.1796875 0.21484375 0.07265625 0.1734375
1 0.19296875 0.728125 0.07109375 0.16796875
1 0.384375 0.0703125 0.06875 0.140625
1 0.25625 0.7265625 0.071875 0.16875
1 0.25859375 0.90078125 0.07109375 0.18046875
0 0.0078125 0.2875 0.015625 0.03515625
0 0.1375 0.28671875 0.0265625 0.03515625
0 0.28984375 0.784375 0.02109375 0.0328125
0 0.44375 0.965625 0.02578125 0.04296875
0 0.0078125 0.453125 0.015625 0.03125
0 0.0734375 0.4546875 0.0203125 0.028125
0 0.2828125 0.44765625 0.02578125 0.03125