1 0.47269444396587196 0.8359605128656167 0.19474753556536056 0.2615693004748537
1 0.024086009305624913 0.3008183539192083 0.048172018611249826 0.25476170783841656
1 0.22659638586032008 0.8907817758642474 0.20259426881613765 0.21843644827150505
1 0.12642318135047814 0.4769753401291547 0.19987168320799578 0.27108069279472174
1 0.3038460523190928 0.6651980688172537 0.19772698635114888 0.25853522868809903
1 0.81341795140947 0.7261813137361818 0.18657116252983136 0.25352947994174035
1 0.056774384822353564 0.12982990399835054 0.11354876964470713 0.1034098079967011
1 0.5120030388796387 0.9570469365265156 0.1484075748547749 0.0859061269469688
1 0.8507081280024371 0.8829457907749283 0.1539341368892682 0.15583612602253183
1 0.5948626964470713 0.7996174990755632 0.1914042117440431 0.2567908722616082
1 0.9023563269261986 0.6810483216537406 0.1456550641014079 0.24609741316955044
1 0.7643940622438903 0.5190076597378314 0.17981174028009014 0.24241012351524954
1 0.5446401803170209 0.5845858809705899 0.19616448635114897 0.2584897645814763
1 0.39985229673301237 0.04840302540202905 0.1502954065339753 0.07771112602253202
1 0.3228980368082149 0.20575487265731973 0.19801808477957242 0.26478522868809906
1 0.11702017866439099 0.9103524782923877 0.19281685442427948 0.1792950434152246
1 0.08080360122146366 0.7397421130904084 0.1616072024429273 0.26593855172849495
1 0.19342670657675654 0.23093306591425988 0.19125866252983137 0.25366587226160836
1 0.08664166728734227 0.27136418613080415 0.17328333457468453 0.26772837226160834
1 0.2877140157157657 0.07095632383181869 0.14597177956950452 0.08538723370266399
1 0.37898956327734756 0.4123518651354724 0.19816363399378395 0.26791022868809905
1 0.6550532954946673 0.5486831363808663 0.18137424028009033 0.24245558762187222
1 0.1753550252307876 0.7029217261808165 0.2012158593866782 0.2664386569013445
1 0.5520269187350844 0.14044943606429716 0.19282116252983136 0.25371133636823096
1 0.44056072580717887 0.16536921654739814 0.1882792117440431 0.25669994404836294
1 0.5193300428040709 0.03623329750535281 0.13633991439185814 0.046097413169550586
1 0.052840247933085394 0.5135145822115958 0.10568049586617079 0.2645291644231918
1 0.6707961894132488 0.12669447611430956 0.18965762117350238 0.21929087226160834
1 0.877786628207325 0.48632084336135295 0.17646841645877273 0.23763169530200412
1 0.6017228959900053 0.34998957211595905 0.1927483879227255 0.25214883636823104
1 0.38769224359436844 0.9739329081549857 0.15603598428423435 0.052134183690028736
1 0.4216179032287156 0.6224686627073321 0.19645558477957228 0.2647397645814763
1 0.24975367349259528 0.4492715404457238 0.20419531017246645 0.26340458511458986
1 0.1652011608772015 0.0979016055685609 0.15251287799792798 0.0918190901291547
1 0.49710601654433517 0.3790201910788621 0.20092476095825482 0.2601886569013444
1 0.6271571579862266 0.9422887603915878 0.15084337014004526 0.11542247921682432
1 0.3433857795740137 0.8730122599958763 0.1929667117440431 0.2539754800082473
1 0.7787735093056248 0.10949626741796323 0.1799529813887503 0.17843855172849493
1 0.8325598271310864 0.2816045996295592 0.17497869106587843 0.23914873119538155
1 0.71824046195344 0.3173936839527261 0.18457201488719618 0.24410901583511757
1 0.7446015231638731 0.9103684456312087 0.15818498924663302 0.14659751834239998
1 0.7046764981424823 0.7597857724325282 0.1786858879227255 0.2517396594086268
1 0.8631313926802363 0.09552234712227667 0.12686221463952724 0.14412573620994645
1 0.914302132755439 0.25660225112062723 0.10706344499482015 0.22156877461060623
1 0.947283644956548 0.4554860319994396 0.075449571959291 0.2128469924781527
1 0.9248926447516602 0.8522473717328829 0.0810788337461151 0.16619931301126592
0 0.7315946023573648 0.030674933952726108 0.05556079528527036 0.020341243731793836