1 0.5227657926276252 0.05580841613905145 0.2330315852552504 0.1116168322781029
1 0.7322226797827549 0.05432482099533183 0.2331953595655099 0.10864964199066365
1 0.11054907564431198 0.07893969074965769 0.2178226650834339 0.10774561850068462
1 0.9027609090905401 0.13100304895851506 0.15835248982323477 0.1637395542357774
1 0.1259051599950512 0.17786292405661025 0.2418200870642727 0.1786491518867795
1 0.8912291875846711 0.04429293995823487 0.1387083751693421 0.08858587991646974
1 0.018464474219402456 0.17316471536026393 0.026611166892456177 0.15054556927947216
1 0.5360237884437538 0.1502808640148451 0.24658947421940242 0.18034804420664755
1 0.7407522320213186 0.14510631604727392 0.25251192559888336 0.17427990063313822
1 0.30903084124814423 0.061713912575983465 0.24076219810012062 0.12342782515196693
1 0.33433513568479173 0.16866846582248232 0.24313692559888347 0.17400711599340218
0 0.6112860600404797 0.07845367663039973 0.0592798247398008 0.05944920783841652