1 0.6159783396849839 0.9629834473663166 0.22795345048646726 0.07403310526736676
1 0.8625242828678505 0.8169037141151765 0.22372960064862327 0.10883174936345305
1 0.8435266412271115 0.9760112533815887 0.2322318474022122 0.04797749323682261
1 0.17736980721757983 0.9432789273551808 0.23277731818121902 0.09019083736472595
1 0.41434983562779415 0.7820072620544065 0.23000687418757337 0.11046697469763486
1 0.6327276887120492 0.8079810580839961 0.23940914772652383 0.11213856269890776
1 0.18684817288373665 0.8598124466899989 0.23315914772652374 0.11206583736472595
1 0.19235210470251762 0.7723942626909533 0.23787392126547413 0.11368288136536223
1 0.047589029621439724 0.7574312393379998 0.07046823295387142 0.09923747867599957
1 0.040372593338431885 0.8362374920034998 0.05325345941492108 0.09747498400699968
1 0.6364214788900912 0.8853520800843142 0.2425886948044244 0.11529992536599849
1 0.04124139244492746 0.9307596513367272 0.051336403408566655 0.07714430267345448
1 0.8452879642795944 0.9034042881126311 0.2301159683433749 0.11671697469763487
1 0.40647488027006284 0.8678356740531339 0.23162392126547413 0.11361015603118005
1 0.394035155837608 0.9577863226845901 0.22808981818121907 0.08442735463081981
0 0.5377481996690978 0.9154475654041786 0.044459112012708954 0.041134077339272324