1 0.9368897762392339 0.7669071172024606 0.07048116950744614 0.13982611600890865
1 0.8013664824071688 0.6224496872215506 0.27393355172143147 0.15156468936981646
1 0.9064234823223508 0.9460951778724149 0.1076885036281972 0.0871556493475449
1 0.7803868050951743 0.7312434318905504 0.2739881154237622 0.15312718936981645
1 0.7525395688901724 0.8354314925605049 0.27080855172143126 0.15152832670272573
1 0.4628818134478768 0.9676558359325487 0.2674801658792491 0.056215826702725735
1 0.734476560452652 0.9277917152291867 0.2700446598887993 0.12965332670272572
1 0.5143054481089326 0.7921285772597306 0.2801289880191005 0.15007491470399828
1 0.559035138667771 0.5846609752546399 0.27382442431676957 0.14843968936981647
1 0.5349304613557766 0.6934910825907308 0.2739335517214313 0.15156468936981646
1 0.4870757707969382 0.9009950472629124 0.2753869243167696 0.148457870703362
1 0.9190623807784046 0.8748832492043697 0.09408236061443845 0.14478633601209054