1 0.29912232914485826 0.7736797682361114 0.10475350405718978 0.18517639342673622
1 0.20433020617510075 0.9175888499237501 0.10607054220663673 0.16482230015249968
1 0.27372508848034904 0.9262014369297222 0.10736030681713338 0.14759712614055545
1 0.395036621351495 0.6070936399113546 0.10952282467404081 0.18997299620027785
1 0.15495927192068784 0.7492220160519099 0.1079057775961401 0.18681162860909736
1 0.33844610755507254 0.9340145901401045 0.10242734496658024 0.13197081971979116
1 0.029687905440456835 0.7196228221883334 0.05937581088091367 0.18590243882958343
1 0.3716694849890569 0.7816208612260074 0.10626145697928902 0.1820877610179167
1 0.3201729890462467 0.5975354955346878 0.10952282467404081 0.18997299620027785
1 0.1255057767919518 0.911983068246441 0.10623418344033878 0.17603386350711786
1 0.019957462259237797 0.8929330356192015 0.03991492451847559 0.18226829255305574
1 0.06003078125617867 0.9041075781722568 0.10472623051823944 0.18361389342673604
1 0.24696731412732453 0.5825449687492016 0.10946827759614015 0.18684799620027787
1 0.12066173295716671 0.3857764586812154 0.10637055113509045 0.18833776101791672
1 0.042906700082725534 0.5487472777354168 0.08581340016545107 0.18811955547083342
1 0.1760235685915514 0.5722964933504863 0.10952282467404077 0.18997299620027785
1 0.07940984700176572 0.7341769378796529 0.1047807775961401 0.18673889342673622
1 0.27332308279501094 0.41590298261690994 0.1080148717519415 0.19306162860909737
1 0.09972016721157964 0.555670731382639 0.1032728246740408 0.18982752583555573
1 0.4183083003276068 0.4380351685967018 0.10637055113509053 0.18833776101791672
1 0.34192307833078406 0.42609690662885447 0.10952282467404081 0.18997299620027785
1 0.19697877110661363 0.40162097064906266 0.10639782467404083 0.1899002610179167
1 0.055460157265533175 0.36782458605604174 0.11092031453106635 0.196295731382639
1 0.0024044310080020633 0.5345204703647222 0.0048088620160041265 0.1877909407294444
1 0.016499933036596953 0.35278016109416666 0.032999866073193905 0.18993532218833337
1 0.007910542616969097 0.9869005879559027 0.015821085233938194 0.026198824088194426
1 0.22434051745646094 0.7594341238594445 0.10793305113509044 0.18837412860909736
1 0.045167665997058945 0.9931869555470833 0.08774546185055307 0.013626088905833455
1 0.11305459538020793 0.9987109101442361 0.079769320616851 0.0025781797115278947
0 0.0006646530048248534 0.4751091027735416 0.0013293060096497067 0.02834320554708327
1 0.06888895292539461 0.48617519576343754 0.046157979707460536 0.049492160144236054
0 0.2356307991130861 0.8738057483844793 0.036455697240056394 0.03052395459715278
0 0.16546830357731301 0.8635754567813543 0.02875229139585782 0.03659211664124982
0 0.09459274188891573 0.849420731382639 0.020803423701106105 0.028597778685347207