0 0.6671875 0.4140625 0.01484375 0.0265625
0 0.66015625 0.37578125 0.0234375 0.02734375
0 0.79296875 0.265625 0.01953125 0.025
0 0.62109375 0.07578125 0.02109375 0.0234375
0 0.9046875 0.5453125 0.015625 0.02421875
0 0.97421875 0.5296875 0.01953125 0.02421875
0 0.8390625 0.609375 0.015625 0.021875
0 0.92890625 0.71875 0.0171875 0.0203125
0 0.69453125 0.6390625 0.01953125 0.021875
0 0.68671875 0.58671875 0.01953125 0.0234375
0 0.7109375 0.76328125 0.01953125 0.0296875
0 0.93515625 0.2390625 0.01953125 0.025
0 0.78515625 0.21484375 0.01875 0.02109375
1 0.9546875 0.12109375 0.090625 0.171875
1 0.82421875 0.1484375 0.09765625 0.17734375
1 0.69765625 0.34609375 0.09609375 0.18515625
1 0.63125 0.36015625 0.09296875 0.18203125
1 0.9796875 0.459375 0.040625 0.18359375
1 0.95625 0.6484375 0.0875 0.1875
1 0.79375 0.50859375 0.1 0.18359375
1 0.60390625 0.1921875 0.09453125 0.1796875
1 0.9390625 0.47734375 0.0953125 0.18046875
1 0.8875 0.66328125 0.09453125 0.1828125
1 0.84453125 0.321875 0.09609375 0.178125
1 0.9671875 0.290625 0.065625 0.18359375
1 0.82265625 0.67890625 0.09765625 0.1828125
1 0.65078125 0.5375 0.0953125 0.18515625
1 0.86484375 0.4875 0.0921875 0.18515625
1 0.74921875 0.16015625 0.09765625 0.178125
1 0.909375 0.309375 0.09453125 0.17734375
1 0.6546875 0.046875 0.090625 0.09375
1 0.534375 0.2078125 0.09453125 0.1765625
1 0.5796875 0.5484375 0.09609375 0.1890625
1 0.5578125 0.3734375 0.0953125 0.1828125
1 0.72734375 0.52109375 0.096875 0.1875
1 0.87109375 0.028125 0.0828125 0.05625
1 0.7703125 0.3359375 0.09765625 0.17890625
1 0.9890625 0.1078125 0.021875 0.17578125
1 0.671875 0.70546875 0.09765625 0.184375
1 0.67734375 0.1828125 0.0953125 0.17890625
1 0.9484375 0.021875 0.078125 0.04375
1 0.5828125 0.05390625 0.08828125 0.1078125
1 0.7484375 0.690625 0.1 0.1859375
1 0.8875 0.134375 0.0953125 0.18046875
1 0.51484375 0.0609375 0.0859375 0.121875
1 0.7265625 0.0421875 0.0828125 0.084375
1 0.99375 0.6328125 0.0125 0.1796875
1 0.60078125 0.7265625 0.0953125 0.190625
1 0.7984375 0.0328125 0.084375 0.065625
1 0.9859375 0.01953125 0.028125 0.0390625