1 0.9102380955534961 0.10160551786308047 0.1795238088930077 0.10785452283992147
1 0.9128447734984629 0.5646001628201264 0.17431045300307418 0.10999023292582973
1 0.9109573473675947 0.1851583242855156 0.1780853052648105 0.10324890999505124
1 0.4859573473675948 0.0706975180902231 0.2281646947351897 0.10241675033868428
1 0.9118254213215448 0.46151610639769125 0.17634915735691054 0.10990834577069997
1 0.48899558964786455 0.42567494515944465 0.23312501324684387 0.11047491180407358
1 0.2608755018140985 0.056562017751538816 0.224876003628197 0.09756547602842476
1 0.7095585384745874 0.0870948812737776 0.23307044954451292 0.10891241180407354
1 0.4894172302993701 0.5270736708491851 0.23172620435383653 0.1150805246489437
1 0.7139360806621898 0.5474182276103046 0.23167164065150558 0.1135180246489437
1 0.7116418828469573 0.16908518769621272 0.23156251324684404 0.11039302464894378
1 0.7134325944571879 0.443675751920564 0.23156251324684404 0.11039302464894374
1 0.7177728979927178 0.6349591711878693 0.2301091406515056 0.11343613749381412
1 0.26419897549004673 0.5090319205105007 0.22692957694917482 0.11170986318355461
1 0.48801340988879927 0.1519065745126582 0.230000013246844 0.11031113749381402
1 0.48783986133222895 0.6158905093837959 0.22687501324684387 0.1101473631835546
1 0.4890650223173366 0.33833871946970406 0.23323414065150558 0.11359991180407354
1 0.9140092140148923 0.6536217192425615 0.17198157197021544 0.10999023292582973
1 0.26062505298737565 0.40668817051050077 0.22676588584218224 0.10702236318355456
1 0.7135293089778255 0.35712077623082344 0.23016370435383635 0.11499863749381412
1 0.2615302993591786 0.32095538839832516 0.22687501324684395 0.11014736318355452
1 0.9110788876562808 0.3756195499752561 0.1778422246874385 0.11295145861557021
1 0.07924109981466554 0.2147043091359686 0.13915675843752048 0.09931168249628841
1 0.07878968811176768 0.045459664178922714 0.14507937622353534 0.09026423111680743
1 0.26253976096940923 0.5955050090451115 0.2301091406515056 0.11343613749381412
1 0.9103596358421822 0.286597993552821 0.17928072831563568 0.10661957146044046
1 0.2620411869306413 0.13460513059640905 0.22676588584218216 0.10702236318355451
1 0.08146330952597962 0.12202216417892271 0.14557044954451306 0.10432673111680746
1 0.26165429573098153 0.23518166270858468 0.22692957694917473 0.11170986318355451
1 0.08429322068072331 0.49336489767057934 0.1378125132468439 0.10547979534115867
1 0.48927086424263583 0.2549087437799636 0.23167164065150558 0.11351802464894378
1 0.7121180872007937 0.2720464133859532 0.23000001324684388 0.11031113749381402
1 0.08029271224320281 0.40113645409301446 0.1345783858421822 0.10219102103089917
1 0.08240579454985517 0.3053293091359686 0.14255457694917478 0.10728795680654794
1 0.08419650616008581 0.5799198733603198 0.13150794954451306 0.10358974672063966
0 0.1782292152384277 0.3696175384437537 0.040044646641955416 0.03017217887824373
0 0.1858407854793625 0.09629954715018096 0.03999008293962456 0.028609678878243817