1 0.3256697024429273 0.5877025593631112 0.10052234656639661 0.21724945499752568
1 0.3103036058765307 0.8004891644060652 0.10030402274507902 0.2125619549975256
1 0.10427646939703812 0.17066662483065786 0.10015847353086733 0.2094369549975256
1 0.029224042494484653 0.3910853454320157 0.05844808498896931 0.2131418091359686
1 0.22302192969784831 0.8003873450933314 0.10044957195929075 0.2156869549975255
1 0.0889103728306415 0.383453229873612 0.10030402274507903 0.2125619549975256
1 0.056562175768906875 0.7935242706922148 0.09888707195929074 0.21560506784239591
1 0.39400651778718954 0.7937644516066237 0.10342902274507901 0.2127257293077852
1 0.4417208114153208 0.1709068057450666 0.10074067038771414 0.22193695499752558
1 0.339436911705771 0.3757790914752868 0.10044957195929075 0.2156869549975257
1 0.3551839979330854 0.17154529285476783 0.09881429735218497 0.21404256784239584
1 0.40581096671095096 0.590516620873929 0.10052234656639651 0.21724945499752552
1 0.42043220058090053 0.3769897094085397 0.1019392973521848 0.21420634215265535
1 0.4851216693587661 0.7952240530315331 0.10484597353086719 0.20968261646291494
1 0.45506633560814186 0.031378395522872755 0.09299232878371626 0.06275679104574551
1 0.13730275351916585 0.8002036386254678 0.0972517973521849 0.21396068068726598
1 0.5123286021524771 0.37840836725588434 0.10669957195929065 0.2160145036180446
1 0.25239067597379466 0.3873550785849881 0.11614734656639661 0.21806832654882316
1 0.07134607547845662 0.5932376656492607 0.10030402274507902 0.2125619549975255
1 0.033763897125906495 0.17928470827688595 0.06752779425181299 0.21289614767057935
1 0.18203759636150882 0.17438476707417028 0.0968879243166556 0.2061481806872661
1 0.5338270363939301 0.032435744855846514 0.09328342721213971 0.06487148971169303
1 0.23760677626424492 0.5876416836279421 0.10044957195929075 0.2156869549975255
1 0.5247152479330854 0.16266053652318974 0.10379289578060824 0.2205382293077851
1 0.012114586436711372 0.7930572812076645 0.024229172873422744 0.21701043758467103
1 0.03738868403656528 0.0357737256897405 0.06897263192686945 0.071547451379481
1 0.11625854673301235 0.03475345827688596 0.08935790653397531 0.06950691655377192
1 0.16581747518800638 0.38877481569468925 0.10052234656639661 0.2172494549975256
1 0.49558194210384504 0.5873706094539684 0.10357457195929065 0.215850729307785
1 0.369056061001036 0.03523373586650581 0.09626287799792799 0.07046747173301161
1 0.19736299751880063 0.035872222976207034 0.09902400496239876 0.07174444595241407
1 0.017589798595039174 0.5891100876300996 0.03517959719007835 0.2124048247398008
1 0.2670119098437442 0.17382816711959878 0.10001292431665565 0.20631195499752558
1 0.3023005531476623 0.9388523015611951 0.0929195541766104 0.08748006784239593
1 0.15263246278200954 0.5881982835825136 0.0971062481379732 0.210835680687266
1 0.6102161002904503 0.1675317429910534 0.0976156703877141 0.2217731806872661
1 0.28013911021524773 0.034401576210138854 0.09284677956950453 0.06880315242027771
1 0.5968127640631359 0.37164271087887774 0.09688792431665565 0.20614818068726617
1 0.4755197293263448 0.9344503273417926 0.10669095574818713 0.08196705223856356
1 0.568278771716131 0.8002180902320915 0.09703347353086737 0.209273180687266
1 0.21956082775476818 0.9416298207830719 0.09291955417661042 0.08748006784239593
1 0.003931751242854283 0.9471273055179239 0.007863502485708567 0.0901203889641522
1 0.052628038879638704 0.9449229963819554 0.09313787799792801 0.09216756784239592
1 0.6212542617868243 0.030924154512213465 0.09328342721213971 0.06184830902442693
1 0.5831911040145039 0.5804411787667021 0.09732457195929065 0.21552318068726617
1 0.3849311166298977 0.9384185323393183 0.0927012303552929 0.08279256784239593
1 0.12588360236187407 0.9449805500908571 0.09604455417661044 0.08764384215265508
1 0.5590043174156859 0.9324131145423509 0.09866013192686936 0.07687011646291494
0 0.5660401071148758 0.2961004782917323 0.03299659057054054 0.03913774310259503
0 0.5356353997140589 0.7146424383776406 0.03604881596343468 0.03773901741285464
0 0.3297345417706136 0.09884145522466822 0.03455909057054054 0.03921963025772479
0 0.12112344355158718 0.6623285023748492 0.04066354135632886 0.03642217887824373
0 0.5270458420227918 0.9325293012225109 0.035976041356328994 0.03617651741285464