1 0.7544242884608447 0.1322621116122623 0.13035539578060842 0.21772506249917617
1 0.9162543544242794 0.16540407386985248 0.1257406703877141 0.21920574188232517
1 0.8078598891610707 0.7255620982195816 0.12359597353086746 0.2066784683433749
1 0.7329497803935648 0.7120138413197228 0.1251584735308672 0.20670574188232535
1 0.9443226194161742 0.37749497078559735 0.11135476116765161 0.20352619480442452
1 0.8893110963569996 0.7452512609636391 0.12835624813797325 0.20832278896022594
1 0.8517127047102205 0.911667193593199 0.12410108767505648 0.15048301542127546
1 0.8422412355225793 0.5404370758984474 0.12337764970954979 0.20199096834337488
1 0.9212031435042967 0.5570421489509304 0.12181514970954979 0.20196369480442442
1 0.958251301695411 0.18096484416239195 0.08349739660917806 0.22496481818121908
1 0.8722261803125116 0.361643874194164 0.1235959735308672 0.2066784683433749
1 0.98298593610348 0.39546767492551266 0.03402812779304014 0.2070954797074606
1 0.7696384894515209 0.526066658690163 0.13311652274507893 0.20996710957707682
1 0.9489042464830888 0.7581819090972001 0.1021915070338224 0.2018273271096728
1 0.9215350531386439 0.916703521109909 0.11258139081820957 0.13779210064862327
1 0.9660767260120668 0.5700546177013422 0.0678465479758664 0.19689436525911966
1 0.8041289977236884 0.3432853863690287 0.12701207195929065 0.21298301542127546
1 0.7715521697640325 0.9029018940796665 0.12192215756743252 0.17074096834337488
1 0.7223331881703945 0.33298486039444636 0.1282834735308672 0.20676028896022575
1 0.8339855099247974 0.14494729789527017 0.1206892973521847 0.21131142126547414
1 0.6038955955329393 0.1093373593768536 0.12439649420903169 0.2186747187537072
1 0.6772795916039979 0.12109851502082898 0.12752149420903186 0.22392051542127547
1 0.5699508968140656 0.30124175690315413 0.11988877667402047 0.19412392126547412
1 0.5363144131490039 0.48557189245481336 0.12686652274507892 0.20985801542127547
1 0.5027507040910479 0.6714645280064724 0.12166960049533806 0.19883869480442443
1 0.4692597696401979 0.8589196635581317 0.12374152274507892 0.20980346834337488
1 0.44392162944116087 0.9696077475676633 0.0768193651776464 0.0403716298696164
1 0.6450429420993359 0.318696263803013 0.1200343258882322 0.19724892126547414
1 0.6129325711307212 0.5022178758157219 0.11720042431665548 0.20344437418757338
1 0.6864257291124385 0.518918406254531 0.12501292431665548 0.20358074188232517
1 0.5808949747692124 0.6873019878284307 0.1235959735308672 0.2066784683433749
1 0.6543517454473768 0.7032212682672399 0.12486737510244392 0.20045574188232518
1 0.5450239030148094 0.8740167836885153 0.12352319892376151 0.2051159683433749
1 0.6214601244787621 0.8867565170494238 0.12515847353086737 0.20670574188232527
1 0.5215200905660314 0.9737264573896216 0.08136131596343468 0.03732845048646709
1 0.6008266009051135 0.9809428936726292 0.08524829528527036 0.02022277110331814
1 0.6999489975142914 0.8932053401019069 0.1307535020669146 0.19275233603812653
1 0.5999361889944549 0.9786127804421045 0.08702911910658777 0.02493754464226896
0 0.7376713978475229 0.39370417208284364 0.05454625889134022 0.06496252678536125
0 0.8925066011145105 0.4277501152657103 0.041391287427387624 0.05068183847375849
0 0.6972070254311662 0.6328854488682049 0.03285104135632881 0.03492047077900686
0 0.6735962051245052 0.7638723961082613 0.031506865177646406 0.039580697240056396
0 0.7722990707164364 0.6503399557680638 0.02674659057054054 0.03793637662320535
0 0.7175046786553725 0.9679598782513537 0.029726041356328992 0.034865923701106284
0 0.7009718027288685 0.12615816193657386 0.07660965756743252 0.16995003571381498