1 0.45258779090794227 0.05587728523795177 0.17602895407749278 0.09309930262104182
1 0.3983499541439998 0.3884345588893059 0.18071645407749282 0.0932084053945835
1 0.42468644827150503 0.18187608757465315 0.1807164540774929 0.0932084053945835
1 0.9211378994460041 0.2348654153656605 0.14790395407749274 0.09244468597979179
1 0.27075511770926186 0.09855182845659746 0.17759145407749283 0.09313567021222238
1 0.43424931637647834 0.12190167553055593 0.17906302586424747 0.09004703780340292
1 0.7673453097125608 0.22737695763437565 0.17134145407749274 0.09299019984750015
1 0.4514715717867547 0.013635233851180933 0.1689318564264907 0.010177699847500143
1 0.7403184937983008 0.4307922451534381 0.17125052586424766 0.08986519984750015
1 0.7537397992877195 0.2919479507005215 0.1712959899708702 0.09142769984750014
1 0.08618858643473801 0.2889189892664237 0.15562552586424747 0.08950152393569458
1 0.42493884936686166 0.25380563896142394 0.17442098997087005 0.0915004350298613
1 0.24745269536851122 0.3083080349536113 0.18067098997087017 0.0916459053945835
1 0.7927497896543011 0.05284973631972288 0.16961381802583092 0.033615199847500145
1 0.27033992907117516 0.166556946047778 0.18071645407749282 0.0932084053945835
1 0.40639578635559576 0.32686127925402814 0.18062552586424746 0.09008340539458341
1 0.7886473113619135 0.08637075113736177 0.17442098997087002 0.09150043502986124
1 0.5668977141731297 0.4799168101235769 0.17593802586424748 0.08997430262104178
1 0.08132289317779787 0.36226557028847234 0.16264578635559573 0.08971972948277793
1 0.23361986441055654 0.38069152801975714 0.17750052586424747 0.09001067021222235
1 0.915231228754606 0.3035244963877091 0.15580738229073815 0.09575152393569457
1 0.5801826273426802 0.3457600156706602 0.17750052586424747 0.09001067021222235
1 0.6064963894168741 0.13998279435600747 0.17446645407749273 0.09306293502986125
1 0.7762178560307793 0.16425936179468814 0.17938127461060632 0.10098453780340293
1 0.22711380014564927 0.44308242524621555 0.18062552586424746 0.09008340539458355
1 0.11562734850893193 0.08321450313413205 0.16196645407749283 0.0927719943004168
1 0.5877881903539462 0.27244980223979215 0.17754598997087 0.09157317021222244
1 0.28100830760098966 0.041720600208090514 0.17860838479802066 0.07442203780340292
1 0.12429530634734845 0.02712815729444455 0.16078438730530312 0.05214699430041679
1 0.7228067333734596 0.4952723192416325 0.17906302586424747 0.09004703780340292
1 0.8934913064138555 0.5133170704759035 0.17593802586424728 0.08997430262104196
1 0.9311614202956864 0.10532338573038272 0.13540395407749273 0.09215374525034735
1 0.6230510550937072 0.02779191888104219 0.1694319615993402 0.027365199847500143
1 0.5705970271843958 0.4065156777147575 0.17759145407749272 0.09313567021222231
1 0.6154371318950268 0.07452144851631995 0.17598348997087002 0.0915368026210418
1 0.7491910401165194 0.36767464931375066 0.17446645407749273 0.0930629350298613
1 0.10657294576422263 0.15258209897381952 0.16196645407749286 0.09277199430041679
1 0.0768752539920329 0.4261644161281598 0.1537505079840658 0.08971972948277798
1 0.9376758447480082 0.06951317229951468 0.12255696159934004 0.026274172112083428
1 0.9008468168386965 0.44860060704503546 0.17593802586424728 0.08997430262104196
1 0.9257632149645524 0.1833756505480216 0.14201766693047446 0.10479921561506958
1 0.5968653251519669 0.20230095640010468 0.17759145407749272 0.09313567021222235
1 0.40096883729266786 0.45963741166284755 0.1791084899708702 0.09160953780340293
1 0.9082250593168493 0.38310289361416744 0.16527331050398358 0.09909472948277802
1 0.2526917763264659 0.23572452013597242 0.17593802586424748 0.08997430262104181
1 0.09767766739269268 0.21648094481350705 0.16196645407749283 0.09277199430041679
0 0.9654394804039587 0.16319109032753554 0.06230142319868044 0.04829333605604171
0 0.2637094958433649 0.1257501080918752 0.04787521034569906 0.03546602773541672