1 0.91796875 0.61875 0.06953125 0.165625
1 0.778125 0.6140625 0.07421875 0.16640625
1 0.85546875 0.45 0.071875 0.1640625
1 0.853125 0.93359375 0.075 0.1328125
1 0.91875 0.9296875 0.06875 0.140625
1 0.8546875 0.78359375 0.07578125 0.1671875
1 0.85234375 0.61171875 0.07109375 0.16953125
1 0.78203125 0.28984375 0.07109375 0.16953125
1 0.9734375 0.9296875 0.053125 0.140625
1 0.85234375 0.12109375 0.06875 0.16171875
1 0.778125 0.93515625 0.075 0.1296875
1 0.91953125 0.784375 0.06953125 0.1671875
1 0.91640625 0.1203125 0.06796875 0.1625
1 0.77734375 0.7828125 0.07421875 0.16640625
1 0.9703125 0.2828125 0.059375 0.16796875
1 0.853125 0.2890625 0.06875 0.16875
1 0.9703125 0.1171875 0.059375 0.1640625
1 0.7734375 0.1171875 0.0671875 0.159375
1 0.70859375 0.621875 0.06875 0.17265625
1 0.971875 0.6171875 0.05625 0.171875
1 0.915625 0.28515625 0.06640625 0.16484375
1 0.77265625 0.4546875 0.0703125 0.16484375
1 0.9703125 0.4515625 0.059375 0.16796875
1 0.91640625 0.45 0.0671875 0.165625
1 0.7046875 0.93359375 0.065625 0.1328125
1 0.71015625 0.44921875 0.06875 0.1640625
1 0.7078125 0.7890625 0.0671875 0.16015625
1 0.971875 0.775 0.05625 0.16796875
1 0.71171875 0.12578125 0.06953125 0.1640625
1 0.71015625 0.2828125 0.06953125 0.165625
1 0.9734375 0.021875 0.053125 0.04296875
1 0.9140625 0.01953125 0.065625 0.0390625
1 0.85234375 0.0203125 0.071875 0.040625
1 0.71015625 0.02109375 0.071875 0.0421875
1 0.77734375 0.0203125 0.06328125 0.040625
0 0.94375 0.228125 0.021875 0.03046875
0 0.94453125 0.5546875 0.02578125 0.03203125
0 0.8078125 0.71796875 0.02421875 0.02734375