1 0.73984375 0.9585616089996829 0.1703125 0.08287678200063411
1 0.75625 0.8849458830827999 0.1671875 0.12282442559888337
1 0.76953125 0.8020481739014029 0.1640625 0.11641065128862386
1 0.58046875 0.9430981826656305 0.1671875 0.11380363466873895
1 0.2078125 0.503859741632257 0.1515625 0.10950555404758582
1 0.18359375 0.5893092407277459 0.1546875 0.12373182835784532
1 0.88203125 0.9712497167561706 0.1421875 0.05750056648765885
1 0.1625 0.6858600141334941 0.159375 0.11928998982323477
1 0.5953125 0.8546365061044355 0.1703125 0.12455069990914289
1 0.353125 0.530225247059324 0.1625 0.11476626413349411
1 0.6328125 0.6784767978275494 0.1625 0.1178912641334943
1 0.1078125 0.930650213703953 0.1609375 0.08812187697836435
1 0.2671875 0.95768854788535 0.15625 0.08462290422930004
1 0.30625 0.7137061324054313 0.1671875 0.12126192559888338
1 0.4453125 0.8241190892119793 0.1640625 0.12266065128862387
1 0.65703125 0.5125585487320606 0.171875 0.11838258706427282
1 0.2921875 0.7934378980092636 0.16875 0.12134381275401314
1 0.0234375 0.9066970573269462 0.046875 0.08526911465389234
1 0.784375 0.7098573518751354 0.159375 0.11616498982323478
1 0.41875 0.9704806755988834 0.16875 0.05903864880223324
1 0.32734375 0.623405358999683 0.171875 0.12150758706427282
1 0.15 0.7633299168924561 0.159375 0.1192899898232346
1 0.07109375 0.47481961555840374 0.1421875 0.10276423111680746
1 0.2421875 0.34003625904511153 0.1546875 0.12060682835784542
1 0.28046875 0.8850112443457905 0.1671875 0.12126192559888338
1 0.09765625 0.3105866971956095 0.165625 0.12430503844375371
1 0.61015625 0.7733831840781681 0.1671875 0.12438692559888338
1 0.0484375 0.6587885018090223 0.096875 0.10820200361804452
1 0.9375 0.5624135430778512 0.125 0.11123847241038014
1 0.36953125 0.45686631218818635 0.165625 0.11493003844375375
1 0.68125 0.42398404963657177 0.1515625 0.10638055404758587
1 0.49765625 0.5612373089088261 0.159375 0.11772748982323478
1 0.4625 0.7367385979184066 0.1640625 0.12266065128862387
1 0.9015625 0.8253738885098668 0.1453125 0.1232405054270668
1 0.6421875 0.589124370758328 0.1671875 0.12126192559888338
1 0.228125 0.42836177464894376 0.1484375 0.11402927973732649
1 0.03359375 0.8283230738352897 0.0671875 0.10664614767057934
1 0.89140625 0.9107791220015236 0.14375 0.11378361827193721
1 0.81328125 0.5434035142450359 0.1640625 0.11953565128862387
1 0.56875 0.9853897026226764 0.165625 0.029220594754647066
1 0.4375 0.9151159034363305 0.1703125 0.1214256999091429
1 0.82421875 0.4494454743309442 0.1625 0.11476626413349425
1 0.94296875 0.4720751481208053 0.1140625 0.11066526232447202
1 0.38203125 0.3684589094292243 0.159375 0.10991498982323478
1 0.5109375 0.48146459972742883 0.15 0.11411116689245623
1 0.25546875 0.2610447998637144 0.159375 0.10835248982323469
1 0.8015625 0.6216956105815628 0.1671875 0.12126192559888338
1 0.13125 0.8545347710308991 0.1640625 0.12266065128862387
1 0.5359375 0.39918104420950484 0.184375 0.1159126843053107
1 0.95546875 0.39382399536184326 0.0890625 0.10779256784239592
1 0.1109375 0.2355014880142124 0.165625 0.11024253844375372
1 0.06015625 0.5679964054724954 0.1203125 0.11724281094499087
1 0.48515625 0.6535509616677879 0.159375 0.11616498982323478
1 0.53828125 0.3164913749421995 0.1984375 0.1228996687014785
1 0.9171875 0.7340052600611644 0.134375 0.10704229534115868
1 0.0390625 0.7356409288782438 0.078125 0.10253185775648763
1 0.93046875 0.6448575508797673 0.1328125 0.11789790818602892
1 0.08046875 0.39952968848918224 0.153125 0.12208744120271567
1 0.38203125 0.2856464094292243 0.1515625 0.1126305540475859
1 0.70703125 0.34955393769621274 0.1578125 0.12233310266810501
1 0.83828125 0.3744012087271119 0.175 0.11854636137453216
0 0.8859375 0.6714300169585693 0.0453125 0.03831222749876275
0 0.44609375 0.32337878278954413 0.0328125 0.04078213025772479
0 0.5265625 0.6908772212787264 0.0296875 0.03905585594746519
0 0.99375 0.6005177306625222 0.0125 0.03503009724103805