1 0.5684722231672245 0.18203125 0.13454875858420684 0.2984375
1 0.5902916392510527 0.46015625 0.1360748971478884 0.2921875
1 0.7043768651487516 0.45625 0.12978853571156995 0.2859375
1 0.8077028948101976 0.153125 0.1329498971478885 0.2921875
1 0.9178591448101976 0.153125 0.1360748971478884 0.2921875
1 0.4528744942444634 0.17734375 0.13768284894328656 0.3
1 0.677102334603543 0.17578125 0.13612034894328656 0.3
1 0.7152769619507389 0.73125 0.12978853571156995 0.2859375
1 0.9395957059006147 0.7140625 0.11415444535249045 0.284375
1 0.7242332845522294 0.9375 0.12566359621281223 0.1140625
1 0.93332402176461 0.44921875 0.12982489714788842 0.2921875
1 0.844251389643836 0.71953125 0.1360658067888089 0.290625
1 0.8309575458669108 0.453125 0.14544989714788842 0.2921875
1 0.6066468505144205 0.7375 0.13136012607064967 0.2875
1 0.49055772132051273 0.9515625 0.1302511022629364 0.096875
1 0.6148173779363711 0.94453125 0.13500223477649378 0.1078125
1 0.48699288066684565 0.75859375 0.1329498971478884 0.2921875
1 0.9430514622453267 0.92578125 0.10382495764913031 0.1203125
1 0.8477162363476275 0.9296875 0.13194995764913067 0.1203125
1 0.4675808470965748 0.46953125 0.13136921642972937 0.2890625
0 0.7708951819947055 0.83984375 0.039398843285945874 0.0578125
0 0.5468849893726896 0.93828125 0.040961343285945875 0.0578125
0 0.755362127347196 0.55546875 0.03627384328594587 0.0578125