1 0.604487099161602 0.7018184553610266 0.19922979534115867 0.13772964529089188
1 0.2716469436891065 0.6474169220795483 0.19437852103089917 0.1345228246740408
1 0.7905518311829205 0.865129158690163 0.1995573439616777 0.14397964529089186
1 0.4690253912234003 0.9669230783307841 0.1886397761192818 0.05480805113509035
1 0.4137348671402834 0.5385895726487412 0.1942966338757694 0.13296032467404081
1 0.9772153544771273 0.45188131615921473 0.04556929104574543 0.11367276217486459
1 0.5908163455435573 0.6050934598252534 0.1993935696514182 0.14085464529089187
1 0.7326176639517801 0.4907973603944463 0.19117163387576958 0.13290577759614006
1 0.28297394730715114 0.744182827923747 0.19314356965141818 0.14074555113509035
1 0.24993463873700944 0.47185386039115107 0.1894453595655099 0.12975350405718977
1 0.9954507773624772 0.6414932410781369 0.009098445275045464 0.11477161201270877
1 0.7811558197629598 0.7753672293070141 0.19922979534115867 0.13772964529089188
1 0.907159021652497 0.5627699975709586 0.18568195669500617 0.13603077759614007
1 0.1593051532091879 0.8612902816566251 0.12661781094499086 0.1224125624991764
1 0.6276766949323019 0.8906491302799487 0.2044086182719372 0.14718646590774256
1 0.11043612675122183 0.5853277995135326 0.16592597241038015 0.1277819009729347
1 0.6301299875599271 0.9523815170494239 0.1883055834462281 0.07821827759614024
1 0.7969932609656756 0.9283558616122622 0.18657930913596843 0.07506600405718977
1 0.17869364031888915 0.9477499330365969 0.11930327792830413 0.10199096834337489
1 0.4011729121427578 0.44810094034349285 0.20367163387576942 0.13312396590774286
1 0.7628385097224801 0.679505304388092 0.20260045680654795 0.14247169236879245
1 0.1289614767057933 0.6702385876629796 0.15811347241038015 0.1276455332781829
1 0.4276546042499846 0.6251446814150391 0.19446040818602892 0.13608532467404083
1 0.4638974779489887 0.9138389886392094 0.20136550542706697 0.14869441882984233
1 0.898041268090223 0.4691427284962352 0.19906602103089915 0.13460464529089186
1 0.9177573459400421 0.6546302151035546 0.16448530811991588 0.1376750982129913
1 0.9820566627085846 0.5479341558507892 0.03588667458283083 0.11515344155801355
1 0.881409288782438 0.3755972800383627 0.20367163387576923 0.13312396590774273
1 0.4517892243309441 0.817086719564486 0.1964323439616777 0.1439250982129912
1 0.7145869589542546 0.40040418547552414 0.18796474672063965 0.13128873051823936
1 0.9420059520568496 0.8988069090972001 0.11598809588630096 0.05752394805083547
1 0.6179940784693871 0.7954184508967996 0.1993935696514182 0.14085464529089187
1 0.43869500282507506 0.7164418372592378 0.18993668249628842 0.13912850405718977
1 0.14238656885844866 0.7622760831987527 0.14240658525525043 0.12581029788867965
1 0.5752112777011615 0.5162218745979058 0.1910078595655099 0.12978077759614007
1 0.9229483355939347 0.7513961209477532 0.1541033288121305 0.1439523717519414
1 0.10671358321908549 0.4993766627440575 0.16724281094499088 0.12312167451188501
1 0.26171534373453503 0.5623561294658745 0.19454229534115866 0.13764782467404083
1 0.30361507519002673 0.9291481631510946 0.20696040818602893 0.1363035129856435
1 0.7470287239922598 0.5867274691607443 0.2008741824962886 0.13931941882984217
1 0.2966037573476309 0.8401265734595201 0.1981586182719372 0.1470773717519414
1 0.30545421415417884 0.9791617999205698 0.1939071302577248 0.03616714529089151
1 0.9307918130926975 0.841144413561427 0.138416373814605 0.1421989569792892
1 0.5648702419709413 0.42334858198423203 0.18788285956551007 0.12972623051823948
1 0.9682204737671469 0.3622012073929167 0.06355905246570615 0.1138091298696164
0 0.6326486414505428 0.5378962771956937 0.040864017412854635 0.03505683847375849
0 0.7948244148562912 0.5139524423753831 0.04571529172311415 0.03826365909060954
0 0.4901070166198851 0.6529872633959759 0.04579717887824373 0.039826159090609534
0 0.5231430031637594 0.9401736176980471 0.04398901741285464 0.03511138555165942
0 0.9430084458368132 0.9093858989509304 0.049747694482076096 0.025845479707460584