1 0.2524192724990352 0.2696711088040398 0.27385870031656906 0.12344763212077385
1 0.5136977532987054 0.2798717688377437 0.27542120031656914 0.12345672247985347
1 0.5181111539983505 0.05748472619228664 0.2737223079967011 0.11496945238457328
1 0.0702048514119258 0.04995909338414172 0.11228470282385158 0.09991818676828344
1 0.5111373914619383 0.16502347365820386 0.2753757362099464 0.12189422247985346
1 0.07276521324869287 0.16444831938003662 0.12059730799670107 0.11786927693097135
1 0.7738085391920826 0.27679572405098735 0.26908027210332364 0.12029536104353493
1 0.06572325455234652 0.27153865671405414 0.10823370031656913 0.12248405405833437
1 0.772244724531464 0.061924702973748455 0.25970527210332384 0.12024081888905731
1 0.2548419273553155 0.16495179254726117 0.26912573620994645 0.12185786104353502
1 0.7676374440483629 0.17212640476914656 0.26604620031656906 0.1234021803253758
1 0.9502727846397361 0.06947306167959241 0.09945443072052776 0.11308178298109554
1 0.2460315655185485 0.05123524707313376 0.267063131037097 0.10247049414626752
1 0.94952027837153 0.18120544721821186 0.10095944325694006 0.11779655405833438
1 0.9446736539983505 0.23045146829545074 0.11065269200329908 0.23816359621281205
1 0.9533643438900784 0.28197306167959246 0.09327131221984324 0.11308178298109546
0 0.8736577750063177 0.24417814589035197 0.04001724623907634 0.03303975897699045
0 0.6139070387963712 0.1253564647794093 0.03992631802583091 0.029914758976990453