1 0.7710809241114385 0.62734375 0.24283415665497757 0.1265625
1 0.9090370714342205 0.825 0.09878414772652384 0.109375
1 0.738019413561427 0.91015625 0.24277960957707698 0.1234375
1 0.31175651704942386 0.5796875 0.24593188311602718 0.125
1 0.7710809241114385 0.62734375 0.24283415665497757 0.1265625
1 0.9090370714342205 0.825 0.09878414772652384 0.109375
1 0.738019413561427 0.91015625 0.24277960957707698 0.1234375
1 0.31175651704942386 0.5796875 0.24593188311602718 0.125
1 0.5087137431067317 0.88828125 0.24275233603812651 0.121875
1 0.900273951710874 0.92421875 0.09406937418757337 0.1078125
1 0.5205064054437522 0.79453125 0.24105346834337488 0.1140625
1 0.08852138880136534 0.83984375 0.17704277760273068 0.1234375
1 0.2793944358825613 0.8671875 0.2443421095770769 0.1234375
1 0.0916560714309252 0.746875 0.1833121428618504 0.11875
1 0.5308456619365739 0.69453125 0.2521000624991762 0.1203125
1 0.29125528206695755 0.76953125 0.23790119480442443 0.1125
1 0.10035100730689595 0.56015625 0.2007020146137919 0.1265625
1 0.9207751866933401 0.734375 0.09862050649282175 0.1
1 0.27892110309084567 0.9390625 0.24406937418757346 0.1078125
1 0.7616729220828435 0.71875 0.23962733603812653 0.121875
1 0.9293746651829847 0.64453125 0.10665119480442442 0.1125
1 0.09252882467733609 0.64453125 0.18505764935467217 0.1140625
1 0.5044023441623919 0.95625 0.24371481818121907 0.0875
1 0.7560893494373977 0.81484375 0.24256142126547414 0.1109375
1 0.07760147971075583 0.91640625 0.15520295942151166 0.1015625
1 0.7370375661592148 0.96640625 0.23711026217486442 0.0671875
1 0.3023757885597793 0.66953125 0.24428756249917621 0.1203125
1 0.5409258198093674 0.609375 0.25220915665497756 0.1265625
1 0.5465775763021892 0.509375 0.24256142126547414 0.1109375
1 0.9452099452147568 0.54296875 0.09234323295387128 0.0984375
1 0.8001895458633801 0.43671875 0.2568693831160271 0.125
1 0.8907392646170871 0.978125 0.09138865909060953 0.04375
1 0.3259202029253946 0.484375 0.2441784683433749 0.1140625
1 0.7883696099874091 0.53203125 0.2504830154212755 0.1171875
1 0.5569031960255357 0.41015625 0.24900233603812652 0.121875
1 0.9491764707823019 0.45 0.08779210064862326 0.10625
1 0.10671978409225716 0.45625 0.21343956818451432 0.125
1 0.32676172849293983 0.39140625 0.26487279788867957 0.1359375
1 0.11236799188562045 0.365625 0.22394778896022585 0.11875
0 0.9077160791448582 0.76640625 0.053670470779006864 0.03125
0 0.6909570474882332 0.65234375 0.04117047077900686 0.03125
0 0.4096736400191813 0.43046875 0.04432274431795715 0.0328125
0 0.04553149919251639 0.6140625 0.04426819724005646 0.0296875
0 0.3899417926169691 0.48671875 0.03174092370110611 0.028125