1 0.06940688103709695 0.10621792080199895 0.08256376207419391 0.20981595574818698
1 0.09785275910469303 0.5475706668730576 0.12914925705962899 0.255676419354257
1 0.13581313103709697 0.10931084160399789 0.12787626207419392 0.21192641935425688
1 0.045470590524866114 0.3024914532669877 0.06762072367353414 0.2325257096771284
1 0.04440951035833426 0.5341588302314584 0.06499582884638362 0.24956766046291676
1 0.11148203543115891 0.3188292367654336 0.12869461599340215 0.2400514193542569
1 0.08054455331134056 0.7839426604629167 0.12289925705962897 0.25538532092583355
1 0.03181153661829313 0.7715303976426352 0.02570600831327021 0.23993579528527037
1 0.07381248317393857 0.9279644882131757 0.09570495658477529 0.07155397642635145
0 0.03783656459411165 0.6836494079817174 0.037392351411925796 0.05167381596343468
0 0.09859793903379804 0.22460620181924557 0.05168217194503921 0.060141287427387446
0 0.05325096443582709 0.6235124286598819 0.030596782132453627 0.03263271753501122