0 0.4148884231356432 0.21789524310343644 0.04662202885594056 0.03829093262955983
0 0.9763740162420689 0.14861994846446303 0.04725196751586225 0.08527502678536121
1 0.5106175853866952 0.18339178368851536 0.30394843393541643 0.16302174593951496
1 0.797028800540305 0.21435186283007832 0.30394843393541643 0.16302174593951496
1 0.9625396947351896 0.22934779708449127 0.07492061052962065 0.13110572402541765
1 0.7878125463639537 0.3309899379111562 0.2990972428284239 0.1582524253226639
1 0.21722968393541647 0.15411693547222893 0.3071825613400782 0.16620129301741562
1 0.5006200812103441 0.3000434955390684 0.30394843393541643 0.16302174593951496
1 0.8124404910143254 0.09604219359319906 0.3071279976377472 0.16463879301741563
1 0.5192708443723699 0.07727092755807263 0.3055109339354164 0.15454185511614527
1 0.9729935558977825 0.11350460877288852 0.05401288820443497 0.13379434740221224
1 0.22796379809323425 0.06184543506519184 0.30592759618646853 0.12369087013038368
1 0.20960321161023066 0.27150898701435644 0.30718256134007815 0.16620129301741562
1 0.9567187698702659 0.34354666477924295 0.0865624602594682 0.13137845941492116