1 0.85546875 0.86796875 0.109375 0.075
1 0.378125 0.84765625 0.1203125 0.0765625
1 0.39140625 0.703125 0.11328125 0.075
1 0.86875 0.73046875 0.11171875 0.06875
1 0.0625 0.6296875 0.121875 0.07109375
1 0.06015625 0.69453125 0.1140625 0.07265625
1 0.40546875 0.57109375 0.1234375 0.07265625
1 0.26875 0.8484375 0.11953125 0.07734375
1 0.95625 0.94375 0.0875 0.07421875
1 0.615625 0.928125 0.12265625 0.0734375
1 0.37890625 0.9203125 0.12109375 0.07578125
1 0.27890625 0.70234375 0.11328125 0.07265625
1 0.2734375 0.7734375 0.11171875 0.07109375
1 0.9578125 0.6640625 0.084375 0.0703125
1 0.384375 0.77578125 0.11953125 0.06953125
1 0.409375 0.50625 0.12421875 0.06796875
1 0.728125 0.984375 0.125 0.03125
1 0.253125 0.97265625 0.11875 0.0546875
1 0.1625 0.77109375 0.10859375 0.07578125
1 0.8609375 0.7953125 0.11953125 0.0765625
1 0.7453125 0.72109375 0.125 0.07265625
1 0.73515625 0.9359375 0.121875 0.0765625
1 0.61875 0.859375 0.11953125 0.07578125
1 0.85 0.98828125 0.11875 0.0234375
1 0.953125 0.98984375 0.09375 0.0203125
1 0.259375 0.9140625 0.11796875 0.0734375
1 0.62734375 0.71640625 0.11640625 0.07578125
1 0.4984375 0.92421875 0.121875 0.075
1 0.8578125 0.94296875 0.12421875 0.07578125
1 0.87265625 0.65703125 0.11015625 0.07265625
1 0.75078125 0.653125 0.13046875 0.06953125
1 0.9578125 0.80078125 0.084375 0.0703125
1 0.4921875 0.98046875 0.121875 0.0390625
1 0.1390625 0.90859375 0.115625 0.07578125
1 0.52578125 0.51015625 0.11796875 0.07109375
1 0.959375 0.52734375 0.08125 0.0703125
1 0.6078125 0.98046875 0.128125 0.0390625
1 0.496875 0.8546875 0.1234375 0.07265625
1 0.959375 0.7328125 0.08125 0.07421875
1 0.9546875 0.875 0.090625 0.0703125
1 0.371875 0.9765625 0.125 0.046875
1 0.1875 0.49375 0.11796875 0.06875
1 0.16875 0.696875 0.109375 0.06796875
1 0.51953125 0.575 0.115625 0.071875
1 0.13125 0.97265625 0.125 0.0546875
1 0.1453125 0.84296875 0.115625 0.07421875
1 0.51796875 0.64609375 0.11796875 0.075
1 0.621875 0.57578125 0.115625 0.0703125
1 0.75078125 0.58125 0.13515625 0.07265625
1 0.296875 0.4984375 0.11171875 0.06875
1 0.05625 0.76796875 0.10625 0.0734375
1 0.959375 0.5921875 0.08125 0.07421875
1 0.17109375 0.63125 0.11015625 0.0734375
1 0.065625 0.559375 0.12734375 0.071875
1 0.6234375 0.78828125 0.11953125 0.07421875
1 0.28828125 0.63515625 0.11796875 0.071875
1 0.39453125 0.63828125 0.1125 0.06796875
1 0.04140625 0.90546875 0.08203125 0.07265625
1 0.6234375 0.65078125 0.11328125 0.07265625
1 0.51328125 0.70859375 0.12578125 0.07421875
1 0.7578125 0.51953125 0.13515625 0.07265625
1 0.7390625 0.86796875 0.1234375 0.07734375
1 0.29375 0.5671875 0.11015625 0.0734375
1 0.0375 0.9703125 0.075 0.05859375
1 0.18046875 0.5625 0.115625 0.07265625
1 0.875 0.58515625 0.1140625 0.0703125
1 0.50546875 0.78203125 0.1265625 0.07421875
1 0.74453125 0.7921875 0.11875 0.07265625
1 0.87578125 0.52421875 0.11171875 0.075
1 0.63515625 0.5125 0.1203125 0.07109375
1 0.06640625 0.490625 0.1328125 0.06875
1 0.0453125 0.83671875 0.090625 0.0765625
0 0.4375 0.66328125 0.0296875 0.03046875
0 0.56171875 0.59921875 0.0203125 0.02890625
0 0.67734375 0.60546875 0.021875 0.02734375
0 0.421875 0.8734375 0.0234375 0.03125
0 0.43359375 0.73203125 0.02890625 0.03359375
0 0.35625 0.66328125 0.02109375 0.02109375
0 0.71796875 0.91953125 0.0296875 0.0265625