1 0.49195637438043194 0.9980223004177418 0.13247830732694615 0.003955399164516394
1 0.7729993294894992 0.27889949908577893 0.19219630257724774 0.33525570357377177
1 0.7495752018337661 0.8722012411399325 0.19146596223361492 0.25559751772013506
1 0.8764618441888203 0.32147827132890033 0.19219630257724774 0.33525570357377177
1 0.5230912669626286 0.8527893841629849 0.18660804387082058 0.29442123167403017
1 0.913294622344267 0.6494560326976069 0.1254248824054315 0.3107066897336074
1 0.9530276662150875 0.3394735376405227 0.07904120533620969 0.31817167984777567
1 0.6460374440318501 0.8630689802655176 0.19064044662978255 0.2738620394689648
1 0.8511819674375986 0.8888422544858052 0.1415544934412793 0.22231549102838946
1 0.3799886408887753 0.9856377055509382 0.12729284034363308 0.02872458889812357
1 0.5373008469023538 0.23484711566423142 0.1904700282669884 0.3320670365775774
1 0.4753209888071819 0.536093939276497 0.19055191542211816 0.33362953657757755
1 0.40766766282418565 0.8394166215585495 0.19318559249133962 0.3211667568829011
1 0.8214689704898162 0.6089172629259434 0.19022436680159913 0.32737953657757757
1 0.5835495686353653 0.5624256290101043 0.1934312539567289 0.3290693705699663
1 0.648081216644629 0.27224363939022755 0.19195064111185864 0.33056820357377187
1 0.7067037856186785 0.5877996552075584 0.1885799796464694 0.325753369581383