1 0.5119586027539157 0.2183843924548133 0.3072681202169172 0.18034561363426665
1 0.4868545845053472 0.10242815584749394 0.3072499394987579 0.17722061363426667
1 0.22568021428842994 0.2819692000827255 0.3088124394987579 0.17724788717321696
1 0.5316029613615637 0.3328735864484589 0.3056692587805987 0.1740683400953163
1 0.4661562651253105 0.04017321225759015 0.292687469749379 0.0803464245151803
1 0.7420920512296639 0.011210640829960233 0.2939408975406721 0.022421281659920467
1 0.24533366325515765 0.39489589407637116 0.3119283491396784 0.1757399342511176
1 0.8045955546475095 0.27030185390162453 0.3056874394987581 0.1771933400953163
1 0.7818171056807819 0.15742970698587966 0.2962942587805987 0.17390469886161428
1 0.7589659338414172 0.06500779667415887 0.3039431323171655 0.13001559334831775
1 0.04378584055547134 0.32422270413991533 0.08757168111094268 0.13905459172016937
1 0.052056882808144925 0.43735394967568847 0.10411376561628985 0.14404210064862308
1 0.2052682412194013 0.16514989285855514 0.3009908491396784 0.17554901947846524
1 0.03319377420049682 0.20800736891256771 0.06638754840099365 0.14336026217486458
1 0.02007160548439013 0.12855169399364558 0.04014321096878026 0.09289661201270882
1 0.18072730435292197 0.08668001948176056 0.2960397287263694 0.13015469886161424
0 0.06912971155795546 0.47062041720828435 0.05964771077238853 0.047911394480112966