1 0.63359375 0.1904411163920652 0.1359375 0.18916745776545088
1 0.853125 0.6151548771271704 0.1390625 0.1909119682887946
1 0.93984375 0.5796353351043828 0.1203125 0.19450740514873247
1 0.72890625 0.15442104543008242 0.1359375 0.18760495776545083
1 0.96015625 0.7401710167026487 0.0796875 0.19057876834526422
1 0.78125 0.028424047707982493 0.134375 0.056848095415964986
1 0.546875 0.22205440841485286 0.1265625 0.18705892619541978
1 0.45625 0.5859264635918201 0.1375 0.19238346302712267
1 0.30859375 0.04062021081980981 0.1015625 0.07779034200867019
1 0.33671875 0.14132586610971654 0.1265625 0.17612142619541976
1 0.9328125 0.24020110878190612 0.0984375 0.1760458314853265
1 0.578125 0.7116405531814158 0.134375 0.185951452503779
1 0.68828125 0.04994970818897389 0.1390625 0.09989941637794778
1 0.90703125 0.4284214455994916 0.1390625 0.19247446828879458
1 0.59296875 0.06596111603912935 0.1359375 0.1319222320782587
1 0.80703125 0.80065203234649 0.1375 0.19082096302712265
1 0.85078125 0.014293658273678489 0.1078125 0.028587316547356977
1 0.58984375 0.371114263718877 0.1359375 0.18604245776545092
1 0.890625 0.7778145008470461 0.1375 0.19238346302712267
1 0.821875 0.11541248236060739 0.1359375 0.18916745776545082
1 0.4171875 0.10382659513361632 0.140625 0.18319047355046642
1 0.98671875 0.5558114272542273 0.0265625 0.17810958944842134
1 0.759375 0.6487401928274814 0.134375 0.193763952503779
1 0.509375 0.08154024889634355 0.1265625 0.1630804977926871
1 0.9609375 0.39715676407181283 0.078125 0.1795502630835924
1 0.453125 0.25407722411516376 0.1375 0.19082096302712268
1 0.2171875 0.07172526862761298 0.0984375 0.08073333148532649
1 0.865625 0.2761455850337956 0.1359375 0.1891674577654509
1 0.53515625 0.8844556978773918 0.1265625 0.17612142619541976
1 0.67109375 0.6796632401119409 0.1359375 0.1891674577654509
1 0.8140625 0.46430500866896657 0.140625 0.19412797355046646
1 0.53828125 0.555367437354048 0.134375 0.195326452503779
1 0.76875 0.3005379112574502 0.1421875 0.18796897881213823
1 0.628125 0.5227908848079167 0.1328125 0.18898544724210709
1 0.48203125 0.004492265996777056 0.0921875 0.008984531993554113
1 0.4171875 0.4350765951336163 0.1375 0.19550846302712271
1 0.496875 0.741372826788352 0.1328125 0.18898544724210709
1 0.36171875 0.621901031922967 0.13125 0.19670694198043534
1 0.6765625 0.3301259716960893 0.13125 0.18264444198043533
1 0.71796875 0.4964643322617853 0.1359375 0.1891674577654509
1 0.3890625 0.0218120567394403 0.103125 0.0436241134788806
1 0.89375 0.08712457803318278 0.0984375 0.17424915606636557
1 0.2453125 0.1763371739175197 0.1234375 0.18531441567207607
1 0.40234375 0.7789098951194988 0.1296875 0.1841159367187636
1 0.278125 0.30880106342241087 0.1234375 0.1743769156720761
1 0.62265625 0.8590469032237682 0.13125 0.17951944198043535
1 0.71171875 0.8319846033084728 0.1359375 0.18447995776545092
1 0.3734375 0.2774684924604281 0.134375 0.184388952503779
1 0.49375 0.4001485873116957 0.13125 0.18264444198043533
1 0.43984375 0.9032882688393744 0.1359375 0.1501049577654509
1 0.32265625 0.4687074134647632 0.134375 0.206263952503779
0 0.72109375 0.7603448217384416 0.04375 0.05254814732681172
0 0.7140625 0.38419184541596496 0.0625 0.06457771046687392
0 0.66484375 0.9081522611586281 0.040625 0.05080363680346807
0 0.3234375 0.3577244108339272 0.0296875 0.03454159997176518
0 0.53984375 0.4521514320923762 0.0421875 0.0383946420651398