1 0.05703125 0.0328125 0.07265625 0.06484375
1 0.2796875 0.93515625 0.071875 0.1296875
1 0.0140625 0.296875 0.028125 0.1640625
1 0.015625 0.45703125 0.03125 0.1640625
1 0.40234375 0.14375 0.06875 0.15390625
1 0.075 0.9375 0.06875 0.125
1 0.278125 0.7984375 0.07265625 0.1703125
1 0.34453125 0.79375 0.07109375 0.16328125
1 0.0734375 0.79453125 0.071875 0.16640625
1 0.1390625 0.9390625 0.071875 0.12109375
1 0.20546875 0.46171875 0.0703125 0.1671875
1 0.4125 0.93515625 0.075 0.1296875
1 0.47265625 0.46171875 0.0703125 0.16484375
1 0.13046875 0.45859375 0.071875 0.16640625
1 0.265625 0.29921875 0.0671875 0.165625
1 0.203125 0.29921875 0.071875 0.1671875
1 0.0171875 0.796875 0.034375 0.171875
1 0.39921875 0.0359375 0.06640625 0.071875
1 0.0125 0.134375 0.025 0.15234375
1 0.40703125 0.30078125 0.06875 0.1609375
1 0.20703125 0.63125 0.0703125 0.16953125
1 0.2703125 0.6296875 0.0703125 0.17109375
1 0.01875 0.94140625 0.0375 0.1171875
1 0.3453125 0.9390625 0.071875 0.12109375
1 0.06796875 0.4578125 0.06953125 0.16484375
1 0.33828125 0.4609375 0.07109375 0.16953125
1 0.20859375 0.79609375 0.0703125 0.1671875
1 0.19609375 0.1390625 0.06875 0.1484375
1 0.278125 0.4625 0.06953125 0.16796875
1 0.0125 0.62890625 0.025 0.171875
1 0.46953125 0.3015625 0.06953125 0.16484375
1 0.4796875 0.9390625 0.065625 0.12109375
1 0.0125 0.03125 0.025 0.0625
1 0.128125 0.2984375 0.06953125 0.1640625
1 0.4078125 0.46171875 0.06796875 0.16484375
1 0.06796875 0.63125 0.071875 0.1703125
1 0.13515625 0.78984375 0.07109375 0.16796875
1 0.3328125 0.29453125 0.06953125 0.1671875
1 0.209375 0.9390625 0.06875 0.12109375
1 0.4125 0.78984375 0.08203125 0.16796875
1 0.12578125 0.1390625 0.06796875 0.15390625
1 0.32890625 0.14296875 0.0671875 0.14765625
1 0.47734375 0.63203125 0.06953125 0.17109375
1 0.06328125 0.1359375 0.06875 0.15625
1 0.47890625 0.8 0.06875 0.171875
1 0.12421875 0.03359375 0.06953125 0.0671875
1 0.34140625 0.63125 0.06875 0.1703125
1 0.328125 0.0328125 0.06875 0.065625
1 0.13359375 0.63125 0.0703125 0.17109375
1 0.06640625 0.2984375 0.0703125 0.1640625
1 0.196875 0.0359375 0.06796875 0.071875
1 0.26953125 0.134375 0.06875 0.1484375
1 0.41171875 0.6328125 0.0703125 0.171875
1 0.46015625 0.03515625 0.07109375 0.0703125
1 0.465625 0.1421875 0.06796875 0.14921875
1 0.26484375 0.0359375 0.07421875 0.07109375
0 0.1515625 0.08671875 0.02265625 0.03203125
0 0.21328125 0.81328125 0.02109375 0.02578125