1 0.1015625 0.9546875 0.071875 0.08984375
1 0.1 0.49609375 0.07109375 0.1625
1 0.36875 0.5 0.06875 0.1625
1 0.096875 0.1703125 0.06875 0.1578125
1 0.30390625 0.49453125 0.0703125 0.165625
1 0.1671875 0.9546875 0.071875 0.08984375
1 0.3796875 0.95703125 0.071875 0.0859375
1 0.4375 0.95078125 0.075 0.0984375
1 0.0296875 0.48828125 0.059375 0.1640625
1 0.29765625 0.046875 0.0703125 0.09296875
1 0.16875 0.6625 0.0703125 0.171875
1 0.30859375 0.66171875 0.06875 0.16875
1 0.30078125 0.17421875 0.0703125 0.1625
1 0.10234375 0.66015625 0.0734375 0.1703125
1 0.22734375 0.16796875 0.0703125 0.1625
1 0.1046875 0.83125 0.07109375 0.16953125
1 0.16328125 0.49140625 0.0671875 0.1671875
1 0.028125 0.1640625 0.05625 0.1640625
1 0.4375 0.83359375 0.071875 0.16796875
1 0.22890625 0.66171875 0.07265625 0.171875
1 0.028125 0.04296875 0.05625 0.0859375
1 0.22578125 0.04609375 0.06875 0.09140625
1 0.03125 0.66015625 0.0625 0.171875
1 0.4296875 0.04921875 0.06953125 0.0984375
1 0.22421875 0.49140625 0.06953125 0.1671875
1 0.1671875 0.83203125 0.0703125 0.16875
1 0.0328125 0.9546875 0.065625 0.08984375
1 0.2390625 0.9546875 0.071875 0.08984375
1 0.37265625 0.665625 0.06796875 0.1703125
1 0.43359375 0.66484375 0.06953125 0.171875
1 0.309375 0.9546875 0.06875 0.08984375
1 0.2296875 0.83359375 0.0734375 0.1703125
1 0.375 0.83125 0.071875 0.16953125
1 0.43359375 0.33515625 0.06796875 0.16953125
1 0.303125 0.33203125 0.06796875 0.16484375
1 0.3625 0.17734375 0.06796875 0.15859375
1 0.0296875 0.3296875 0.059375 0.16796875
1 0.0328125 0.83203125 0.065625 0.1640625
1 0.23125 0.33046875 0.06875 0.1640625
1 0.31015625 0.8328125 0.06953125 0.1703125
1 0.4375 0.49921875 0.0671875 0.1625
1 0.1 0.32890625 0.071875 0.165625
1 0.365625 0.328125 0.0671875 0.1671875
1 0.09453125 0.0453125 0.06640625 0.090625
1 0.1625 0.32890625 0.0703125 0.165625
1 0.159375 0.171875 0.06875 0.15703125
1 0.1546875 0.0453125 0.071875 0.090625
1 0.43046875 0.17890625 0.06953125 0.15703125
1 0.3578125 0.04765625 0.07109375 0.0953125
1 0.39140625 0.04921875 0.128125 0.0984375
0 0.059375 0.38359375 0.02109375 0.03203125
0 0.3421875 0.1171875 0.02890625 0.0359375
0 0.421875 0.115625 0.01875 0.0265625