1 0.398530928125 0 0.18212081093750002 0.0352209109375 0.20665519062499998 0.107399428125 0.4357006859375 0.039600415625 0.4261730703125 0 0.398530928125 0
1 0.460641996875 0.12577921875 0.43591275781250005 0.032930753125000004 0.20680565624999997 0.100076275 0.2349706703125 0.1936925984375 0.460641996875 0.12577921875
1 0.4838038171875 0.210920609375 0.46085407343749996 0.1191095546875 0.22558034531249999 0.1832776140625 0.2539917859375 0.2795078890625 0.4838038171875 0.210920609375
1 0.507855384375 0.29658070312499996 0.48803338281249997 0.202270065625 0.25242436874999996 0.27180080625 0.27709200156249997 0.3639957859375 0.507855384375 0.29658070312499996
1 0.5308939875 0.38041511250000004 0.509415703125 0.2863740359375 0.2803702078125 0.354173046875 0.3075222640625 0.44596368281250004 0.5308939875 0.38041511250000004
1 0.5538709875000001 0.46359603437499997 0.5282519984375 0.3702288625 0.3033472109375 0.43735396875 0.32795323593750003 0.5288954609375 0.5538709875000001 0.46359603437499997
1 0.40930318281250005 0 0.42211514687499996 0.047119590625 0.5761774734375 0 0.40930318281250005 0
1 0.5375964703125 0 0.4161605953125 0.0374724625 0.44622831874999996 0.1334331765625 0.6734327109375 0.06394325937499999 0.6569885609375 0 0.5375964703125 0
1 0.6982508140625 0.14881508593749998 0.6704210859375 0.0498360765625 0.43582503125 0.12119250781249999 0.466967321875 0.21963239531249998 0.6982508140625 0.14881508593749998
1 0.7161973609375 0.232151203125 0.692357865625 0.13982144375 0.46809639687500004 0.2048513078125 0.49212070937499997 0.2991415328125 0.7161973609375 0.232151203125
1 0.7442048078125 0.31517693125 0.7169911484375 0.22273280468749998 0.48724072500000004 0.2919735734375 0.51611066875 0.3841481375 0.7442048078125 0.31517693125
1 0.764574171875 0.39745521875 0.7416244265625 0.305644165625 0.5101561203125 0.37450100937499997 0.541633696875 0.46757820937499994 0.764574171875 0.39745521875
1 0.9679976234375 0.3320491421875 0.9669058484375 0.32046820781249996 0.9491998718750001 0.242002934375 0.7269643218749999 0.31068416875 0.752980203125 0.3993421453125 0.9679976234375 0.3320491421875
1 0.950952109375 0.25167048125 0.9273590468749999 0.161954675 0.7057052140625 0.227887175 0.7267522468750001 0.31735383281249996 0.950952109375 0.25167048125
1 0.92576963125 0.16685795781249999 0.90128681875 0.07662344374999999 0.6796945875 0.14320943125000002 0.7111721640625001 0.23628663125 0.92576963125 0.16685795781249999
1 0.8469836765625001 0 0.6524536734375 0.0593954375 0.68500581875 0.15495180625 0.9026078109375 0.0817165703125 0.88294730625 0 0.8469836765625001 0
1 0.640361271875 0 0.6572104453125001 0.0652564171875 0.8817799468749999 0.003493996875 0.8808450953125 0 0.640361271875 0
1 0.8698818859375 0 0.893621475 0.0845061359375 0.9433796843750001 0.0709158546875 0.9366942 0 0.8698818859375 0
1 0.9426121078125 0.06277385156250001 0.8872084265625 0.0789147140625 0.9128890171874999 0.17293537812499998 0.9519370484375 0.161687578125 0.9426121078125 0.06277385156250001
0 0.46044519437564746 0.01912728723472204 0.05040241439185813 0.03825457446944408