1 0.89609375 0.2965825848518924 0.1875 0.11483069279472176
1 0.3921875 0.19249475923770704 0.2078125 0.12167172618081659
1 0.89609375 0.2965825848518924 0.1875 0.11483069279472176
1 0.8796875 0.3619037079714305 0.1890625 0.11018865690134447
1 0.98671875 0.31972691666777686 0.0265625 0.08514788981258566
1 0.73125 0.2630977981005852 0.1859375 0.11478522868809904
1 0.98046875 0.3831900230942676 0.0390625 0.08082410266556703
1 0.23515625 0.0939389019532865 0.184375 0.11630226458147637
1 0.26171875 0.008459706189063878 0.1828125 0.016919412378127757
1 0.44453125 0.01983982389832569 0.1796875 0.03967964779665138
1 0.22109375 0.1630980789128906 0.2 0.12456940564770318
1 0.91953125 0.15215062325255216 0.1609375 0.1124953029821362
1 0.9109375 0.21880692583897693 0.178125 0.11455790815498564
1 0.3765625 0.26169940030393385 0.1921875 0.11184208511458973
1 0.409375 0.12558840406485755 0.190625 0.1133591210079671
1 0.7796875 0.05621966079528212 0.1890625 0.0976886569013444
1 0.090625 0.20673808181588452 0.0859375 0.09000052586424748
1 0.7140625 0.3284416532734348 0.18125 0.10683633636823106
1 0.57578125 0.153558976709542 0.1859375 0.11634772868809903
1 0.7484375 0.18759769292773573 0.190625 0.1180466210079671
1 0.76484375 0.1183703198081976 0.1859375 0.11322272868809904
1 0.6078125 0.037788190353946274 0.18125 0.07557638070789255
1 0.20234375 0.2316123981923628 0.184375 0.11473976458147642
1 0.25 0.043084758775488625 0.19375 0.08616951755097725
1 0.54375 0.294334740895307 0.1859375 0.11009772868809904
1 0.4296875 0.05841659059137312 0.190625 0.11683318118274624
1 0.93046875 0.09323862450619338 0.1390625 0.09779630548941862
1 0.10234375 0.1360846010162144 0.0796875 0.09606866943775674
1 0.11796875 0.06766120994998757 0.078125 0.08821070533113404
1 0.13125 0.022073576801319567 0.075 0.044147153602639135
0 0.78046875 0.2960406787419708 0.046875 0.03573892319868044
1 0.59765625 0.08573497921682446 0.19375 0.12438754922121245
1 0.56171875 0.22662440366914613 0.1984375 0.1260864415410805