1 0.359375 0.59296875 0.0765625 0.1875
1 0.28359375 0.5953125 0.07890625 0.18515625
1 0.28125 0.4171875 0.08046875 0.184375
1 0.2078125 0.42109375 0.08046875 0.184375
1 0.0125 0.428125 0.025 0.18359375
1 0.13125 0.4234375 0.07890625 0.18671875
1 0.13984375 0.6015625 0.08046875 0.18359375
1 0.05546875 0.42578125 0.0796875 0.184375
1 0.3484375 0.415625 0.0765625 0.1828125
1 0.215625 0.59765625 0.078125 0.1828125
1 0.3375 0.06640625 0.075 0.1328125
1 0.12421875 0.23515625 0.08125 0.1921875
1 0.009375 0.24375 0.01875 0.18359375
1 0.053125 0.24140625 0.0796875 0.184375
1 0.071875 0.79375 0.08203125 0.18515625
1 0.009375 0.078125 0.01875 0.15625
1 0.365625 0.778125 0.07734375 0.18359375
1 0.01875 0.79296875 0.0375 0.1875
1 0.20390625 0.23359375 0.08359375 0.19140625
1 0.06171875 0.6046875 0.078125 0.1828125
1 0.0171875 0.6078125 0.034375 0.17578125
1 0.34609375 0.228125 0.0734375 0.184375
1 0.22421875 0.9375 0.07734375 0.12421875
1 0.27578125 0.2296875 0.08125 0.1859375
1 0.04375 0.078125 0.08125 0.15625
1 0.14140625 0.7875 0.08203125 0.18125
1 0.2609375 0.0703125 0.078125 0.140625
1 0.1953125 0.071875 0.078125 0.14375
1 0.1484375 0.94140625 0.08125 0.1171875
1 0.1203125 0.07421875 0.078125 0.1484375
1 0.30234375 0.9375 0.078125 0.12421875
1 0.0203125 0.94375 0.040625 0.10546875
1 0.075 0.94375 0.08046875 0.1125
1 0.3734375 0.93515625 0.078125 0.1296875
1 0.290625 0.78203125 0.0796875 0.18046875
1 0.21640625 0.7828125 0.08359375 0.17890625
0 0.12421875 0.36484375 0.03515625 0.03359375
0 0.23671875 0.0296875 0.02265625 0.04140625