1 0.9517359940018894 0.6496327555426679 0.09652801199622126 0.21362648801421233
1 0.9720999017764644 0.8086016417932864 0.05580019644707122 0.15951884215265544
1 0.6553981294456701 0.016186085482393014 0.10142125889134021 0.03237217096478603
1 0.800402530188677 0.28619545454729967 0.1223973465663966 0.21839587516934217
1 0.9213443846129566 0.46154957937795754 0.11429374813797324 0.2117364393936933
1 0.9450642510334571 0.07070374887037588 0.04161822745980857 0.14140749774075176
1 0.9652012766740204 0.4405100610605919 0.06959744665195906 0.21708568068726602
1 0.6459162373846062 0.31543697648271 0.12076207195929065 0.21675148801421235
1 0.9908434396181367 0.6292483344663402 0.018313120763726688 0.20393722749876275
1 0.7228574571959291 0.003365180914408719 0.09258991439185812 0.006730361828817438
1 0.7569670916039979 0.10055057977241263 0.12225179735218497 0.20110115954482527
1 0.48936017638357027 0.36749852272837985 0.12588621960192584 0.2263721494796016
1 0.8500515814698033 0.47781638851392616 0.11443929735218497 0.21486143939369332
1 0.925165167282833 0.8294331201965605 0.10691358767505647 0.15367827792830405
1 0.45711694892376153 0.1796643300553261 0.1255951211735024 0.2201221494796016
1 0.8793986714211716 0.26717545963568234 0.12603176881613792 0.2294971494796016
1 0.5707364549196174 0.34913694708406784 0.11443929735218497 0.2148614393936934
1 0.9095270113725394 0.08039965343836017 0.11414819892376152 0.16079930687672034
1 0.8909249462331651 0.6659814518337661 0.1192723465663967 0.21823210085908257
1 0.6142082808078497 0.5426479296712132 0.10655402274507893 0.21288950361804454
1 0.6872626370941559 0.5137582898025501 0.11985454342324342 0.23073210085908258
1 0.7702378029337562 0.4960960770031084 0.1081165227450791 0.21297139077317442
1 0.7265112659206535 0.2971163444159629 0.12410539578060842 0.22160276232447185
1 0.6875642741928211 0.11668189394099307 0.1226156703877141 0.22308337516934212
1 0.8363634931755743 0.0960777637390391 0.1192723465663967 0.1921555274780782
1 0.5368474141824612 0.5631485374277009 0.12425094499482014 0.22472776232447184
1 0.84762236413968 0.8460274779530481 0.11323636228216216 0.15556832654882308
1 0.42275044933804623 0.04218808175077709 0.10011562406898662 0.08437616350155418
1 0.49664171360606985 0.033479806083750854 0.09015842721213971 0.06695961216750171
1 0.5820636765884579 0.7604838828597167 0.13169957195929066 0.21732469810012062
1 0.6133051761741732 0.9099958819552054 0.10716614474715094 0.12563516508343398
1 0.6632580186067406 0.7382160572154046 0.1172731989237615 0.208775213703953
1 0.6939002047102205 0.8916752498884584 0.0963014193542568 0.1266244549975255
1 0.7382023606250232 0.7162757801916116 0.12679374813797323 0.21239153663473154
1 0.7666099586391619 0.8722015535973601 0.10604029238978611 0.13492827792830403
1 0.8138187907326472 0.6919508095902538 0.12515847353086745 0.2107471494796016
1 0.5319157417278324 0.15459905303153312 0.11400264970954979 0.20548643939369335
1 0.5697517278740936 0.02468798224846119 0.10200345574818712 0.04937596449692238
1 0.6052248091390091 0.13117816316286993 0.12174237510244393 0.20433337516934214
1 0.9485434887299042 0.23914895692214885 0.10291302254019144 0.20359639077317437
0 0.5258754493380462 0.025015530868980194 0.03663101282028158 0.05003106173796039
0 0.6784717564101408 0.006981503845187231 0.04131851282028158 0.013963007690374462
0 0.48619017286891353 0.23217849841812033 0.04288101282028158 0.050566566033373485
0 0.5642959021907491 0.21085569708406782 0.038411836641599174 0.0550084045679843
0 0.5804153618678776 0.27109715626546493 0.0346318651776464 0.04078213025772479
0 0.7672497359368642 0.36468230269284885 0.033578787427387444 0.051637743102595036
0 0.6526565047530017 0.5946707751032291 0.03514128742738727 0.051719630257724705
0 0.7349959698068137 0.5801745058813521 0.03128854135632882 0.03593085594746519
0 0.6987267917661044 0.7935276769576799 0.03982878742738745 0.05196529172311415