1 0.896875 0.54375 0.071875 0.16484375
1 0.89765625 0.71796875 0.07265625 0.171875
1 0.89609375 0.21484375 0.06953125 0.16015625
1 0.82421875 0.5453125 0.0734375 0.165625
1 0.82421875 0.215625 0.07421875 0.1609375
1 0.9640625 0.7109375 0.071875 0.171875
1 0.834375 0.71328125 0.06953125 0.175
1 0.896875 0.98203125 0.06875 0.0359375
1 0.7578125 0.21484375 0.06875 0.16015625
1 0.7578125 0.984375 0.071875 0.03125
1 0.9625 0.98203125 0.06875 0.0359375
1 0.9609375 0.53984375 0.071875 0.1671875
1 0.996875 0.2171875 0.00625 0.16015625
1 0.8296875 0.88359375 0.07421875 0.16875
1 0.89765625 0.88203125 0.071875 0.16796875
1 0.89609375 0.3765625 0.0703125 0.16796875
1 0.965625 0.2125 0.06875 0.16015625
1 0.965625 0.88125 0.06875 0.16796875
1 0.834375 0.984375 0.06875 0.03125
1 0.7578125 0.7203125 0.06953125 0.171875
1 0.825 0.3765625 0.07421875 0.16953125
1 0.75703125 0.546875 0.0703125 0.16875
1 0.76015625 0.8859375 0.0703125 0.16171875
1 0.89453125 0.06796875 0.0703125 0.1359375
1 0.82578125 0.0671875 0.071875 0.134375
1 0.6875 0.54453125 0.0703125 0.17421875
1 0.6890625 0.2140625 0.0703125 0.16328125
1 0.6875 0.72109375 0.0703125 0.17109375
1 0.759375 0.07109375 0.071875 0.1359375
1 0.684375 0.984375 0.06875 0.03125
1 0.965625 0.375 0.06875 0.171875
1 0.9875 0.06640625 0.025 0.1328125
1 0.7578125 0.3765625 0.06953125 0.16953125
1 0.6875 0.0671875 0.071875 0.134375
1 0.68671875 0.8859375 0.06953125 0.165625
1 0.9609375 0.06640625 0.078125 0.1328125
1 0.68515625 0.3765625 0.0765625 0.16953125
0 0.7828125 0.31796875 0.02109375 0.0375
0 0.78046875 0.81328125 0.02265625 0.0296875
0 0.9203125 0.321875 0.01484375 0.025
0 0.8515625 0.48125 0.02265625 0.028125
0 0.9203125 0.48359375 0.02109375 0.021875
0 0.91953125 0.6515625 0.01796875 0.01953125
0 0.85390625 0.81796875 0.0171875 0.02109375
0 0.9890625 0.81875 0.021875 0.02734375