1 0.20771305000795418 0.06944379805469211 0.08337612133990877 0.05277751922187686
1 0.05288557276413188 0.7203025339211979 0.0630465346912716 0.1844435990500603
1 0.03129983207349662 0.542716444482076 0.052018128023544365 0.17605788896415203
1 0.24090319342772296 0.707513686114333 0.10063744135899881 0.19422139077317446
1 0.14922838800922683 0.07574802973732643 0.07710794000636331 0.050887470601357856
1 0.2703287061186764 0.8878529613291036 0.10063744135899881 0.19422139077317446
1 0.04960329471672497 0.3711247274987628 0.09280676002545338 0.1922494549975256
1 0.022148267345635797 0.09173047659425165 0.04273294000636334 0.049085953188503305
1 0.0807031321212217 0.8966536719808389 0.056741990690635256 0.17942855042954128
1 0.014492498050588581 0.3731885165083434 0.022439716024817036 0.18387703301668673
1 0.41224348611549466 0.871867192445911 0.10221812269254431 0.19586577792830404
1 0.28023294000636334 0.06153280076822558 0.07710794000636341 0.05088747060135783
1 0.25942319004613423 0.3532322998637144 0.10374426002545337 0.1928226650834338
1 0.37977478942549575 0.6983953929208809 0.10061926002545345 0.19265889077317447
1 0.1939527313812705 0.36307428934826486 0.10534312269254427 0.19602955223856355
1 0.07343278807286027 0.5402398976705793 0.10058289735836248 0.18953389077317445
1 0.31112478675999566 0.7033861080951718 0.10686926002545345 0.19298643939369348
1 0.19776336278640358 0.8918577086155702 0.1037260786919079 0.19126016508343396
1 0.1330105194541308 0.8962718916776854 0.1005828973583625 0.18953389077317412
1 0.1043753474299501 0.7167548100404797 0.1005828973583625 0.18953389077317445
1 0.06814202001113585 0.08555239767057934 0.07870680267345423 0.05409435775648759
1 0.16755660009545018 0.7114774898232348 0.10219994135899882 0.19430327792830404
1 0.32573853337840697 0.3489000039567289 0.09902039735836254 0.18945200361804454
1 0.2130492714035422 0.528037548054692 0.10374426002545337 0.192822665083434
1 0.035057894692862426 0.19468838025772478 0.06775221602481704 0.1862517605154496
1 0.23004313068904442 0.1767992746489438 0.1037260786919079 0.19126016508343388
1 0.293206202020999 0.16995945443169874 0.10058289735836246 0.18953389077317437
1 0.3460190494509491 0.8840119883528967 0.11161130402608972 0.19791960085908258
1 0.28962086207031495 0.5328312686560499 0.10532494135899881 0.19446705223856356
1 0.10524060280072112 0.9893424609904194 0.047165901336727115 0.02131507801916115
1 0.13892142807126945 0.531960408186029 0.10216357869190791 0.19117827792830405
1 0.11118568471513413 0.362640520126388 0.1005828973583625 0.18953389077317437
1 0.22386333346590298 0.9809434627994417 0.09117044000636332 0.03811307440111662
1 0.16295562802354438 0.18187187697836443 0.10058289735836246 0.18953389077317437
1 0.3542646174013151 0.5190420855939347 0.09903857869190791 0.19101450361804453
1 0.08337721602481704 0.1870706320667471 0.10056471602481705 0.18797139077317437
1 0.429232086131403 0.9777542650380052 0.08980793467536326 0.044491469923989516
1 0.3613269707988121 0.9813805540475858 0.09436816534054512 0.03723889190482836
1 0.1528423088000848 0.985391945386587 0.08633748933799978 0.029216109226825892
1 0.2918502647994484 0.9844303109449909 0.0801965773392725 0.031139378110018257
1 0.32694288013203937 0.9789615609449909 0.1506363466740906 0.042076878110018257
0 0.12032213800922684 0.07423311736742602 0.03319430800445433 0.034532130257724794
0 0.3701099827736769 0.8071971828349728 0.026980670671545238 0.03732958163720577
0 0.39500198945731246 0.933425490161919 0.03175907733927241 0.04538774310259512
0 0.2550244020130449 0.10940041270858467 0.027017033338636143 0.04045458163720578
0 0.30685272071927033 0.40334516451760705 0.031722714672181594 0.04226274310259508
0 0.333925392743451 0.582780358999683 0.025472714672181596 0.041935194482076096
0 0.3137117953930427 0.45601646313812605 0.02699885200509069 0.03889208163720568
0 0.12006617146717566 0.9883122274987628 0.03626476400381802 0.023375545002474497
0 0.35772706675681404 0.6824052227490645 0.03808180267345422 0.05196529172311397