1 0.3553225495288146 0.962477696549288 0.11232143992586625 0.07504460690142381
1 0.5504464995366638 0.5459226906436564 0.11973712504240908 0.16648315027015242
1 0.23035222122887747 0.2951934820286507 0.1147768065307547 0.15850695916315996
1 0.807138020672874 0.9403385902384276 0.11077878729346118 0.11932281952314483
1 0.7007019929980599 0.8266146738534335 0.11984625244707062 0.16960815027015244
1 0.533874135463664 0.9554861412844777 0.1083432680561673 0.08902771743104446
1 0.6296950669520098 0.9504687864288208 0.11497521397248338 0.09906242714235844
1 0.1855011228497923 0.9737028840280836 0.09571429328391079 0.05259423194383288
1 0.05188500316486091 0.6143452421954517 0.06354168874473987 0.1660813569862416
1 0.7853671696770823 0.8155258956304652 0.11984625244707062 0.16960815027015244
1 0.49169645979613213 0.24891871587139985 0.12119049763774718 0.16341271397248336
1 0.4073859471822603 0.2701637440943682 0.11795637023308561 0.16017858656782166
1 0.6095337789407586 0.3833433342903869 0.11650299763774719 0.16324902286549073
1 0.10915186614155234 0.6007390991816933 0.10863593393541641 0.16141370435383653
1 0.3131350164117048 0.7217857530800428 0.11165180653075471 0.15839783175849825
1 0.2594817044386545 0.4366642194147789 0.10841767912609299 0.15516370435383653
1 0.729124571043543 0.5232912664117049 0.12458831614940173 0.1713343413771451
1 0.7620163942797027 0.2138815500769688 0.11962799763774737 0.16335815027015246
1 0.3172247386520726 0.2802802993591786 0.11159724282842394 0.15683533175849815
1 0.9029862340123852 0.9384598763083535 0.11546628729346117 0.12308024738329308
1 0.7010392326616228 0.36703134272790744 0.12286212504240908 0.16659227767481416
1 0.6454513984560539 0.09354671350914717 0.11902779691210785 0.14617065027015247
1 0.34169400371301506 0.4223685956383143 0.10847224282842385 0.15672620435383652
1 0.37709326805616733 0.11772822485707454 0.11159724282842384 0.1568353317584982
1 0.4602580091553107 0.5552579959084667 0.11326887023308566 0.160014895460829
1 0.39796388419771966 0.7153844748570746 0.11041668874473984 0.1677182680561673
1 0.724112111795565 0.08927093047685539 0.11697422359113005 0.13205358656782162
1 0.5210169159640671 0.3958582032575282 0.11644843393541641 0.16168652286549073
1 0.5794320727728236 0.2363765650530932 0.11962799763774719 0.16335815027015246
1 0.7192114347380246 0.9453559450940847 0.11993553248413757 0.10928810981183049
1 0.8764733193142625 0.8101241222168202 0.12146331614940138 0.1712252139724832
1 0.09290190588208411 0.8951240162420688 0.08476192431676959 0.14809524881887343
1 0.6066345344678721 0.8365948198624167 0.11650299763774719 0.1632490228654908
1 0.449690108421822 0.9594816713215447 0.10796132213985139 0.08103665735691053
1 0.46418404028868593 0.10906504218760246 0.11655756134007814 0.16481152286549078
1 0.8491965127835078 0.6546727303841882 0.11650299763774719 0.1632490228654909
1 0.0824479784852716 0.4616939573490614 0.10992561542376218 0.1536557680561673
1 0.5797396738534334 0.6920809280297847 0.11332343393541641 0.161577395460829
1 0.8183135566155727 0.5076786792957291 0.12582343393541642 0.16201390507947586
1 0.13297629045832196 0.7467063636096636 0.10545637023308556 0.1597420769491748
1 0.2688493361893035 0.9680357265863551 0.10714286660488845 0.06392854682728988
1 0.6426240758528664 0.5265129809323423 0.12615081614940174 0.17138890507947585
1 0.7573363949974928 0.6608284719466677 0.11968256134007813 0.16492065027015243
1 0.43319945743387944 0.40605660407583477 0.11655756134007814 0.16481152286549086
1 0.6703274683184706 0.6718354046161398 0.11650299763774719 0.1632490228654909
1 0.21658739862568996 0.7277778035355299 0.10836311542376213 0.15360120435383634
1 0.3399480314726473 0.863955894912675 0.11337799763774728 0.16313989546082902
1 0.14498764010335147 0.30859872840045355 0.11326887023308556 0.160014895460829
1 0.10525062765911575 0.9786706370233086 0.08121528366526398 0.04265872595338287
1 0.48639890162091487 0.7005258558899333 0.11644843393541641 0.16168652286549073
1 0.249032854793625 0.8748264183263199 0.11332343393541641 0.161577395460829
1 0.28561509618646846 0.13482146641955406 0.11326887023308556 0.16001489546082906
1 0.6726637176006804 0.2248066371929446 0.11962799763774737 0.16335815027015246
1 0.06029518157316373 0.3189062566234219 0.10389387023308558 0.15968751324684388
1 0.7936533185964724 0.3601216330165934 0.11951887023308565 0.16023315027015245
1 0.11895587504240901 0.16645586841898705 0.11623017912609299 0.15543652286549073
1 0.5127580488958424 0.8520437158713999 0.12280756134007831 0.16502977767481405
1 0.5502480258607156 0.09334332766696496 0.11612105172143128 0.15231152286549077
1 0.43169902185400044 0.8546751533501954 0.11326887023308566 0.160014895460829
1 0.2893924376484315 0.5781622386520726 0.11951887023308565 0.16023315027015245
1 0.43559275961864685 0.027695991099143346 0.1008730192372937 0.02849207694917477
1 0.035845796996925895 0.4678695462791357 0.044191488019100444 0.14823909255827136
1 0.17088299590846678 0.4468353383819202 0.11025299763774728 0.16303076805616729
1 0.36627239617861923 0.56758189191745 0.11472224282842385 0.15694445916315977
1 0.15671886922159525 0.8903298780376339 0.1132688702330856 0.160014895460829
1 0.20100448320977704 0.1474727446425224 0.10712799763774727 0.16292164065150566
1 0.04032244355406329 0.17151290145127882 0.07387898801910045 0.14927580290255765
1 0.3546974236837974 0.03501492857793884 0.10583333774894799 0.03646826805616734
1 0.07094008192813422 0.7578050655164293 0.07042660580511531 0.13979167549789615
1 0.029853680307219372 0.07282986479078998 0.05763393992586622 0.08628472958157996
1 0.17898066106992566 0.053067980214552134 0.09889385698624165 0.06119544954451306
1 0.19476198392756722 0.5943651028098904 0.10523811542376219 0.15349207694917483
1 0.27226686960011337 0.043060552354403495 0.09840278366526398 0.04713294954451306
1 0.09816717068857253 0.06273066769334763 0.09615080290255765 0.07202382213985134
0 0.21529024953666384 0.5342187764936879 0.03272321996293313 0.04327877404661713
0 0.24588296279135696 0.20366074645662097 0.032395837748947984 0.03390377404661713
0 0.4683209910991433 0.4509797236759482 0.03606647477225664 0.049637901451278846
0 0.344714854708807 0.5535640319359835 0.036974210344286274 0.03094246515360961
0 0.06704120017748524 0.22160467068857254 0.04662202885594055 0.03908234736759475