1 0.9501446496588077 0.44757077184062644 0.07106055239490842 0.25021060015828456
1 0.9412139545251741 0.1879828231734099 0.11069605536065766 0.26540970282385157
1 0.8427301031953986 0.6707475105578553 0.1590062213682689 0.26369409012915457
1 0.9107797662372604 0.6859345898664573 0.11168555239490843 0.25139266693047413
1 0.9023438196207518 0.4333551591459295 0.15913355536065765 0.2668190901291547
1 0.8494098902300866 0.8898241194916284 0.10843853558899426 0.17170516693047447
1 0.7834811427015446 0.8800375940230925 0.1578310405319101 0.19655205423577735
1 0.7450884406478285 0.6540804992750842 0.16044138737588032 0.2606145542357773
1 0.8740092084795066 0.17121051181149652 0.15913355536065774 0.2668190901291547
1 0.50141540061021 0.850789329375109 0.15887888737588013 0.2605690901291549
1 0.8126738245636677 0.412554577330045 0.16225855536065775 0.2669100183424
1 0.5587808675298547 0.6111214241231172 0.1589425543720747 0.2621315901291547
1 0.7694317964262282 0.15240433900852748 0.15913355536065782 0.26681909012915467
1 0.6788213838786581 0.13553273924595433 0.15913355536065782 0.26681909012915467
1 0.5899048976444604 0.8622603752976161 0.15817855041774181 0.24338159012915464
1 0.6948643116749053 0.8716915481005852 0.15872237847863158 0.21842705423577727
1 0.6492957795831332 0.6303367738856904 0.1589425543720747 0.2621315901291547
1 0.616863917453305 0.3729932868178142 0.16063238836446345 0.26530205423577746
1 0.7065975795065835 0.3922313686336986 0.16056872136826889 0.26373955423577744
0 0.8530919416364118 0.6462559759181191 0.09836851581733086 0.07777331050398359