1 0.17613925501727795 0.8182224657559753 0.12527320851668772 0.201847307996701
1 0.17566979794628396 0.23218567735531553 0.13008804250907646 0.20510870031656916
1 0.47150349315427986 0.770633378067596 0.13027904349765967 0.20979620031656906
1 0.36468983007523714 0.3898487278301692 0.1318415434976597 0.2098416644231918
1 0.4885623646756482 0.5573210358268703 0.1318415434976597 0.2098416644231918
1 0.313108789543327 0.19638823284473417 0.1268357085166877 0.20189277210332374
1 0.46330244912514756 0.16720450118713423 0.1317778765014653 0.20827916442319178
1 0.45022269524517694 0.9309414261016743 0.12167336463846716 0.13811714779665146
1 0.40410774612002937 0.7827181894295094 0.1318415434976597 0.2098416644231918
1 0.5415467377170724 0.746920744918928 0.1317778765014653 0.20827916442319178
1 0.43661390961900165 0.3739940587881239 0.13015170950527094 0.20667120031656916
1 0.09736838441013068 0.24473348997087013 0.12514587452429893 0.1987223079967011
1 0.4326188404181794 0.04614184342785999 0.09336268083635879 0.0698244181841155
1 0.5107225716722802 0.3543013359060126 0.1334040434976597 0.2098871285298145
1 0.343279039580508 0.5921099098043383 0.12689937551288216 0.20345527210332381
1 0.2013926285158127 0.6145124440483629 0.12846187551288207 0.20350073620994635
1 0.044340179390665126 0.4562189077592743 0.05939354053191015 0.19368781551854855
1 0.14875842395345767 0.43350648495630517 0.12846187551288207 0.20350073620994652
1 0.32864483110100134 0.7883256802583094 0.12846187551288218 0.20350073620994635
1 0.08220759391540158 0.44717652837153 0.1270267095052709 0.2065802721033237
1 0.5986774412908442 0.9143509711662517 0.12476387254713259 0.17129805766749656
1 0.05363297186256057 0.2629690129321237 0.0940232085166877 0.20093802586424747
1 0.3904061185927999 0.17834893817586822 0.13015170950527094 0.2066712003165691
1 0.2518740840667509 0.8001377069804867 0.13015170950527094 0.20667120031656908
1 0.277509459542452 0.6058026852728744 0.13008804250907655 0.20510870031656908
1 0.5261803587813303 0.9171660826073073 0.1291330375661605 0.16566783478538555
1 0.419635951139495 0.570141633082161 0.12858920950527092 0.20662573620994634
1 0.22621492049341657 0.4193734402874393 0.1283982085166877 0.20193823620994653
1 0.34888051038012335 0.05931178167023521 0.09186384783255316 0.07134145407749282
1 0.25143646049385404 0.21488216857982692 0.13015170950527094 0.20667120031656916
1 0.28017693133065047 0.07760112892552591 0.09993101581733085 0.07781877461060623
1 0.5644881947137044 0.5439237770513816 0.13346771049385406 0.2114496285298145
1 0.6173452337627398 0.7303984861434394 0.13171420950527093 0.20671666442319178
1 0.12506755045492293 0.6372619707705403 0.12533687551288208 0.20340980799670091
1 0.3055468652071209 0.9444296130904082 0.12352502471457942 0.11114077381918364
1 0.30041908304098663 0.402024467405328 0.13190521049385406 0.2114041644231918
1 0.22062551779449713 0.09069451082055267 0.0936173488211364 0.0760744181841155
1 0.06681210969555132 0.1267958322115959 0.09224584980971957 0.08071645407749281
1 0.22930270018809282 0.9511282424781526 0.12288835475263546 0.09774351504369463
1 0.6706651878308032 0.9060102795919176 0.12807987353571573 0.18797944081616472
1 0.12333258999824992 0.8244891861308042 0.09995487353571578 0.19330738229073816
1 0.1449225222431214 0.1095605195960413 0.09530718281352515 0.0792448822907382
1 0.023076697147981214 0.14503135517284949 0.03762201680591397 0.08068771034569897
1 0.07388705243208929 0.6451366552519918 0.10333454152049333 0.1996483105039836
1 0.17483803467477319 0.9559832270387464 0.09744268577927473 0.08803354592250727
1 0.37928811273566293 0.9338247337026641 0.11979252965749518 0.13235053259467194