1 0.1875 0.71875 0.125 0.07578125
1 0.9671875 0.96640625 0.065625 0.0671875
1 0.96875 0.890625 0.0625 0.078125
1 0.40625 0.875 0.1203125 0.075
1 0.63671875 0.95859375 0.121875 0.075
1 0.2828125 0.9359375 0.12578125 0.07734375
1 0.0578125 0.92578125 0.10859375 0.071875
1 0.871875 0.96484375 0.125 0.0703125
1 0.875 0.89453125 0.121875 0.0765625
1 0.178125 0.79296875 0.12265625 0.0734375
1 0.88203125 0.82109375 0.12421875 0.0765625
1 0.753125 0.99375 0.125 0.01171875
1 0.5125 0.98984375 0.125 0.0203125
1 0.5390625 0.6671875 0.12421875 0.0734375
1 0.3 0.7921875 0.11953125 0.0765625
1 0.884375 0.74765625 0.12578125 0.075
1 0.54375 0.59609375 0.121875 0.0734375
1 0.653125 0.671875 0.11484375 0.075
1 0.625 0.9921875 0.11875 0.015625
1 0.16796875 0.92734375 0.1203125 0.071875
1 0.7515625 0.9609375 0.121875 0.078125
1 0.4328125 0.59296875 0.10703125 0.07421875
1 0.89140625 0.60625 0.12109375 0.07421875
1 0.4171875 0.7328125 0.12109375 0.07109375
1 0.3953125 0.98828125 0.121875 0.0234375
1 0.0625 0.646875 0.125 0.07421875
1 0.771875 0.60390625 0.11171875 0.07109375
1 0.86875 0.99765625 0.125 0.0046875
1 0.39765625 0.940625 0.1203125 0.078125
1 0.76953125 0.67421875 0.11640625 0.07109375
1 0.6421875 0.8828125 0.11875 0.07578125
1 0.5390625 0.73671875 0.121875 0.07265625
1 0.55078125 0.53046875 0.128125 0.06875
1 0.30546875 0.72890625 0.11953125 0.06875
1 0.88671875 0.6796875 0.1140625 0.06953125
1 0.2921875 0.8703125 0.1203125 0.0765625
1 0.765625 0.7484375 0.11796875 0.075
1 0.5203125 0.9453125 0.11953125 0.07734375
1 0.528125 0.8046875 0.12109375 0.071875
1 0.7578125 0.88828125 0.12109375 0.07421875
1 0.76328125 0.8140625 0.11875 0.078125
1 0.6515625 0.7421875 0.1125 0.0765625
1 0.65078125 0.8078125 0.1171875 0.07578125
1 0.96875 0.68125 0.0625 0.07421875
1 0.1546875 0.98203125 0.128125 0.0359375
1 0.5234375 0.8796875 0.11875 0.07578125
1 0.44296875 0.52734375 0.103125 0.06796875
1 0.33125 0.525 0.1328125 0.07265625
1 0.9703125 0.75625 0.059375 0.07421875
1 0.77421875 0.53984375 0.1140625 0.06953125
1 0.89140625 0.54453125 0.12421875 0.071875
1 0.96875 0.821875 0.0625 0.07421875
1 0.4125 0.79921875 0.11796875 0.07421875
1 0.19296875 0.65390625 0.12890625 0.06875
1 0.0640625 0.71640625 0.128125 0.07578125
1 0.9734375 0.5484375 0.053125 0.07421875
1 0.31171875 0.6578125 0.109375 0.0734375
1 0.06328125 0.8609375 0.11953125 0.07421875
1 0.275 0.98203125 0.11875 0.0359375
1 0.1734375 0.86484375 0.1203125 0.0765625
1 0.06640625 0.78671875 0.12421875 0.075
1 0.66875 0.534375 0.1125 0.06875
1 0.0484375 0.978125 0.096875 0.04296875
1 0.65859375 0.5984375 0.115625 0.0671875
1 0.328125 0.58671875 0.12890625 0.07109375
1 0.971875 0.6109375 0.05625 0.07421875
1 0.19453125 0.58125 0.11875 0.06953125
1 0.4203125 0.659375 0.125 0.0734375
1 0.20546875 0.51015625 0.13046875 0.0671875
1 0.0671875 0.578125 0.134375 0.06796875
1 0.06953125 0.5140625 0.13828125 0.065625
0 0.93046875 0.7 0.03046875 0.0265625
0 0.2640625 0.6046875 0.02734375 0.0265625
0 0.1359375 0.67890625 0.0296875 0.02109375
0 0.9234375 0.92265625 0.021875 0.0234375
0 0.846875 0.7015625 0.025 0.03203125
0 0.9265625 0.77734375 0.02578125 0.03203125
0 0.3375 0.82109375 0.02265625 0.0328125
0 0.4390625 0.6453125 0.02890625 0.03828125
0 0.434375 0.96640625 0.02578125 0.02734375
0 0.2484375 0.5421875 0.03203125 0.03671875