1 0.496875 0.0234375 0.09375 0.046875
1 0.953125 0.1640625 0.09375 0.2265625
1 0.596875 0.025 0.09375 0.05
1 0.9515625 0.61875 0.0921875 0.225
1 0.59453125 0.6203125 0.0953125 0.22578125
1 0.4953125 0.165625 0.096875 0.2296875
1 0.49140625 0.61875 0.09453125 0.22578125
1 0.4921875 0.8421875 0.09609375 0.2296875
1 0.5984375 0.16640625 0.09296875 0.2296875
1 0.953125 0.39296875 0.09140625 0.22734375
1 0.8671875 0.61953125 0.09140625 0.225
1 0.49375 0.39140625 0.09765625 0.225
1 0.409375 0.1640625 0.09296875 0.2296875
1 0.95078125 0.8421875 0.09375 0.22890625
1 0.684375 0.165625 0.09453125 0.22734375
1 0.59453125 0.84296875 0.0953125 0.228125
1 0.4046875 0.61640625 0.09609375 0.22890625
1 0.9546875 0.025 0.090625 0.05
1 0.684375 0.0234375 0.09375 0.046875
1 0.5953125 0.390625 0.09375 0.2296875
1 0.40625 0.3890625 0.09375 0.22109375
1 0.68125 0.6203125 0.0953125 0.225
1 0.68203125 0.390625 0.09375 0.2296875
1 0.4109375 0.0234375 0.090625 0.046875
1 0.86640625 0.84375 0.09296875 0.228125
1 0.68046875 0.84375 0.0953125 0.228125
1 0.76953125 0.16484375 0.096875 0.22265625
1 0.86953125 0.16484375 0.09140625 0.22265625
1 0.40546875 0.8453125 0.0953125 0.2296875
1 0.771875 0.0234375 0.09375 0.046875
1 0.86875 0.390625 0.0921875 0.228125
1 0.7671875 0.390625 0.0953125 0.22890625
1 0.76484375 0.61953125 0.0953125 0.225
1 0.86875 0.025 0.09375 0.05
1 0.76484375 0.84375 0.09453125 0.228125
1 0.4953125 0.98046875 0.096875 0.03828125
1 0.9984375 0.9765625 0.003125 0.0390625
1 0.76796875 0.98125 0.09609375 0.0359375
1 0.953125 0.978125 0.09375 0.03515625
1 0.4046875 0.98046875 0.0953125 0.03828125
1 0.6765625 0.98203125 0.09765625 0.034375
1 0.584375 0.98125 0.09609375 0.0359375
1 0.8640625 0.98203125 0.096875 0.034375
0 0.52734375 0.921875 0.03203125 0.0421875
0 0.809375 0.2453125 0.025 0.0390625
0 0.9015625 0.25 0.02578125 0.0359375