1 0.9517935165443353 0.3415145934680547 0.07181514970954979 0.2014547036472223
1 0.9213311129058439 0.5263987397445826 0.1154196004953377 0.19934799620027804
1 0.746975545699555 0.11450207105097158 0.11781685442427943 0.18379573138263897
1 0.5678123147250896 0.4425394181249301 0.12635710049533805 0.19960256933854179
1 0.8619753835840085 0.5106113920050339 0.12635710049533805 0.19960256933854179
1 0.805913666463282 0.6921893535360409 0.1278468258882321 0.19807643692972227
1 0.6971103246498871 0.28032774601284666 0.12130572745980875 0.19168096656500014
1 0.7840152034763846 0.4921354553596521 0.12323210049533806 0.19952983415618064
1 0.9480628567005912 0.1535242841974992 0.09557798138875029 0.17547408510611118
1 0.6729216155919312 0.09593521542763832 0.1207963052100677 0.18074346656500012
1 0.6814123184491432 0.8519481728745827 0.12791960049533807 0.1996389369297223
1 0.8789145188206469 0.6998550767505548 0.12621155128112632 0.1964775693385418
1 0.75706513586032 0.8696974109067355 0.1296276497095498 0.20280030452090267
1 0.7325318244449993 0.6759480641171174 0.1231593258882322 0.19796733415618065
1 0.5937625769261986 0.6393773973233675 0.12494014970954978 0.20269120174736113
1 0.8259050270928144 0.8829228030992006 0.12621155128112632 0.19647756933854188
1 0.9610657009951853 0.5278151161694783 0.034786030602962016 0.1771807490500695
1 0.44972363255055114 0.6154158333031593 0.12323210049533806 0.19952983415618064
1 0.46588151778718956 0.8046777018442703 0.12479460049533805 0.1995662017473613
1 0.5028786734925953 0.4292231069545135 0.12494014970954978 0.20269120174736127
1 0.9068812768834175 0.33397550361229095 0.12345042431665547 0.20421733415618065
1 0.6280521095960752 0.2717898538203814 0.1278468258882322 0.1980764369297223
1 0.655571218158693 0.6527664436761452 0.1296276497095498 0.20280030452090295
1 0.6505004586481803 0.9627044881290618 0.10352741439185813 0.044551393426736044
1 0.8219562750213907 0.12992574287871458 0.11781685442427943 0.18379573138263897
1 0.5145117245688338 0.631857144473576 0.1266481989237615 0.20585256933854162
1 0.6449912448327135 0.46103353856590223 0.12308655128112633 0.19640483415618065
1 0.8945932543432262 0.14540396609322842 0.12250435442427943 0.18390483415618064
1 0.721230335612651 0.9688622627303467 0.1012371683207995 0.028890025835555378
1 0.8692911540572851 0.889717010546145 0.0598588052100677 0.17932513050895835
1 0.8428016602580289 0.319078508646284 0.12494014970954978 0.20269120174736122
1 0.5681246062908155 0.9552569704616314 0.09502570967712849 0.06308318787965277
1 0.5422791978948134 0.8231900060808328 0.1264298751024439 0.2011650693385416
1 0.556523866006216 0.24926219681027734 0.12308655128112633 0.19640483415618065
1 0.36325732382582676 0.930369992497465 0.10382282092583343 0.11791615824437507
1 0.7702374555432993 0.3020377854317702 0.12137850206691461 0.19324346656500008
1 0.40034856307245975 0.7874733244694442 0.12791960049533802 0.1996389369297223
1 0.6133536772166489 0.8387045968865273 0.12323210049533806 0.19952983415618064
1 0.5037538912370035 0.9466099754956245 0.09753427956950453 0.08343205547083343
1 0.4291541515760858 0.9397618698722912 0.09833480024766902 0.10061955547083343
1 0.6057533862700957 0.08376094376986087 0.11581770678164424 0.16752188753972175
1 0.7094347344936314 0.4681180335319091 0.13126292431665548 0.20439917211208342
0 0.4964937787454443 0.5495537907501037 0.03477741439185813 0.04295121941479181