1 0.662683825 0.5978094375 0.589613971875 0.6121706484375 0.612132353125 0.7879518984375 0.682444853125 0.77531403125 0.662683825 0.5978094375
1 0.6657475500000001 0.5983838875 0.6859681375 0.7747395828125 0.7576593125 0.7609528203125 0.737898284375 0.584022671875 0.737898284375 0.5851715703125 0.6657475500000001 0.5983838875
1 0.8338680937499999 0.749206215625 0.8128453656250001 0.569518715625 0.737277184375 0.5780414453125 0.758299909375 0.7605698515625 0.8338680937499999 0.749206215625
1 0.9066399281249999 0.7357676015625 0.8867535656250001 0.555369875 0.811185384375 0.5688641953125 0.8299353843749999 0.7513926015625 0.9066399281249999 0.7357676015625
1 0.9805926906250001 0.7249470828125 0.9584336 0.54099821875 0.8834336 0.5509413984375 0.905024509375 0.7348902625 0.9805926906250001 0.7249470828125
1 1 0.5350350546875 0.95769830625 0.5403993984375 0.9787210343750001 0.727189171875 1 0.7238643312499999 1 0.5350350546875
1 1 0.35527704375 0.93479278125 0.3675913546875 0.955815509375 0.548699309375 1 0.542562575 1 0.35527704375
1 0.9417000906249999 0.37076648749999996 0.8638591812499999 0.38284035156249996 0.8837455437499999 0.5660789875 0.9621546343749999 0.552584671875 0.9417000906249999 0.37076648749999996
1 0.8682263812500001 0.3813641953125 0.789249109375 0.396278965625 0.81197638125 0.5766766953125 0.8915218375 0.565313059375 0.8682263812500001 0.3813641953125
1 0.7355726375 0.5886391484375 0.81511809375 0.57514483125 0.79125445625 0.394036875 0.713413546875 0.40753119531250004 0.714549909375 0.41108233125 0.7355726375 0.5886391484375
1 0.66218805625 0.5998913781249999 0.740028965625 0.5842663781249999 0.720142603125 0.40599933125 0.6434380562500001 0.418783421875 0.6440062375 0.42304478593750006 0.66218805625 0.5998913781249999
1 0.647938946875 0.417307265625 0.572370765625 0.4300913546875 0.591688946875 0.61404021875 0.66725713125 0.601256128125 0.647938946875 0.417307265625
1 0.646758021875 0.4273061484375 0.626303475 0.2461981953125 0.5501671124999999 0.2575618328125 0.5706216562499999 0.43795955937500003 0.646758021875 0.4273061484375
1 0.720755346875 0.41233567187500003 0.701437165625 0.2333583984375 0.625868984375 0.24330158124999998 0.6434826218749999 0.4236993078125 0.720755346875 0.41233567187500003
1 0.794752675 0.40250389843749995 0.772593584375 0.2213959453125 0.6958890375 0.233469809375 0.7157754 0.41244708281250003 0.794752675 0.40250389843749995
1 0.867569071875 0.385068515625 0.8459781625 0.2046707890625 0.7698418 0.2117730625 0.7885918000000001 0.3964321515625 0.867569071875 0.385068515625
1 0.937410875 0.376991421875 0.916388146875 0.19943460156249998 0.8396836000000001 0.2086675578125 0.8618426906250001 0.389065284375 0.937410875 0.376991421875
1 1 0.27514700468750003 0.989249109375 0.18216633124999998 0.9125445624999999 0.1906890578125 0.932999109375 0.374637921875 1 0.3654006671875 1 0.27514700468750003
1 1 0.1802903828125 0.9868092687500001 0.18173462499999998 1 0.30081760625 1 0.1802903828125
1 0.6104835125 0.07398896875 0.5354835125 0.0867730625 0.5502562375 0.26077874218749997 0.6292335125 0.2515457890625 0.6104835125 0.07398896875
1 0.681639928125 0.060550354687499995 0.60891265625 0.0740446765625 0.625958109375 0.2501810390625 0.702094475 0.23881740312500002 0.681639928125 0.060550354687499995
1 0.7755236187500001 0.228929925 0.7545008906249999 0.049242425 0.67665998125 0.0606060625 0.696546346875 0.2410037890625 0.7755236187500001 0.228929925
1 0.847727271875 0.21893103906250003 0.825 0.032141265625 0.75 0.047766265625 0.76818181875 0.22674353906250003 0.847727271875 0.21893103906250003
1 0.9212009812499999 0.2062583546875 0.89733734375 0.025860628125 0.8223373437499999 0.0358038078125 0.8439282531250001 0.21478108125 0.9212009812499999 0.2062583546875
1 0.99108734375 0.19265262968750002 0.9683600718750001 0.014385581250000001 0.892791890625 0.02219808125 0.9155191625000001 0.20117535625 0.99108734375 0.19265262968750002
1 1 0.0079475234375 0.9639037437500001 0.010890153125 0.986631015625 0.191287878125 1 0.1893072890625 1 0.0079475234375
1 0.5263480406250001 0 0.535539215625 0.09114583125 0.6115196093749999 0.0773590703125 0.60232843125 0 0.5263480406250001 0
1 0.683210784375 0.0674019609375 0.677083334375 0 0.6004901968749999 0.0007659296875 0.6072303906250001 0.0850183828125 0.683210784375 0.0674019609375
1 0.672181371875 0 0.6764705875 0.0712316171875 0.7567401968749999 0.0559129875 0.74938725625 0 0.672181371875 0
1 0.73835784375 0 0.748161765625 0.0559129875 0.8296568625 0.04442401875 0.830882353125 0.050551468749999995 0.8223039218749999 0 0.73835784375 0
1 0.813725490625 0 0.8210784312499999 0.04442401875 0.8988970593750001 0.03370098125 0.895833334375 0 0.813725490625 0
1 0.8872549031249999 0 0.892769609375 0.0344669109375 0.97120098125 0.0229779421875 0.96936274375 0 0.8872549031249999 0
1 0.9620098031250001 0 0.9638480406250001 0.023743871875 1 0.0180951296875 1 0 0.9620098031250001 0
0 0.72421875 0.55703125 0.02265625 0.0390625
0 0.7046875 0.38125 0.02421875 0.03671875
0 0.66875 0.04296875 0.03515625 0.03125
0 0.73203125 0.61484375 0.034375 0.0390625
0 0.9421875 0.52265625 0.040625 0.03359375
0 0.96953125 0.70078125 0.021875 0.04296875
0 0.88515625 0.58984375 0.02890625 0.0359375
0 0.746875 0.73984375 0.025 0.0296875
0 0.70234375 0.34296875 0.0296875 0.0328125