1 0.623312757539572 0.38043731341499626 0.1840249314570915 0.13017949069063528
1 0.9273219352268776 0.6995804014560398 0.14535612954624497 0.12074994668999892
1 0.780108789109603 0.39163044676954073 0.1867859104104042 0.1239658533577261
1 0.46113898123121266 0.3707430453930427 0.18549642619541978 0.12863517202418073
1 0.6259001602692299 0.2774123107494962 0.19045694198043533 0.133377216024817
1 0.29670402588483624 0.4562703707033619 0.18228042093374794 0.12703630935708982
1 0.6248668232398829 0.4741418600811326 0.1774109104104042 0.12385676535645355
1 0.45990749410304366 0.6713061193904973 0.18191639988706054 0.12078630935708982
1 0.6207624231410608 0.5779299314130872 0.18191639988706054 0.12078630935708982
1 0.7829361994494201 0.5876241994350409 0.18384292093374785 0.12705449069063518
1 0.12430756818997253 0.24425053401495384 0.18843941567207612 0.12554653469127164
1 0.9250838720162282 0.8103906321212216 0.14983225596754365 0.12074994668999892
1 0.4542813074548673 0.46747259472467917 0.18687691567207612 0.12552835335772627
1 0.1330748944136272 0.3411618966820448 0.18687691567207607 0.1255283533577261
1 0.926712231372387 0.5090735801240852 0.1465755372552259 0.1301249466899989
1 0.1393506123494859 0.8510454266788632 0.16610938936371683 0.1174794960216353
1 0.44795060957747557 0.9994198393539081 0.17371051578501556 0.0011603212921837524
1 0.9243415129071245 0.5988082421228125 0.15131697418575102 0.12389312802354446
1 0.7792699570595791 0.8865975014321773 0.1805359104104042 0.12389312802354446
1 0.29452135765251136 0.25794195870463466 0.1931269156720761 0.1256010786919079
1 0.4567861392225425 0.2691987267265882 0.18696792093374787 0.12709085335772619
1 0.6234911229434168 0.7856333434118146 0.1774109104104042 0.12385676535645355
1 0.2970328516849679 0.9962124760104996 0.16929603157003115 0.00757504797900097
1 0.2973572022920175 0.3602493460375437 0.1883484104104042 0.12398403469127164
1 0.6199195309347466 0.6840981154121326 0.18062691567207595 0.12545562802354446
1 0.7714567280356794 0.9642058683760208 0.17780575256024883 0.07158826324795839
1 0.12800723379146145 0.4418158773472266 0.18366091041040425 0.12392949069063523
1 0.3035411859423046 0.9470573606779086 0.17190436305535767 0.10588527864418289
1 0.4584275650650264 0.7665368033895429 0.17566639988706054 0.12071358402290802
1 0.6182862254048435 0.9605851533656804 0.17678928413027978 0.07882969326863928
1 0.7817329313159173 0.285471353437268 0.1899109104104042 0.12400221602481701
1 0.9312446893143058 0.40603039612503966 0.13751062137138845 0.12213063335454458
1 0.031156807666628834 0.2400437446689999 0.04156441567207608 0.12383748933799979
1 0.6212754465362356 0.8816361867440874 0.1805359104104042 0.12389312802354446
1 0.7848788600715858 0.486933856102768 0.1836609104104042 0.12392949069063519
1 0.9238167746047118 0.8962099534531763 0.15236645079057637 0.11132040268936265
1 0.13317068885548922 0.6511090613462722 0.1822804209337479 0.12703630935708965
1 0.4569806442018656 0.5674362320575883 0.18696792093374798 0.1270908533577261
1 0.29886212024199366 0.8552436727004984 0.17566639988706054 0.12071358402290819
1 0.928586638048299 0.30132471479149425 0.1428267239034021 0.12207608935390812
1 0.14527365963394537 0.9393357673456357 0.16133088410204496 0.11586245202099903
1 0.7848381466209402 0.7945372707669953 0.17557539462538863 0.1191510840229082
1 0.923603942978211 0.9702385133871566 0.15279211404357795 0.05952297322568682
1 0.13373286000099865 0.553525536680454 0.18384292093374793 0.12705449069063518
1 0.1411090753766086 0.9875909066677273 0.1373935841867496 0.024818186664545293
1 0.2976427125330125 0.6600493513685438 0.18687691567207612 0.1255283533577261
1 0.29181837578601416 0.5600493513685438 0.18099093671876343 0.1317056280235443
1 0.7771327914580903 0.68905033943345 0.1789734104104042 0.12387494668999892
1 0.13624175192496424 0.744050539345954 0.18089993145709166 0.13014312802354427
1 0.29308328612583123 0.7560249227004985 0.1805359104104042 0.12389312802354446
1 0.45087964655035295 0.8648197620544067 0.17548438936371685 0.11758858402290784
1 0.45689369909648425 0.9518363146880899 0.17769933674699825 0.09632737062382013
0 0.4742191650367915 0.7963879353914518 0.037848610495108834 0.03323067067154515