1 0.5980641122989855 0.18320937279033372 0.1659051109788372 0.2827168747688908
1 0.4999532212327587 0.2016758794542513 0.16425168276559177 0.27954641066226815
1 0.9262105296916783 0.38754255397308 0.13139371865896904 0.27702916442319186
1 0.5705338088546309 0.03870583267381432 0.13080738229073816 0.07741166534762864
1 0.6676815934943671 0.0279214453685112 0.1302618130112659 0.0558428907370224
1 0.6946806995251463 0.16244458023303884 0.16425168276559193 0.27954641066226815
1 0.4735678806413855 0.043240219979117436 0.13098923871722903 0.08648043995823487
1 0.5336078410535915 0.46687733062875025 0.1704107545523465 0.2766032670887588
1 0.38456390195328655 0.22376749129101836 0.16416075455234652 0.2764214106622681
1 0.6356477141731297 0.447515913698276 0.1625073263391011 0.2732509465556454
1 0.3582694895751587 0.05579169576422262 0.12354045157021032 0.11158339152844524
1 0.7819941460807918 0.01766825547678334 0.12976170783841656 0.03533651095356668
1 0.7330000872926679 0.42829088908766977 0.16733121865896905 0.2780748388755134
1 0.8934053560307792 0.12892217263836683 0.14072325455234633 0.25784434527673367
1 0.422102039720808 0.4896365321989606 0.1594732545523465 0.27628501834240005
1 0.8642072525072825 0.010054332278102908 0.105960494985435 0.020108664556205816
1 0.8468269065721401 0.40624474135752536 0.15947325455234643 0.27628501834240016
1 0.8060273764847505 0.14515412866282848 0.1641607545523464 0.2764214106622681
0 0.47456179849629665 0.5646077884671667 0.046721887305303154 0.049755959092057725
0 0.44410272334432965 0.3773722129194884 0.041897994985435005 0.04493206677218975
0 0.5515658823572452 0.35941417161583483 0.04355142319868044 0.048102530878812465
0 0.40107911520197936 0.05858276049134827 0.03734688730530315 0.049483174452321664