1 0.7944745166295472 0.28271907077494957 0.20944882001909004 0.14304311736154415
1 0.9506256139799554 0.15873777279594858 0.09689427601845395 0.13704656134627213
1 0.7960562926480008 0.14678157077494958 0.20474313868554467 0.1414260733609078
1 0.799509103994273 0.05149634277526773 0.20557838534372674 0.07894425469445325
1 0.040379004654682374 0.08876305533895427 0.07180336935072647 0.12894316000954503
1 0.6047682213160462 0.13439810741563257 0.21569882001909005 0.14311584269572591
1 0.6004176233290911 0.03824072274822352 0.21010225334181776 0.06493629869508961
1 0.9541056973265458 0.06110879479626676 0.09164315467854464 0.08855451734563582
1 0.1769239373010924 0.23959085335772615 0.21731586401972636 0.14782152402927143
1 0.38996992464990987 0.12799192405313392 0.22038632001909003 0.14317038669636223
1 0.3852904206317743 0.26154931138604304 0.21884200135263548 0.1447147053628169
1 0.39574830466263655 0.03429646805377025 0.21475339067472685 0.06186584269572594
1 0.6000796266311379 0.2687367447485417 0.21729768268618094 0.14625902402927143
1 0.1785057133195461 0.10365335335772614 0.21726132001909004 0.1431340240292714
1 0.17791591466422738 0.020041422024180706 0.21291817067154523 0.03841016136218049
1 0.7967717186107752 0.4210457741088131 0.21726132001909004 0.14313402402927128
1 0.036444387969455955 0.2254545333386361 0.07189427601845369 0.13675566000954503
1 0.03236623631445541 0.3496187393379998 0.06473247262891083 0.1429692973424542
1 0.9474813379615018 0.29465709146240315 0.1000920013526354 0.143332924013363
1 0.3775586419478206 0.3888203360518612 0.22045904535327185 0.14942038669636232
1 0.5968989879455935 0.4077810634149962 0.22198518268618095 0.1463135680299077
1 0.9389046746101389 0.4273877754614486 0.11415450135263541 0.14349655601527206
1 0.16911943328295687 0.3731118780235444 0.22202154535327176 0.14943856802990768