1 0.72890625 0.8515625 0.125 0.07578125
1 0.728125 0.91953125 0.12109375 0.0765625
1 0.0328125 0.95703125 0.065625 0.078125
1 0.13046875 0.75 0.103125 0.071875
1 0.60703125 0.63125 0.121875 0.0703125
1 0.034375 0.99375 0.06875 0.01171875
1 0.61640625 0.7734375 0.1171875 0.07578125
1 0.3734375 0.96640625 0.121875 0.0671875
1 0.2515625 0.96484375 0.121875 0.0703125
1 0.8484375 0.9765625 0.115625 0.046875
1 0.1375 0.6734375 0.11328125 0.075
1 0.84609375 0.92265625 0.11796875 0.07734375
1 0.61328125 0.84609375 0.11953125 0.075
1 0.953125 0.98046875 0.09375 0.0390625
1 0.6140625 0.97421875 0.121875 0.0515625
1 0.034375 0.8828125 0.06875 0.0703125
1 0.0375 0.74375 0.075 0.07421875
1 0.125 0.99375 0.125 0.01171875
1 0.84765625 0.85546875 0.11875 0.071875
1 0.728125 0.9765625 0.125 0.046875
1 0.721875 0.6984375 0.1171875 0.07265625
1 0.60859375 0.69453125 0.1171875 0.07421875
1 0.040625 0.671875 0.08125 0.078125
1 0.6125 0.9109375 0.1265625 0.07890625
1 0.1265625 0.9609375 0.121875 0.078125
1 0.496875 0.69375 0.1234375 0.07578125
1 0.0359375 0.80859375 0.071875 0.078125
1 0.25078125 0.67734375 0.11484375 0.0703125
1 0.1265625 0.88984375 0.125 0.07734375
1 0.25546875 0.89609375 0.12578125 0.075
1 0.2484375 0.7546875 0.134375 0.07578125
1 0.13515625 0.60234375 0.12109375 0.06640625
1 0.721875 0.775 0.1203125 0.06953125
1 0.95390625 0.9265625 0.09140625 0.07265625
1 0.2484375 0.8203125 0.1265625 0.075
1 0.371875 0.83203125 0.12265625 0.07265625
1 0.0390625 0.5953125 0.078125 0.06640625
1 0.48984375 0.8359375 0.125 0.0765625
1 0.4984375 0.76640625 0.12578125 0.07890625
1 0.72109375 0.63515625 0.11171875 0.071875
1 0.95546875 0.86015625 0.08828125 0.07578125
1 0.3703125 0.7578125 0.11796875 0.0765625
1 0.85 0.646875 0.13359375 0.07734375
1 0.134375 0.8140625 0.11796875 0.078125
1 0.375 0.9 0.1203125 0.07109375
1 0.953125 0.71640625 0.09375 0.078125
1 0.840625 0.77890625 0.11640625 0.07109375
1 0.84453125 0.70859375 0.12734375 0.07578125
1 0.2484375 0.60859375 0.11015625 0.07265625
1 0.9515625 0.78515625 0.096875 0.0796875
1 0.49765625 0.621875 0.11328125 0.07109375
1 0.3671875 0.684375 0.1328125 0.071875
1 0.95703125 0.64765625 0.0859375 0.0703125
1 0.48984375 0.90546875 0.1203125 0.07265625
1 0.4875 0.9703125 0.11875 0.05859375
1 0.36953125 0.61484375 0.14921875 0.07421875
0 0.41484375 0.71171875 0.03828125 0.03046875
0 0.76640625 0.6609375 0.02890625 0.0234375
0 0.8859375 0.80625 0.025 0.03671875
0 0.88984375 0.95 0.025 0.0296875
0 0.18046875 0.7734375 0.01484375 0.0203125
0 0.1765625 0.84453125 0.01640625 0.01796875
0 0.1734375 0.98828125 0.01796875 0.01953125