1 0.5381885473404493 0.9704402632892529 0.11405718281352506 0.05911947342149411
1 0.3203643077577536 0.5283284189592921 0.13119955634924096 0.2713889050794759
1 0.6471006323214212 0.9653051019452501 0.11456651878308026 0.06938979610949972
1 0.3217225834237351 0.802202428577939 0.13196356030357367 0.2901389050794759
1 0.6481390696579327 0.08756953202080145 0.11622186068413462 0.13356152286549078
1 0.7586323344123184 0.812765483379413 0.12651205634924095 0.2712252139724832
1 0.9489203196579329 0.0980730447194912 0.08653436068413427 0.13252481252120452
1 0.42900454832903245 0.9633705631541767 0.12387785178688589 0.07325887369164655
1 0.7521859466165086 0.2797520867374576 0.12319605536065766 0.26642858656782165
1 0.44026297228249006 0.5426860740387679 0.12813822334543534 0.27284227767481417
1 0.5391329179104154 0.8043180332019277 0.1232597223568522 0.26799108656782167
1 0.880072299811907 0.9674169727688989 0.11456651878308008 0.06516605446220218
1 0.8587278349066099 0.8139138103285879 0.12338705634924096 0.27111608656782166
1 0.31465554684615765 0.9684920835725969 0.1139298488211364 0.06301583285480632
1 0.43253274943134634 0.8092014514434297 0.12520422433401848 0.27742065027015245
1 0.6498740301146058 0.2753969142347866 0.12507689034162972 0.2742956502701525
1 0.64729422228249 0.5499157645976063 0.13132689034162973 0.2745139050794759
1 0.5620424717881984 0.5492857928205747 0.1407655573378241 0.276403787293461
1 0.950687113612703 0.2851191769334763 0.0855050543720747 0.2604315577118811
1 0.9373940043742621 0.8033607454451307 0.07351439034162972 0.27249504809323427
1 0.4303109466165086 0.2685119640573014 0.12207922433401848 0.2773115228654907
1 0.7521727232710733 0.5488840326537737 0.12963705634924097 0.27133434137714507
1 0.8770135557805873 0.557155378840242 0.12501322334543516 0.27273315027015244
1 0.7484721313328381 0.9725062494942549 0.11874468281352506 0.05498750101149028
1 0.6501340849066098 0.8066295560674186 0.12488588935304641 0.26960815027015245
1 0.32868477962031417 0.2665278234057957 0.13132689034162973 0.27451390507947593
1 0.7492386546389047 0.08327639082114165 0.12027269072219049 0.11810021397248334
1 0.31880173813700197 0.06746284082899087 0.12001802273741298 0.11185021397248333
1 0.9453643077577535 0.5501538998916343 0.07794722235685185 0.2664087392002269
1 0.8577369041446131 0.08941231813313613 0.1095261917107738 0.12240576805616735
1 0.559280863612703 0.2714509694995969 0.14239172433401848 0.2780208509957919
1 0.5342994041446131 0.07811763175064898 0.1157761917107738 0.12262402286549075
1 0.8606523626241198 0.2866692640494521 0.11981638737588014 0.26006945916315993
1 0.42576932114080746 0.0727629544386545 0.10621019072219054 0.11760914065150563
0 0.684658912510389 0.4393428523465543 0.04285334486680377 0.05610615626060209
0 0.6805670483290325 0.975044689694198 0.04935801285158128 0.049910620611603916
0 0.4597623191636412 0.08333835588993332 0.03918451680591382 0.0809424651536097
0 0.36019878749179857 0.625949952624556 0.029589340912471052 0.03691964664195542
0 0.3624709643366436 0.97339787149903 0.03290534190105419 0.04171627404661678