1 0.0078125 0.80625 0.015625 0.16796875
1 0.19296875 0.46796875 0.06953125 0.16875
1 0.19375 0.13984375 0.0703125 0.165625
1 0.18828125 0.81171875 0.075 0.1703125
1 0.12109375 0.4671875 0.0734375 0.16796875
1 0.05 0.8109375 0.07109375 0.16953125
1 0.12421875 0.3046875 0.07265625 0.16640625
1 0.0109375 0.29296875 0.021875 0.1796875
1 0.11640625 0.640625 0.0734375 0.1703125
1 0.1234375 0.1359375 0.0734375 0.165625
1 0.0109375 0.1265625 0.021875 0.16015625
1 0.1890625 0.64296875 0.0734375 0.17421875
1 0.05390625 0.6375 0.07265625 0.17109375
1 0.053125 0.46484375 0.0734375 0.165625
1 0.115625 0.8140625 0.07421875 0.17734375
1 0.003125 0.9453125 0.00625 0.109375
1 0.19453125 0.30859375 0.0703125 0.16484375
1 0.0609375 0.1296875 0.07109375 0.16171875
1 0.059375 0.29921875 0.0734375 0.17421875
1 0.009375 0.6328125 0.01875 0.171875
1 0.009375 0.4609375 0.01875 0.1640625
1 0.1265625 0.02890625 0.07265625 0.05703125
1 0.25859375 0.31015625 0.0734375 0.16484375
1 0.04375 0.9453125 0.075 0.109375
1 0.184375 0.94921875 0.075 0.1015625
1 0.1125 0.946875 0.075 0.10546875
1 0.2515625 0.94921875 0.071875 0.1015625
1 0.26328125 0.47421875 0.07265625 0.16875
1 0.25390625 0.81875 0.0734375 0.17265625
1 0.25546875 0.64453125 0.07109375 0.17421875
1 0.26171875 0.14375 0.07421875 0.1671875
1 0.1953125 0.0296875 0.0703125 0.059375
1 0.0609375 0.0234375 0.071875 0.046875
1 0.0125 0.021875 0.025 0.04296875
1 0.26640625 0.03125 0.0703125 0.06171875