1 0.77734375 0.13984375 0.07421875 0.16640625
1 0.70234375 0.140625 0.07421875 0.16953125
1 0.9734375 0.14453125 0.053125 0.171875
1 0.76875 0.315625 0.0671875 0.175
1 0.7734375 0.4921875 0.071875 0.17578125
1 0.8484375 0.14140625 0.06875 0.1640625
1 0.7 0.3140625 0.071875 0.17265625
1 0.971875 0.31640625 0.05625 0.171875
1 0.77265625 0.66015625 0.06796875 0.1640625
1 0.84296875 0.6671875 0.071875 0.1734375
1 0.69765625 0.48671875 0.07109375 0.18203125
1 0.84609375 0.315625 0.071875 0.1765625
1 0.971875 0.65625 0.05625 0.171875
1 0.8453125 0.48984375 0.07109375 0.16796875
1 0.8484375 0.03125 0.071875 0.0625
1 0.765625 0.83359375 0.0734375 0.17421875
1 0.6296875 0.8296875 0.0703125 0.171875
1 0.91015625 0.13984375 0.071875 0.1671875
1 0.9046875 0.65625 0.06953125 0.17265625
1 0.6296875 0.3125 0.0703125 0.16953125
1 0.69609375 0.8359375 0.07109375 0.1734375
1 0.628125 0.48203125 0.07109375 0.17734375
1 0.7734375 0.0296875 0.071875 0.05859375
1 0.90703125 0.3140625 0.06875 0.17265625
1 0.6375 0.13671875 0.06875 0.16484375
1 0.69453125 0.6640625 0.07734375 0.16796875
1 0.971875 0.4828125 0.05625 0.16796875
1 0.90625 0.83359375 0.06953125 0.17265625
1 0.7015625 0.02734375 0.071875 0.0546875
1 0.96875 0.83203125 0.0625 0.171875
1 0.9734375 0.02734375 0.053125 0.0546875
1 0.9109375 0.0296875 0.071875 0.05859375
1 0.84140625 0.82734375 0.0734375 0.175
1 0.63046875 0.66015625 0.06875 0.17578125
1 0.6390625 0.02734375 0.071875 0.0546875
1 0.96875 0.95703125 0.0625 0.0859375
1 0.83671875 0.9578125 0.0734375 0.084375
1 0.9078125 0.4828125 0.06953125 0.16796875
1 0.69140625 0.96171875 0.0703125 0.0765625
1 0.90625 0.9578125 0.071875 0.08359375
1 0.76796875 0.959375 0.07578125 0.08125
1 0.621875 0.9609375 0.075 0.078125
1 0.9671875 0.9546875 0.065625 0.08203125
0 0.65546875 0.7125 0.021875 0.03671875
0 0.75390625 0.634375 0.0234375 0.0390625