1 0.8707065733850637 0.8049104737281837 0.13744020352718778 0.27221719269935685
1 0.8963051961795567 0.5395892212567258 0.13604147783744694 0.2752785257031626
1 0.7648250655831477 0.8022085794694023 0.1327527035271876 0.2720261917107738
1 0.7912458819552055 0.5360742434998473 0.13464275214770663 0.2783398587069682
1 0.838468278494131 0.07734712545711055 0.12463258706427283 0.1546942509142211
1 0.75511147162147 0.942929079963694 0.11191350180902226 0.05289418973360753
1 0.861074866578516 0.9440684742224754 0.11134029172311415 0.041956689733607534
1 0.9405663670287417 0.07713557258650124 0.11673819990914289 0.15427114517300247
1 0.9218219318189199 0.2758304687852679 0.13069888059640888 0.26258752471457936
1 0.8166807304394389 0.27387799102838933 0.1337419934412793 0.26115235870696807
0 0.7744312754419133 0.3660309989370547 0.040120388964152195 0.05152800790866543