1 0.8572338936023087 0.9317924677345324 0.1962752137039529 0.11335912100796719
1 0.4185941174830269 0.9621459619950518 0.23887879353213637 0.07570807600989653
1 0.17068331920119223 0.7443734402874392 0.24405097241038015 0.13191054420664763
1 0.20449399593172948 0.9746339386380868 0.24192855042954137 0.050732122723826475
1 0.38161417514865753 0.7207781305748785 0.24232469810012064 0.1287400801000249
1 0.595527268205824 0.6104186067556951 0.23928158525525056 0.13021165188677947
1 0.021842403607702312 0.6794434590920577 0.043684807215404624 0.10338106426490726
1 0.37041108152566415 0.6359484895086517 0.24240658525525038 0.1303025801000249
1 0.6066894182512526 0.6960294978219219 0.2392815852552504 0.13021165188677947
1 0.02705332541919901 0.7649861539983505 0.05410665083839802 0.10503449247815269
1 0.40488682157604144 0.9037641268139549 0.2441328595655099 0.13347304420664763
1 0.048083543647737315 0.991557014185765 0.07285764586155703 0.016885971628470033
1 0.643014263344584 0.9501622706185733 0.24010710085908257 0.09967545876285336
1 0.8300184548859839 0.5851615086424745 0.23607469810012063 0.12855822367353403
1 0.8262959113538475 0.6711217406957859 0.2361565852552503 0.13012072367353406
1 0.8465663885139261 0.8516730587216168 0.2267815852552503 0.1298479390337981
1 0.1868018848958815 0.9294985980467135 0.23928158525525042 0.13021165188677947
1 0.14603520126793934 0.6622823543149197 0.23426653663473135 0.12382525956691133
1 0.6300030082562014 0.8782342440609983 0.24092597241038013 0.1318196159934022
1 0.044044496836240614 0.9492103898125854 0.08665455223856364 0.10157922037482905
1 0.03335589608869964 0.8654635271178887 0.06671179217739928 0.10043792069139812
1 0.18180784769532324 0.8456320634069774 0.24405097241038015 0.13191054420664763
1 0.3943421472203534 0.8213009678010394 0.24240658525525038 0.1303025801000249
1 0.9495873264372815 0.5729917807457984 0.048908890773174465 0.09971049498543501
1 0.9522785572154046 0.6560088692256004 0.03468261646291495 0.0961763180258309
1 0.8398460770031082 0.7708860599752582 0.2377190852552503 0.13016618778015676
1 0.6194992774780782 0.7949898350480827 0.23919969810012062 0.12864915188677947
1 0.9567403279076195 0.7500316538653365 0.01593261646291495 0.09563074874635866