1 0.8421720888807955 0.13515625 0.23962733603812653 0.121875
1 0.38904313474088026 0.090625 0.25223643019392783 0.128125
1 0.9732584476470937 0.14453125 0.050319374187573374 0.1078125
1 0.6113175551955756 0.1125 0.239654609577077 0.1234375
1 0.8421720888807955 0.13515625 0.23962733603812653 0.121875
1 0.38904313474088026 0.090625 0.25223643019392783 0.128125
1 0.9732584476470937 0.14453125 0.050319374187573374 0.1078125
1 0.6113175551955756 0.1125 0.239654609577077 0.1234375
1 0.1565851907472347 0.0703125 0.23965460957707685 0.1234375
1 0.9814215495135328 0.0796875 0.0355204886359143 0.065625
1 0.16520226014626974 0.02421875 0.23522047970746054 0.0484375
1 0.8512391716725112 0.06328125 0.24048072402541756 0.08125
1 0.6195488409093904 0.04375 0.23590231818121907 0.0875
1 0.394753392451518 0.03203125 0.24174321509696392 0.0640625