1 0.3984375 0.9296875 0.071875 0.140625
1 0.321875 0.59140625 0.06796875 0.159375
1 0.04375 0.58828125 0.06875 0.16484375
1 0.00625 0.58984375 0.0125 0.1640625
1 0.3265625 0.9296875 0.071875 0.140625
1 0.1171875 0.9296875 0.071875 0.140625
1 0.04375 0.9296875 0.075 0.140625
1 0.4484375 0.27109375 0.0703125 0.16015625
1 0.1796875 0.75625 0.07109375 0.1734375
1 0.2484375 0.59140625 0.0703125 0.159375
1 0.25 0.76328125 0.0703125 0.16953125
1 0.109375 0.26640625 0.0703125 0.1625
1 0.3875 0.75546875 0.06796875 0.171875
1 0.38359375 0.265625 0.0671875 0.1625
1 0.00625 0.92578125 0.0125 0.1484375
1 0.2484375 0.43125 0.06953125 0.17265625
1 0.32578125 0.75859375 0.06875 0.1703125
1 0.03984375 0.26640625 0.06953125 0.1625
1 0.1875 0.9296875 0.06875 0.140625
1 0.2515625 0.9296875 0.071875 0.140625
1 0.003125 0.75390625 0.00625 0.171875
1 0.18046875 0.26328125 0.06953125 0.159375
1 0.11875 0.759375 0.07265625 0.17109375
1 0.05390625 0.7546875 0.0765625 0.17109375
1 0.45625 0.76171875 0.06953125 0.17109375
1 0.2453125 0.26875 0.06953125 0.16015625
1 0.18515625 0.590625 0.06953125 0.1609375
1 0.4453125 0.1046875 0.06796875 0.17109375
1 0.003125 0.25625 0.00625 0.16015625
1 0.17890625 0.10234375 0.06953125 0.171875
1 0.11484375 0.60078125 0.07109375 0.1671875
1 0.3765625 0.1046875 0.06875 0.1671875
1 0.3828125 0.603125 0.071875 0.165625
1 0.3203125 0.26484375 0.07578125 0.1640625
1 0.0390625 0.10546875 0.06796875 0.1671875
1 0.0046875 0.09765625 0.009375 0.1640625
1 0.0046875 0.42578125 0.009375 0.171875
1 0.453125 0.43125 0.06953125 0.16796875
1 0.1828125 0.43046875 0.06953125 0.17421875
1 0.45546875 0.59140625 0.06875 0.165625
1 0.04609375 0.42890625 0.071875 0.16640625
1 0.38046875 0.43359375 0.07109375 0.16875
1 0.24296875 0.10390625 0.06953125 0.171875
1 0.459375 0.92578125 0.06875 0.1484375
1 0.31953125 0.43359375 0.06796875 0.16875
1 0.10859375 0.1 0.06875 0.165625
1 0.11328125 0.4296875 0.0703125 0.1703125
1 0.31171875 0.10234375 0.06796875 0.165625
0 0.0046875 0.36328125 0.009375 0.03125