1 0.035616274552362284 0.7338045703257527 0.07123254910472457 0.13274306733052796
1 0.02645951280313081 0.9311880018140986 0.05291902560626162 0.06070437622353566
1 0.24490811816453303 0.8713219616102306 0.09849704210278445 0.13921132213985138
1 0.2772618382122841 0.5048165078893663 0.09838791469812272 0.1360863221398514
1 0.19846471561694584 0.4989360409216581 0.09838791469812272 0.1360863221398514
1 0.26527521498397366 0.6240749393777121 0.09860616950744613 0.1423363221398514
1 0.0790623741549828 0.9390575547166563 0.08962798439090339 0.06399306733052797
1 0.010657213887665318 0.48343998257680487 0.021314427775330637 0.12937996515360978
1 0.2912970894782285 0.2596949808475243 0.09224704210278442 0.13899306733052796
1 0.0022792294967619417 0.6050967277674815 0.004558458993523883 0.12894345553496295
1 0.17672609175566317 0.7406597494518458 0.09855160580511528 0.1407738221398514
1 0.32289670890870587 0.8779563967267734 0.09844247840045366 0.13764882213985138
1 0.16541159112269102 0.863070462791357 0.09849704210278447 0.13921132213985138
1 0.34671124265878783 0.5095883426430894 0.09849704210278443 0.13921132213985138
1 0.043671838571179226 0.6092137980932343 0.08734367714235845 0.13430556733052795
1 0.30077627159954645 0.1450422038056823 0.09520835099579195 0.1344146947351897
1 0.37588539900420814 0.1445362615175634 0.09816965988879929 0.12983632213985136
1 0.20897068439875258 0.3772792957309815 0.10000497840045364 0.13770338584218217
1 0.12125737487277297 0.49232888765628074 0.09526291469812276 0.13597719473518968
1 0.06295877995224888 0.3698338395630465 0.09526291469812276 0.13597719473518968
1 0.18642352868630452 0.6197569724100038 0.09838791469812272 0.1360863221398514
1 0.22663936715304267 0.14010667794496665 0.09984128729346102 0.1330158858421822
1 0.08845237559056318 0.04298116288402421 0.09184524881887364 0.08279763103285878
1 0.25139870954167803 0.7526538071637269 0.09860616950744613 0.1423363221398514
1 0.41268592832348483 0.636262459247978 0.10474704210278443 0.13942957694917482
1 0.10918890609096624 0.6139310691446265 0.0967708509957919 0.13446925843752044
1 0.05099943857510384 0.48831102105139224 0.09526291469812273 0.13597719473518968
1 0.030054510714955185 0.853090283665264 0.06010902142991037 0.13743056733052797
1 0.42321917895645705 0.5138244640573013 0.09995041469812276 0.13614088584218215
1 0.017281725320410703 0.3704042692372937 0.034563450640821405 0.12485615626060227
1 0.0748908394782285 0.25213790807470077 0.09515378729346105 0.13285219473518967
1 0.31345473232235077 0.9669977882005103 0.09140873920022674 0.0660044235989794
1 0.3401933694304774 0.6290377470895931 0.10162204210278443 0.13932044954451292
1 0.4018798591788584 0.7665129544386545 0.09849704210278443 0.13921132213985138
1 0.2331769552805088 0.9608656112474108 0.09437004809323427 0.06571925843752027
1 0.23996031188823236 0.049836342010117225 0.09507937622353532 0.0860317584375205
1 0.33094980028585097 0.7593428059826006 0.09687997840045366 0.13759425843752043
1 0.049389875590563175 0.04161707032575281 0.023095248818873648 0.08039682813030113
1 0.43754955218476754 0.3946478781224519 0.09849704210278457 0.13921132213985138
1 0.13238090254758716 0.37538692431676957 0.09849704210278447 0.13921132213985138
1 0.3845734074417286 0.05253973447572139 0.09335318511654282 0.08128969473518963
1 0.3586978658870983 0.3903299111547437 0.09844247840045366 0.13764882213985138
1 0.08666903222968357 0.8556274958236487 0.09849704210278445 0.13921132213985138
1 0.4619444392928941 0.05445938774109875 0.09486112141421188 0.07978175843752049
1 0.2870684025475872 0.3807887308475243 0.09838791469812272 0.1360863221398513
1 0.09623005990449776 0.7386309687818068 0.09531747840045361 0.1375396947351895
1 0.024918121329393923 0.2496106196001134 0.03566965988879932 0.12765377404661712
1 0.45780752159954635 0.15052585588993334 0.09827878729346118 0.13296132213985135
1 0.1553520556433285 0.9495436761308682 0.09437004809323427 0.06571925843752027
1 0.03852180826003525 0.12884425181409853 0.029037713972483337 0.1164980192372937
1 0.1426686165200705 0.259980179126093 0.09224704210278448 0.13899306733052794
1 0.44638389356191255 0.27606156922944447 0.09849704210278443 0.13921132213985138
1 0.3928818266947207 0.8897867633316618 0.10485616950744614 0.1425545769491748
1 0.36777774392473217 0.26471235226173623 0.09849704210278443 0.13921132213985138
1 0.31040922114405944 0.04838545861500574 0.09480655771188111 0.07821925843752049
1 0.08615077640886983 0.13128969473518964 0.09202878729346102 0.13274306733052793
1 0.15465523974838097 0.1407217476377473 0.09504465988879933 0.12972719473518962
1 0.38346713195953114 0.9733172374285374 0.08973711179556502 0.05336552514292521
1 0.16116318929289403 0.04395587504240901 0.09642362141421197 0.07983632213985134
1 0.22087546207356681 0.2603646142426358 0.0981696598887993 0.12983632213985136
0 0.21430800354337903 0.24683782758214695 0.03880952885594056 0.03880952885594056
0 0.04424840845321894 0.7712326484560539 0.035684528855940534 0.03870040145127884