1 0.74140625 0.60390625 0.0984375 0.2296875
1 0.93359375 0.3828125 0.0953125 0.228125
1 0.84765625 0.38125 0.09375 0.22578125
1 0.6546875 0.6015625 0.0953125 0.23125
1 0.853125 0.021875 0.09375 0.04296875
1 0.9375 0.021875 0.09375 0.04296875
1 0.7453125 0.37890625 0.09609375 0.2265625
1 0.85078125 0.15078125 0.09765625 0.228125
1 0.65234375 0.8328125 0.09609375 0.22734375
1 0.565625 0.83125 0.09296875 0.22890625
1 0.84375 0.60625 0.09375 0.2296875
1 0.753125 0.01953125 0.09375 0.0390625
1 0.66015625 0.3765625 0.09296875 0.2265625
1 0.73828125 0.83359375 0.09375 0.2265625
1 0.9375 0.153125 0.09375 0.2265625
1 0.840625 0.8359375 0.0953125 0.22734375
1 0.5703125 0.6 0.09375 0.23046875
1 0.996875 0.0234375 0.00625 0.046875
1 0.75 0.1484375 0.09453125 0.22890625
1 0.9953125 0.1546875 0.009375 0.23046875
1 0.93046875 0.60703125 0.09375 0.22734375
1 0.575 0.375 0.09375 0.228125
1 0.9265625 0.83359375 0.096875 0.22734375
1 0.665625 0.14765625 0.09296875 0.228125
1 0.66875 0.0171875 0.09375 0.034375
1 0.58125 0.0171875 0.1 0.034375
1 0.9921875 0.37890625 0.015625 0.2265625
1 0.46484375 0.8296875 0.09375 0.23203125
1 0.48125 0.0171875 0.09375 0.034375
1 0.57890625 0.14609375 0.09609375 0.228125
1 0.9859375 0.609375 0.028125 0.2265625
1 0.471875 0.37265625 0.090625 0.22578125
1 0.9890625 0.8359375 0.021875 0.2265625
1 0.46640625 0.59921875 0.0921875 0.22578125
1 0.478125 0.1484375 0.09453125 0.228125
1 0.7375 0.97421875 0.0953125 0.05078125
1 0.465625 0.9734375 0.096875 0.05234375
1 0.553125 0.97421875 0.09375 0.0515625
1 0.6484375 0.97421875 0.096875 0.0515625
1 0.83125 0.97578125 0.09375 0.0484375
1 0.921875 0.97578125 0.09375 0.0484375
1 0.984375 0.97421875 0.03125 0.0515625
0 0.6984375 0.009375 0.028125 0.01875
0 0.5046875 0.7484375 0.02890625 0.034375
0 0.49375 0.74765625 0.03359375 0.0359375
0 0.8765625 0.528125 0.03125 0.0390625