1 0.23821430653075476 0.14791334811322052 0.11652284500534212 0.2078699874635877
1 0.06274069072847442 0.8560765037609237 0.07048116950744616 0.14097199247815267
1 0.11962301923729371 0.023931593494366993 0.0923710384745874 0.047863186988733986
1 0.2106324874709463 0.3434448084589195 0.11474209019601869 0.20157452335696496
1 0.16261410580511532 0.13290812523110923 0.11813990870767296 0.20947795157021037
1 0.2922371515360968 0.35123692491454006 0.1195387176006804 0.20483591567683296
1 0.07700654345354682 0.7047269524281402 0.11167165389834954 0.20304609514371955
1 0.1403373456383143 0.3235929612036288 0.11625002649368783 0.2000574874635877
1 0.3192832572563941 0.16275944662215241 0.11323415389834954 0.20309155925034234
1 0.18465774219545167 0.028491061361913372 0.09744048439090336 0.056982122723826745
1 0.3020263908211417 0.7435380851810969 0.11490578130301125 0.20626202335696497
1 0.14471239862568996 0.7176157458433648 0.1179762176006804 0.20479045157021042
1 0.10946683547151329 0.5145278497625732 0.11959328130301125 0.20639841567683312
1 0.20364843292392615 0.8824762162181937 0.10151291469812274 0.1356312746106063
1 0.3590799111547437 0.3618047003830761 0.11479665389834963 0.20313702335696499
1 0.17873519064365642 0.5273711790711751 0.11646828130301126 0.20630748746358768
1 0.274397442542573 0.8929303314201732 0.10625497840045366 0.13733016693047445
1 0.26138393330244425 0.03206469074965768 0.09776786660488845 0.06412938149931537
1 0.11772829109129412 0.8630790100291298 0.11143355172143132 0.15152905925034227
1 0.06646333601966745 0.31322977421489484 0.09733633538669526 0.19482441818411553
1 0.03963302902557656 0.6870453589337732 0.038343281303011255 0.20403428213245361
1 0.22807053564899854 0.7308311481923628 0.11323415389834954 0.20309155925034225
1 0.4050347295815799 0.049550055951637036 0.10381945916315982 0.09910011190327407
1 0.32982646469027355 0.5542566248353978 0.11652284500534212 0.2078699874635877
1 0.051862666597039295 0.49978103965430104 0.0757887176006804 0.20356292069139795
1 0.34075397477225655 0.04418660603077931 0.0971329495445131 0.08837321206155863
1 0.39423861723786074 0.18169365155757508 0.1148512176006804 0.204699523356965
1 0.09878721878180677 0.11912442154932779 0.11021828130301126 0.20612563103709697
1 0.25818707766696497 0.5407002416867298 0.1164137176006804 0.20474498746358769