1 0.2236411386254678 0.18177415188677948 0.20540455223856363 0.10894440564770322
1 0.06896468396662644 0.134881116851332 0.1379293679332529 0.107262233702664
1 0.07217821517429092 0.19986125917120004 0.14435643034858184 0.12472251834240007
1 0.38956378900958055 0.04654500870898162 0.18962242198083884 0.07572272868809905
1 0.873911133537085 0.12088605997525814 0.14085072930778536 0.09770537727617326
1 0.3981022280645897 0.1672894177218971 0.1867364393936933 0.10996133636823098
1 0.7346472376755282 0.13561248653915087 0.17999511646291494 0.10040447994174029
1 0.7254636674582831 0.0719675236861694 0.1814757293077852 0.09888744404836296
1 0.0689613619403591 0.08720213479802065 0.1379227238807182 0.07127926959604129
1 0.8653040954320158 0.06117007917558802 0.13814180913596852 0.07578491316955058
1 0.7296498784487024 0.03687946984610342 0.17507524310259512 0.0362965158351176
1 0.5582794894845504 0.08196934633085387 0.20038950361804453 0.10255801332783517
1 0.5694792610812766 0.15193250534376931 0.1961114393936935 0.1102341210079671
1 0.5643966926730537 0.03989550659741057 0.17745661465389267 0.051966979941740286
1 0.21255423168263432 0.06486779671392999 0.18789614767057933 0.07255226458147637
1 0.3901093436229934 0.09585468692222698 0.20515889077317437 0.10425690564770318
1 0.21708792345117683 0.11272863519373207 0.21025582654882308 0.11220579796757124