1 0.8064434621583848 0.059381681293469366 0.3097619243167696 0.11876336258693873
1 0.21368304328391083 0.04872666007611217 0.30149306733052794 0.09745332015222434
1 0.499965283665264 0.03665112992432535 0.30305556733052796 0.0733022598486507
1 0.5147842410143253 0.08933714224443398 0.31014387023308565 0.16866506425790634
1 0.2278398017214313 0.1393649530422992 0.3130506154237621 0.16254239825029515
1 0.5401612416472975 0.21113388779580972 0.30819942431676955 0.15766389726171198
1 0.8242981394703793 0.14792032749223605 0.3118700613400782 0.17341623125410077
1 0.053658257256394136 0.16993315661607106 0.1000049784004536 0.13825868676785785
1 0.04518850362819707 0.08421849110275144 0.08743056733052793 0.09093801779449713
1 0.06400053493120833 0.28686598863129353 0.11217759618646846 0.129393022737413
1 0.25612354754508004 0.2547843646012861 0.31132442431676954 0.15779123125410074