1 0.375 0.02734375 0.06875 0.0546875
1 0.0453125 0.29609375 0.0703125 0.16484375
1 0.1140625 0.0265625 0.0734375 0.05234375
1 0.24609375 0.1328125 0.06875 0.1640625
1 0.3140625 0.025 0.071875 0.05
1 0.05 0.9375 0.06875 0.125
1 0.04921875 0.12890625 0.06796875 0.1703125
1 0.121875 0.93359375 0.06875 0.1328125
1 0.24375 0.02578125 0.065625 0.0515625
1 0.253125 0.62890625 0.0703125 0.17421875
1 0.00625 0.290625 0.0125 0.16796875
1 0.0546875 0.79296875 0.06953125 0.1625
1 0.11796875 0.79140625 0.06953125 0.16484375
1 0.184375 0.93359375 0.06875 0.1328125
1 0.24921875 0.2984375 0.0703125 0.16640625
1 0.11640625 0.296875 0.06796875 0.16015625
1 0.04921875 0.6296875 0.071875 0.17265625
1 0.3265625 0.93359375 0.065625 0.1328125
1 0.2484375 0.46015625 0.06796875 0.1609375
1 0.32578125 0.79140625 0.071875 0.1640625
1 0.3890625 0.93359375 0.071875 0.1328125
1 0.009375 0.93515625 0.01875 0.1296875
1 0.1796875 0.02578125 0.0671875 0.0515625
1 0.32421875 0.62890625 0.06953125 0.1734375
1 0.38359375 0.134375 0.06875 0.16640625
1 0.11953125 0.46171875 0.06953125 0.165625
1 0.18125 0.13125 0.06796875 0.16640625
1 0.3234375 0.4625 0.06953125 0.1640625
1 0.253125 0.9375 0.06875 0.125
1 0.18359375 0.296875 0.06953125 0.159375
1 0.00625 0.0234375 0.0125 0.046875
1 0.31953125 0.303125 0.0671875 0.1671875
1 0.003125 0.4609375 0.00625 0.1640625
1 0.38828125 0.78359375 0.06953125 0.16640625
1 0.009375 0.78515625 0.01875 0.1640625
1 0.39453125 0.62890625 0.06796875 0.1703125
1 0.3171875 0.13515625 0.06875 0.16484375
1 0.0046875 0.62890625 0.009375 0.171875
1 0.00625 0.1265625 0.0125 0.16796875
1 0.1765625 0.46171875 0.06953125 0.165625
1 0.046875 0.45859375 0.06953125 0.1640625
1 0.11875 0.6296875 0.06796875 0.17265625
1 0.38046875 0.46640625 0.07109375 0.16328125
1 0.25234375 0.79140625 0.0671875 0.1625
1 0.38828125 0.30234375 0.06796875 0.16484375
1 0.1828125 0.7859375 0.07265625 0.165625
1 0.11484375 0.13203125 0.06875 0.16484375
1 0.17890625 0.6296875 0.07265625 0.17109375
1 0.04296875 0.0234375 0.06640625 0.046875
1 0.21015625 0.0265625 0.1296875 0.053125
1 0.0359375 0.0234375 0.071875 0.046875
0 0.2890625 0.51875 0.01171875 0.0359375
0 0.14140625 0.35078125 0.01796875 0.03359375