1 0.5648537393726896 0.9485424696019258 0.2600931383672897 0.10291506079614834
1 0.5839178776417835 0.7773996395753553 0.2569772287263696 0.13693503556536052
1 0.11407509377692518 0.5983540709258335 0.22815018755385036 0.13108314185166686
1 0.09263993443059239 0.9489705010334573 0.18527986886118478 0.060441002066914606
1 0.09680071448482168 0.898371187551222 0.19360142896964336 0.1342423751024441
1 0.1017518348981306 0.8079645113725394 0.2035036697962612 0.134679022745079
1 0.8469042118525432 0.7060320235691393 0.2522806383672897 0.1351542117440431
1 0.813209426140973 0.9684633254739474 0.2536795119038569 0.06307334905210524
1 0.5962502268796577 0.6724766991286492 0.25072722872636943 0.13664393713693707
1 0.3495297629840112 0.6344158112059237 0.2554329094445286 0.1399872609582548
1 0.8214582633767946 0.9158415171589986 0.25699540944452864 0.14006003556536087
1 0.8306428867169698 0.8146792774980808 0.25697722872636924 0.13693503556536052
1 0.3356485492847564 0.736922227045524 0.256986319085449 0.13849753556536068
1 0.6069382628858154 0.5815434840748374 0.2554238190854491 0.13842476095825482
1 0.31417248332256537 0.9329730696852337 0.25699540944452864 0.13405386062953256
1 0.12215121419023409 0.5104366939613627 0.24430242838046817 0.1364983879227255
1 0.5755145043016083 0.878598266539826 0.26325449980360816 0.14191363399378396
1 0.11142227156821818 0.7060574090151747 0.22284454313643637 0.1339898180303493
1 0.8489712267814618 0.6193860481762452 0.2601113190854491 0.1386430847795724
1 0.36104450078556694 0.5357064834556647 0.24600336729005096 0.13017561331561964
1 0.3233162000468822 0.84184516749223 0.26012040944452863 0.14020558477957223