1 0 0.71569190625 0.008474575 0.714088984375 0 0.6561378390625 0 0.71569190625
1 0 0.714563171875 0.077330509375 0.70084745625 0.05137711874999999 0.5154661015625 0 0.525238921875 0 0.714563171875
1 0.12394067812500001 0.5028866515625 0.047669490625 0.513479871875 0.070444915625 0.7061440671875 0.148305084375 0.6882680078125001 0.12394067812500001 0.5028866515625
1 0.19597457499999998 0.4896451296875 0.11864406875 0.502224578125 0.1424788125 0.6876059328124999 0.22086864374999998 0.6723781796875 0.19597457499999998 0.4896451296875
1 0.266949153125 0.4777277546875 0.190677965625 0.48898305000000003 0.21133474687499998 0.678998940625 0.291843221875 0.6637711875 0.266949153125 0.4777277546875
1 0.338453390625 0.46514830468749996 0.260593221875 0.473755296875 0.28548728749999996 0.6644332609375 0.362288134375 0.6518538125 0.338453390625 0.46514830468749996
1 0.40836864375 0.4532309328125 0.33050847499999997 0.463162078125 0.35487288125 0.6485434328124999 0.431673728125 0.6339777546875001 0.40836864375 0.4532309328125
1 0.4777542375 0.4413135578125 0.39989406875 0.4545550859375 0.42425847499999997 0.6366260578125 0.5005296625 0.624046609375 0.4777542375 0.4413135578125
1 0 0.535638878125 0.05455508437499999 0.523411015625 0.029661015625 0.3433262703125 0 0.3472810734375 0 0.535638878125
1 0.102224575 0.3300847453125 0.023305084375 0.34134004375 0.049258475 0.527383471875 0.128177965625 0.51414195 0.102224575 0.3300847453125
1 0.174258475 0.317505296875 0.09269067812500001 0.3300847453125 0.11970339062499999 0.5181144062499999 0.20021186562499999 0.5015625 0.174258475 0.317505296875
1 0.24523305 0.3042637703125 0.16260593125 0.31882945 0.189088984375 0.508845340625 0.271716103125 0.49163135625 0.24523305 0.3042637703125
1 0.314088984375 0.2963188546875 0.23728813437500001 0.3082362296875 0.260063559375 0.4896451296875 0.338453390625 0.4777277546875 0.314088984375 0.2963188546875
1 0.3840042375 0.28042902812500003 0.306673728125 0.294994703125 0.33209745625 0.4810381375 0.40942796562500006 0.46514830468749996 0.3840042375 0.28042902812500003
1 0.452330509375 0.2704978828125 0.376059321875 0.2817531796875 0.40095339062499996 0.4691207609375 0.47934322187499995 0.451244703125 0.452330509375 0.2704978828125
1 0.42637711874999995 0.10431673906250001 0.35222457500000004 0.11358580468749999 0.378177965625 0.29367055 0.452330509375 0.27976695 0.42637711874999995 0.10431673906250001
1 0.36016949062500003 0.1129237296875 0.28548728749999996 0.12484110156249999 0.309322034375 0.3042637703125 0.38347457500000004 0.2943326296875 0.36016949062500003 0.1129237296875
1 0.289194915625 0.1264565671875 0.21398305 0.139036015625 0.23834745625 0.3184586875 0.31673728749999996 0.3005826296875 0.289194915625 0.1264565671875
1 0.21822033749999997 0.13837394218750002 0.141949153125 0.1489671609375 0.16790254375 0.333686440625 0.24841101562499998 0.3151483046875 0.21822033749999997 0.13837394218750002
1 0.153072034375 0.1489671609375 0.0762711875 0.161546609375 0.09639830625 0.3422934328125 0.173199153125 0.330376059375 0.153072034375 0.1489671609375
1 0.0799788125 0.1595603828125 0.0005296625 0.17015360156249998 0.023834746875 0.35553495625 0.10275423749999998 0.3436175859375 0.0799788125 0.1595603828125
1 0 0.3631683078125 0.033368643749999996 0.3601694921875 0.012182203125 0.17015360156249998 0 0.1720446296875 0 0.3631683078125
1 0 0.1845473078125 0.012711865624999999 0.18207097187500002 0 0.0898408703125 0 0.1845473078125
1 0 0.15036288281250001 0.003707628125 0.184057203125 0.081567796875 0.173463984375 0.057733049999999994 0 0 0.004672640625 0 0.15036288281250001
1 0.050317796875 0 0.072033896875 0.1708156796875 0.150953390625 0.15625 0.12976695 0 0.050317796875 0
1 0.125 0 0.144067796875 0.1588983046875 0.21927966250000003 0.14565678124999998 0.20338983124999999 0 0.125 0
1 0.194915253125 0 0.21398305 0.1502913125 0.29237288125 0.1370497890625 0.275423728125 0 0.194915253125 0
1 0.26483050937499997 0 0.286546609375 0.1370497890625 0.360699153125 0.1244703390625 0.36175847499999997 0.1251324140625 0.345338984375 0 0.26483050937499997 0
1 0.353283896875 0.1264565671875 0.42690677812500005 0.11189089062499999 0.41048728749999996 0.000662078125 0.333156778125 0 0.353283896875 0.1264565671875
1 0 0.0068013281250000005 0.054025425 0.000662078125 0 0.000150471875 0 0.0068013281250000005
0 0.0375 0.49453125 0.02734375 0.0296875
0 0.109375 0.48125 0.02890625 0.034375