1 0.15145691910855233 0.5474373685927999 0.25818823620994646 0.13069022037968575
1 0.14457277012476671 0.6496219511023138 0.2613587003165691 0.1323800543720747
1 0.1325942926903089 0.8462422831175364 0.25667120031656915 0.13218905338349138
1 0.62846908234461 0.9008633879073529 0.2565802721033238 0.1290640533834914
1 0.13718015578071718 0.7423997001137307 0.25979620031656914 0.13231638737588014
1 0.6400407313283956 0.798869806386422 0.2596598079967011 0.12762888737588013
1 0.12393197001237093 0.93961028114037 0.24786394002474185 0.11962538638729683
1 0.4032323677757688 0.5772508384781941 0.2534552721033238 0.12893671939110263
1 0.6213265205869851 0.9691943048663662 0.26022209765100224 0.061611390267267654
1 0.3866800506078677 0.7697739195048333 0.26126777210332375 0.12925505437207468
1 0.37005953728003255 0.9539128616727176 0.260813131037097 0.09217427665456483
1 0.6482373277257564 0.7053426408731024 0.26122230799670093 0.1276925543720747
1 0.38055441957077074 0.8727715855124446 0.2580973079967011 0.12756522037968593
1 0.8406077180005603 0.9827222470714314 0.2144094924781527 0.03455550585713709
1 0.003721764252271966 0.9241060034600412 0.007443528504543932 0.10446200692008248
1 0.01967468784666381 0.5284260889353046 0.03934937569332762 0.1099771778706092
1 0.01453489528936892 0.7228618384410131 0.02906979057873784 0.11447367688202625
1 0.012989115664197762 0.829111838441013 0.025978231328395524 0.11447367688202599
1 0.015876086434738014 0.6306743384410132 0.03175217286947603 0.11447367688202625
1 0.39634821879198323 0.6794354209877081 0.2580518438900784 0.12600272037968577
1 0.8754650689502677 0.6379481883250947 0.21452916442319178 0.13203254448624283
1 0.8491536553850058 0.9239347678688592 0.21742684389007855 0.12434737847863175
1 0.8650611148727749 0.7266923533441227 0.21742684389007821 0.12434737847863175
1 0.6558345305496079 0.6055336418616856 0.26135870031656905 0.1323800543720747
1 0.856659929995612 0.8272507688574425 0.2174268438900783 0.12434737847863167
0 0.08324647670954201 0.5798559377564411 0.049528638558944335 0.03947367688202626
0 0.5600326340731048 0.7259960390862165 0.06846049498543501 0.04648768083635879
0 0.7903864091459294 0.9543915890096667 0.04631271034569906 0.0362213428896375
0 0.5715133548436451 0.6271274575652857 0.04663095909205772 0.04715884288963732
0 0.5492649671426306 0.8272402041052445 0.04015363855894431 0.039091674904859985
0 0.2929263874383171 0.9004880672236559 0.04019910266556703 0.04065417490485999