1 0.39863059456283845 0.1586222790665969 0.28680234496658025 0.14568140159486137
1 0.9045550864451636 0.0312687309108673 0.19001707386326175 0.059087978532847384
1 0.41210848782513543 0.06363289456729156 0.2851307508107789 0.1272657891345831
1 0.6713998928585552 0.19053920060999943 0.28674779788867966 0.14255640159486135
1 0.8814861846614501 0.3238744582094437 0.2273182508107788 0.13804943313000012
1 0.6795863141240293 0.0794562302452772 0.2804977978886797 0.14241093123013912
1 0.6421879054404569 0.29820688345565916 0.2898455243497292 0.14106663677722242
1 0.3772038336057898 0.2676706239563538 0.2820057508107789 0.13932229882131966
1 0.14118628733866803 0.14352918161138878 0.23979097727182858 0.13677787385944465
1 0.6862005527599435 0.021687936361041434 0.26811480032431145 0.04337587272208287
1 0.13314987053742078 0.246018401976111 0.2460682508107789 0.13848584422416685
1 0.8920299926963994 0.21195568645795065 0.2101034772718286 0.13608688962701407
1 0.15844769967568845 0.05272495649701388 0.25185460064862314 0.10544991299402776
1 0.8984766359586963 0.11106533368440896 0.20064665665497755 0.1311811840799307
0 0.8548726862830079 0.05897681003305484 0.05698638555165943 0.04349673328250004