1 0.3710830413036536 0.10060833157719493 0.2511940901291547 0.1527467191541537
1 0.74722462179939 0.48252121023229055 0.24816001834240015 0.15581717207625304
1 0.29912443942950945 0.36762428206366227 0.2543190901291547 0.15280126623205437
1 0.7697468279884538 0.3969285836090851 0.24963159012915473 0.1527194456152034
1 0.34584501207419394 0.20031800527830104 0.25280205423577745 0.15433649269310407
1 0.8484806155976908 0.0672626286583909 0.22249477711788862 0.07884556899199793
1 0.17833560015828456 0.060173840909390486 0.1816712003165691 0.12034768181878097
1 0.5663681122324785 0.2574372098252534 0.2528020542357773 0.15433649269310407
1 0.9181208288463836 0.5458182767919518 0.16375834230723285 0.13904668344033871
1 0.15452367860895677 0.15285049026076736 0.17721102084968257 0.1327148628234877
1 0.13577133010002485 0.23368743303659695 0.17082462852981445 0.12791826866768635
1 0.5477066919367919 0.34139915260108306 0.2528020542357773 0.15433649269310407
1 0.525184485747728 0.42699177922428844 0.25123955423577743 0.15430921915415366
1 0.32249609177850735 0.2843617686709817 0.25592705423577733 0.15439103977100474
1 0.7212735387298642 0.5845882707028718 0.2465065901291547 0.15266489853730256
1 0.7907747303374517 0.31370698052483004 0.24963159012915453 0.15271944561520331
1 0.19898306927947218 0.017795426136738103 0.17921613855894436 0.035590852273476206
1 0.6274263180258309 0.025214639612144242 0.2298526360516618 0.050429279224288484
1 0.9084449578051629 0.6328643092593559 0.1831100843896742 0.13915577759614023
1 0.3928383693586145 0.046886862419745934 0.25130173871722894 0.09377372483949187
1 0.9307284774344577 0.44479156494139876 0.1385430451310846 0.13699325973923263
1 0.9756508693586146 0.11346369846446303 0.04869826128277097 0.06496252678536121
1 0.5915606773553155 0.15616503612414734 0.2511940901291547 0.1527467191541537
1 0.8099900801000249 0.22191890097952527 0.24650659012915463 0.15266489853730272
1 0.11715537391096098 0.31921187581242655 0.17247805674305985 0.13107054220663672
1 0.8346741798625981 0.13003536404789431 0.2432906619159092 0.14948535145940198
1 0.9636282424781527 0.17930688677606574 0.07274351504369463 0.13102390340856668
1 0.5038754385715796 0.5274145190780188 0.248023626022532 0.15112967207625302
1 0.09343438057487854 0.4173317759745824 0.1663189849563052 0.1340864480508353
1 0.9523785054102764 0.2662438250876685 0.09524298917944733 0.13302278003177212
1 0.6126113117576247 0.07543964630848456 0.25123955423577726 0.1508792926169691
1 0.9420236786089567 0.360198376629796 0.11595264278208646 0.13343188311602727
1 0.269934696093427 0.4658396396121443 0.25592705423577733 0.1543910397710047
0 0.4225739627864744 0.47333671956448614 0.043369566772189574 0.041361385551659066
0 0.42386367814673837 0.4639344460255358 0.04493206677218975 0.041388659090609535
0 0.24592758010002483 0.23176464854059803 0.04640363855894432 0.03829093262955983
0 0.2898497616784825 0.048874282063662275 0.04493206677218975 0.041388659090609514
0 0.889154742873864 0.20255920049305792 0.04805706677218957 0.0414432061685102