1 0.9823006206655167 0.8583770018698698 0.03539875866896658 0.11190111067790838
1 0.9700967522779 0.790526430537915 0.059806495444199824 0.11682496801399936
1 0.9350098497600037 0.5479394885423694 0.12998030047999265 0.10955790802036276
1 0.9456967207784561 0.623566197207233 0.10860655844308767 0.1172795013526354
1 0.9999978129283008 0.5189963285328243 0.000004374143398422348 0.09563976400381798
1 0.9002238680346807 0.39605027188100544 0.1535183841020448 0.11577154535327176
1 0.9566111049510884 0.7047161998727332 0.08677779009782327 0.12020450668363551
1 0.9889469208631606 0.4300338258673243 0.022106158273678744 0.08646475867281786
1 0.9756394314217982 0.365362798536006 0.04872113715640367 0.09289657200827231
1 0.9227870826948636 0.46692584587846014 0.15442583461027262 0.11578972668681722
0 0.9544486364505321 0.4008917658736877 0.03848564732681155 0.044168170671545284
0 0.9544303098033545 0.7495656232097785 0.03463260523343692 0.03163180800445424