1 0.196875 0.3390625 0.06953125 0.1609375
1 0.1234375 0.3390625 0.07109375 0.16171875
1 0.20234375 0.840625 0.0703125 0.16640625
1 0.278125 0.96640625 0.06875 0.0671875
1 0.0140625 0.8453125 0.028125 0.16796875
1 0.328125 0.34765625 0.06796875 0.16328125
1 0.25546875 0.0484375 0.0734375 0.096875
1 0.06875 0.96640625 0.075 0.0671875
1 0.203125 0.9625 0.06875 0.07421875
1 0.40234375 0.3453125 0.0703125 0.165625
1 0.3421875 0.96484375 0.071875 0.0703125
1 0.203125 0.67421875 0.071875 0.17109375
1 0.015625 0.9625 0.03125 0.07421875
1 0.3265625 0.1875 0.06796875 0.16640625
1 0.06015625 0.340625 0.0703125 0.16328125
1 0.26796875 0.84140625 0.06953125 0.165625
1 0.409375 0.67578125 0.0703125 0.17421875
1 0.1296875 0.9625 0.071875 0.07421875
1 0.1265625 0.5046875 0.0703125 0.171875
1 0.33359375 0.5046875 0.06875 0.16875
1 0.0125 0.51171875 0.025 0.171875
1 0.20078125 0.509375 0.071875 0.1703125
1 0.05234375 0.046875 0.06953125 0.09375
1 0.27421875 0.50390625 0.07109375 0.1703125
1 0.3390625 0.84921875 0.07109375 0.1671875
1 0.0125 0.67578125 0.025 0.171875
1 0.12109375 0.0484375 0.07109375 0.09609375
1 0.1296875 0.840625 0.07109375 0.16484375
1 0.4109375 0.8453125 0.06953125 0.16328125
1 0.40703125 0.5140625 0.07109375 0.16484375
1 0.47265625 0.6734375 0.0703125 0.17265625
1 0.128125 0.67578125 0.07265625 0.1703125
1 0.47578125 0.8453125 0.0703125 0.1671875
1 0.12421875 0.18125 0.07109375 0.1640625
1 0.4 0.18828125 0.06796875 0.16484375
1 0.478125 0.9609375 0.06875 0.078125
1 0.0125 0.33984375 0.025 0.171875
1 0.3265625 0.04921875 0.0703125 0.0984375
1 0.0625 0.51171875 0.0703125 0.1703125
1 0.46953125 0.5140625 0.06953125 0.1625
1 0.46015625 0.1875 0.0671875 0.1671875
1 0.0671875 0.846875 0.071875 0.165625
1 0.2671875 0.67421875 0.06796875 0.17265625
1 0.4140625 0.9609375 0.071875 0.078125
1 0.0640625 0.67578125 0.0703125 0.1703125
1 0.46640625 0.346875 0.06875 0.16796875
1 0.059375 0.1828125 0.06953125 0.1703125
1 0.3359375 0.6765625 0.07265625 0.17421875
1 0.18671875 0.1828125 0.071875 0.1640625
1 0.45859375 0.05 0.0734375 0.1
1 0.25703125 0.18203125 0.06875 0.16171875
1 0.0078125 0.1796875 0.015625 0.171875
1 0.26953125 0.33671875 0.07421875 0.165625
1 0.171875 0.05078125 0.10234375 0.10078125
1 0.38359375 0.0515625 0.0875 0.1015625
1 0.0125 0.046875 0.025 0.09375
0 0.1546875 0.284375 0.01953125 0.03515625
0 0.08125 0.11953125 0.01953125 0.03125
0 0.41875 0.128125 0.0265625 0.025