1 0.1270967661379514 0.36035788536153285 0.09367294724210717 0.13631418479069152
1 0.08468394005547109 0.6068163912930318 0.09192843671876347 0.13312551779449713
1 0.010106687212873658 0.8416317430799178 0.020213374425747315 0.12923651384016432
1 0.050129116603826705 0.8521753122435589 0.09192843671876347 0.13312551779449713
1 0.2054114819370844 0.36729895205371604 0.09367294724210717 0.13631418479069152
1 0.06802851912172317 0.7321983932701982 0.09201944198043532 0.13468801779449713
1 0.04347880677473388 0.4753873191636412 0.08695761354946777 0.13637785178688588
1 0.17538713687405524 0.030887902661738364 0.0929757262518895 0.06177580532347673
1 0.03163547130785992 0.5986484056274879 0.06327094261571985 0.13156301779449714
1 0.11077090002823486 0.028254992585626193 0.08783319994353027 0.056509985171252386
1 0.003703310720987772 0.47280083003805606 0.007406621441975544 0.1293983399238879
1 0.02146839241807577 0.7217821580989459 0.04293678483615154 0.13456068380210837
1 0.05811154770798248 0.3538160666921832 0.09174642619541977 0.13000051779449712
1 0.002742237269343393 0.9363221605704037 0.005484474538686786 0.08048067885919252
1 0.04836190528990671 0.027679331026639258 0.05952618942018657 0.055358662053278516
1 0.10745285309671124 0.483523471331088 0.095326452503779 0.13794035178688588
1 0.16335059748210354 0.11259154741481132 0.09220145250377901 0.13781301779449712
1 0.24189282643541615 0.11562636410699456 0.09523544724210717 0.13637785178688594
1 0.14482623755169208 0.738421876958576 0.09478042093374793 0.12856535178688588
1 0.2154194586124969 0.7441187786317311 0.09201944198043535 0.13468801779449713
1 0.0927573764212987 0.10689464574165615 0.09211044724210718 0.13625051779449712
1 0.28464395562872513 0.3718644352478021 0.09523544724210717 0.13637785178688597
1 0.14242490550166823 0.24438271688246366 0.09027493145709165 0.13149935079830274
1 0.18503182152668013 0.4897151215213684 0.09854245776545092 0.13963018577927463
1 0.24062312691540894 0.6191678581754955 0.0938549577654509 0.1394391847906915
1 0.21935913182414488 0.2482624505708413 0.09523544724210717 0.13637785178688588
1 0.021303093500556074 0.22997666007611217 0.04260618700111215 0.12984400889724856
1 0.07674669759504302 0.23458856422072533 0.09211044724210718 0.13625051779449712
1 0.16143615585460408 0.6138211249814095 0.09229245776545084 0.13937551779449714
1 0.03499037905213464 0.10846907460084862 0.057644441980435314 0.13328734387822055
1 0.012216884349100074 0.35142057855518133 0.02443376869820015 0.12340300790866543
1 0.33513386319653193 0.03460846885963 0.08910727360693613 0.06921693771926
1 0.25801762635071157 0.03232572726258699 0.0933397472985769 0.06465145452517398
1 0.1255008429263034 0.8561187129281309 0.09505343671876347 0.1332528517868859
1 0.19430405083292862 0.8657855315974805 0.09836044724210717 0.13650518577927465
1 0.2579232899566491 0.4960977727002319 0.09514444198043534 0.1348153517868859
1 0.32007103434204137 0.1249111807991778 0.09201944198043535 0.13468801779449713
1 0.29946386077745746 0.25123360026683017 0.09541745776545092 0.1395028517868859
1 0.07115096753807396 0.9420363082892262 0.1423019350761479 0.07967686562705012
1 0.10620554038017208 0.9465354658938805 0.0943562157285458 0.06775518577927464
1 0.1791425114409769 0.952136867072744 0.0906851841585147 0.058252851786885884