1 0.22421875 0.54375 0.07109375 0.17109375
1 0.2234375 0.371875 0.0703125 0.16484375
1 0.2234375 0.98046875 0.071875 0.0390625
1 0.2984375 0.98203125 0.071875 0.0359375
1 0.29609375 0.5421875 0.06875 0.1703125
1 0.228125 0.87734375 0.07265625 0.17578125
1 0.22734375 0.70625 0.07421875 0.1609375
1 0.3640625 0.98203125 0.065625 0.0359375
1 0.0234375 0.703125 0.046875 0.171875
1 0.2984375 0.70625 0.06953125 0.1625
1 0.35390625 0.06953125 0.071875 0.1390625
1 0.0296875 0.98203125 0.059375 0.0359375
1 0.025 0.5390625 0.05 0.171875
1 0.22109375 0.21796875 0.06953125 0.16328125
1 0.146875 0.21484375 0.0703125 0.16171875
1 0.353125 0.21953125 0.06796875 0.15859375
1 0.29765625 0.87734375 0.07109375 0.17421875
1 0.14921875 0.54375 0.06953125 0.17109375
1 0.43125 0.5421875 0.06953125 0.165625
1 0.42578125 0.215625 0.0703125 0.1625
1 0.08671875 0.53984375 0.0703125 0.16953125
1 0.025 0.8765625 0.05 0.16796875
1 0.08671875 0.3796875 0.071875 0.1671875
1 0.0890625 0.98203125 0.071875 0.0359375
1 0.025 0.36875 0.05 0.16796875
1 0.153125 0.37109375 0.07109375 0.1671875
1 0.15546875 0.87734375 0.07109375 0.175
1 0.1546875 0.70546875 0.07109375 0.1640625
1 0.36484375 0.7109375 0.07578125 0.16953125
1 0.42734375 0.3796875 0.0671875 0.16953125
1 0.0828125 0.21171875 0.071875 0.1625
1 0.434375 0.98046875 0.06875 0.0390625
1 0.1546875 0.98203125 0.071875 0.0359375
1 0.08984375 0.87734375 0.0734375 0.1734375
1 0.4265625 0.8796875 0.06953125 0.1703125
1 0.0234375 0.20703125 0.046875 0.1640625
1 0.35859375 0.54140625 0.06953125 0.1671875
1 0.3546875 0.37734375 0.0703125 0.16796875
1 0.1453125 0.065625 0.071875 0.13125
1 0.4328125 0.70625 0.06875 0.16953125
1 0.29453125 0.3734375 0.06953125 0.165625
1 0.0890625 0.7046875 0.07265625 0.16640625
1 0.084375 0.0625 0.075 0.125
1 0.28671875 0.22265625 0.08046875 0.16171875
1 0.421875 0.06796875 0.06796875 0.1359375
1 0.3625 0.878125 0.07109375 0.17265625
1 0.21953125 0.071875 0.06953125 0.1375
1 0.0234375 0.0609375 0.046875 0.12109375
1 0.28828125 0.071875 0.06953125 0.13828125
0 0.03671875 0.2640625 0.02265625 0.03671875