1 0.2359375 0.9390625 0.078125 0.12109375
1 0.3109375 0.6109375 0.075 0.18125
1 0.3109375 0.790625 0.07578125 0.1796875
1 0.3109375 0.43984375 0.07578125 0.175
1 0.309375 0.9375 0.075 0.125
1 0.31171875 0.2640625 0.07421875 0.17578125
1 0.23828125 0.78984375 0.07421875 0.17890625
1 0.2375 0.60859375 0.075 0.17578125
1 0.3125 0.09453125 0.071875 0.1796875
1 0.0296875 0.25 0.059375 0.171875
1 0.159375 0.9375 0.075 0.125
1 0.23671875 0.43671875 0.071875 0.17265625
1 0.09140625 0.7875 0.078125 0.18046875
1 0.0265625 0.78125 0.053125 0.1796875
1 0.240625 0.09296875 0.0765625 0.1765625
1 0.0296875 0.0875 0.059375 0.16796875
1 0.0296875 0.59765625 0.059375 0.1796875
1 0.028125 0.428125 0.05625 0.17578125
1 0.23828125 0.26015625 0.07265625 0.17109375
1 0.16640625 0.7875 0.0796875 0.178125
1 0.0984375 0.25546875 0.07421875 0.1734375
1 0.0921875 0.9375 0.078125 0.125
1 0.09296875 0.4328125 0.07734375 0.17734375
1 0.1640625 0.08515625 0.078125 0.16953125
1 0.16875 0.25703125 0.07578125 0.1703125
1 0.1625 0.6046875 0.07578125 0.1734375
1 0.0265625 0.93515625 0.053125 0.1296875
1 0.16171875 0.43515625 0.078125 0.175
1 0.09296875 0.60546875 0.078125 0.1703125
1 0.096875 0.0890625 0.07890625 0.17109375
0 0.003125 0.803125 0.00625 0.03515625