1 0.9703125 0.49375 0.059375 0.17578125
1 0.9046875 0.0328125 0.071875 0.065625
1 0.971875 0.66796875 0.05625 0.171875
1 0.69921875 0.85234375 0.07265625 0.17890625
1 0.69375 0.03515625 0.075 0.0703125
1 0.625 0.33046875 0.07109375 0.17734375
1 0.90859375 0.671875 0.07421875 0.171875
1 0.84140625 0.15390625 0.0734375 0.175
1 0.628125 0.03515625 0.06875 0.0703125
1 0.625 0.15390625 0.071875 0.17421875
1 0.9078125 0.1515625 0.06953125 0.17265625
1 0.76484375 0.8453125 0.06875 0.184375
1 0.7640625 0.1546875 0.06953125 0.175
1 0.971875 0.8421875 0.05625 0.16796875
1 0.7703125 0.67265625 0.06953125 0.1765625
1 0.7625 0.5046875 0.071875 0.1765625
1 0.6984375 0.6734375 0.07578125 0.1765625
1 0.9734375 0.9625 0.053125 0.07421875
1 0.9703125 0.32421875 0.059375 0.171875
1 0.625 0.50859375 0.07109375 0.17734375
1 0.76328125 0.33125 0.07109375 0.175
1 0.971875 0.1484375 0.05625 0.171875
1 0.6296875 0.67890625 0.06875 0.17109375
1 0.765625 0.03515625 0.06875 0.0703125
1 0.6984375 0.1546875 0.07734375 0.1734375
1 0.90859375 0.3265625 0.07109375 0.1734375
1 0.69296875 0.32890625 0.075 0.17578125
1 0.9078125 0.49609375 0.07265625 0.1734375
1 0.9078125 0.84453125 0.071875 0.171875
1 0.840625 0.50703125 0.0734375 0.1765625
1 0.69453125 0.4984375 0.07109375 0.17578125
1 0.96875 0.0328125 0.0625 0.065625
1 0.84140625 0.84609375 0.075 0.1828125
1 0.771875 0.97265625 0.07109375 0.0546875
1 0.84296875 0.328125 0.07265625 0.1734375
1 0.84140625 0.68046875 0.07421875 0.17890625
1 0.8375 0.0328125 0.075 0.065625
1 0.62578125 0.853125 0.07109375 0.1796875
1 0.69609375 0.96796875 0.07421875 0.0640625
1 0.840625 0.96484375 0.075 0.0703125
1 0.90859375 0.96484375 0.07265625 0.0703125
1 0.62734375 0.9671875 0.075 0.065625
1 0.7328125 0.96875 0.153125 0.0625
0 0.790625 0.73515625 0.0296875 0.0375
0 0.8625 0.60703125 0.02734375 0.03046875
0 0.65546875 0.39296875 0.02265625 0.03671875
0 0.73046875 0.9046875 0.02890625 0.0375
0 0.71640625 0.9046875 0.03515625 0.04140625
0 0.71484375 0.559375 0.0328125 0.0390625
0 0.86484375 0.040625 0.0203125 0.034375
0 0.7328125 0.559375 0.025 0.03671875
0 0.78984375 0.90703125 0.0296875 0.0390625
0 0.996875 0.0390625 0.00625 0.03125
0 0.99375 0.20703125 0.0125 0.03125
0 0.8640625 0.38515625 0.02109375 0.03046875
0 0.86640625 0.73046875 0.02265625 0.025
0 0.8640625 0.775 0.02578125 0.02734375
0 0.865625 0.89765625 0.021875 0.03203125