1 0.6765602572360893 0.2015043387571322 0.1693918091359686 0.07380222135581711
1 0.6725887302122963 0.1257230887571322 0.1693918091359686 0.07380222135581715
1 0.15887811227904336 0.20094597668681727 0.17564180913596855 0.07387494668999892
1 0.04109747003553096 0.2776528326702726 0.056891809135968585 0.07249316534054513
1 0.1434600729307785 0.011038592019408199 0.17442014586155702 0.02076812802354437
1 0.6750497461548128 0.3365605914226323 0.17243492198083885 0.07227608402290801
1 0.965025213703953 0.2642883387969031 0.069949572592094 0.0759454293443631
1 0.029756099050060325 0.06124658267027257 0.057219357756487586 0.07874316534054512
1 0.040950305856608235 0.2003545360041362 0.06314180913596859 0.07256589067472688
1 0.6806247167561705 0.41314127275617774 0.1756418091359686 0.07387494668999892
1 0.046140174128545416 0.344077264003818 0.060180583446228085 0.07565452800763595
1 0.33079405585660826 0.20372717337681617 0.1804930834462281 0.07705449069063527
1 0.031823210085908264 0.011301126670908896 0.06052142017181653 0.0225658906747269
1 0.839811608999683 0.3369162221116767 0.17555992198083886 0.07231244668999892
1 0.6675869696968466 0.06007990742358675 0.17251680913596862 0.07383858402290804
1 0.16165895352718757 0.2689056360200445 0.1740793091359686 0.07385676535645347
1 0.34040915253181936 0.4169902420432708 0.1850168091359686 0.0739840346912715
1 0.03697877883281527 0.12457328600413617 0.0633055834462281 0.0756908906747269
1 0.5016178109449909 0.12607598273390602 0.1818918091359686 0.07394767202418072
1 0.512055101197767 0.3401293920671333 0.17876680913596843 0.07391130935708982
1 0.4894719357756488 0.01350325739972422 0.17894387155129757 0.017697672024180704
1 0.5009837251239136 0.20336518873326964 0.17893058344622811 0.07703630935708983
1 0.9595387743102595 0.0533508387969031 0.08092245137948098 0.07282042934436313
1 0.5096427521477066 0.27920098273390603 0.17884869629109837 0.07547380935708983
1 0.15687295624072103 0.3414618886855446 0.17572369629109835 0.07543744668999892
1 0.31994068577564877 0.011530582710043459 0.17738137155129757 0.01767949069063526
1 0.9614017070894614 0.1260070887969031 0.07719658582107733 0.07594542934436314
1 0.15494752883281526 0.12594597668681726 0.17416119629109836 0.07541926535645346
1 0.16545009610938424 0.4157351826861809 0.17251680913596862 0.07383858402290802
1 0.5066516282215598 0.41580155406586067 0.17251680913596862 0.07383858402290802
1 0.34536996946970405 0.48185217337681613 0.1818918091359686 0.07394767202418073
1 0.3251781416776855 0.12636524204327074 0.17893058344622811 0.07703630935708983
1 0.16901218735752846 0.48370393268618095 0.1756418091359686 0.07387494668999892
1 0.8351296737898611 0.12839519744585845 0.17251680913596878 0.07383858402290806
1 0.843001886023476 0.41268838144490394 0.17399742198083884 0.07229426535645342
1 0.05811563093509333 0.48319430800445434 0.06939180913596858 0.07263861600890867
1 0.6668156857756488 0.0155668387571322 0.17738137155129757 0.017679490690635263
1 0.9654075336382846 0.33692640746335767 0.06918493272343085 0.07285679201145401
1 0.4911473004295413 0.06036916673295149 0.1787668091359686 0.07391130935708982
1 0.5108311951594445 0.4806543947326333 0.17251680913596862 0.07383858402290802
1 0.8470176786511011 0.47441622211167667 0.17547803482570917 0.07074994668999893
1 0.14529921189493059 0.061029501352635476 0.17580558344622807 0.07699994668999892
1 0.3334520663720578 0.2693430827100435 0.18180992198083884 0.07238517202418074
1 0.05467637041964375 0.41756930800445435 0.0695555834462281 0.07576361600890866
1 0.321697937584671 0.05995899204327073 0.1787668091359686 0.07391130935708982
1 0.682542420849185 0.47952934142263215 0.1772043091359686 0.07389312802354446
1 0.8300460261192818 0.06118951611231301 0.1787668091359685 0.07391130935708982
1 0.3356154319304615 0.340418651376498 0.18361808344622813 0.0770908533577261
1 0.8369654907277457 0.19322076611231304 0.17268058344622822 0.07696358402290807
1 0.9689696248864287 0.4744264074633577 0.062060750227142594 0.07598179201145391
1 0.8415135498637145 0.26510485677908574 0.1709543091359685 0.07382040268936266
1 0.8306325243102595 0.012788378779403906 0.178452548620519 0.008322672024180706
1 0.6828345906823173 0.27653161075745036 0.17588747060135787 0.07856244668999893
1 0.9607809093734534 0.17755140746335765 0.07843818125309313 0.10723179201145401
1 0.9643330345427955 0.39471163546303945 0.07133393091440894 0.09166133601209037
1 0.96015625 0.01898492946367582 0.0796875 0.016552248010817682
0 0.7305174168924562 0.15840886676476823 0.037002033016686656 0.020730670671545236
0 0.8968583898686632 0.0846093821212217 0.03231453301668665 0.0206761266709089
0 0.9057442254625979 0.4329377941199491 0.02647396879233561 0.028415901336727244