1 0.365625 0.0328125 0.175 0.065625
1 0.2 0.1 0.17734375 0.11484375
1 0.53203125 0.32890625 0.1765625 0.11484375
1 0.6953125 0.34140625 0.175 0.11328125
1 0.0578125 0.18359375 0.115625 0.1171875
1 0.2015625 0.02734375 0.171875 0.0546875
1 0.3703125 0.1140625 0.175 0.11484375
1 0.859375 0.06171875 0.16640625 0.11171875
1 0.19140625 0.30234375 0.18203125 0.1140625
1 0.19609375 0.20078125 0.178125 0.12421875
1 0.86328125 0.15234375 0.17109375 0.1140625
1 0.8578125 0.009375 0.159375 0.01875
1 0.69375 0.053125 0.16875 0.10546875
1 0.53125 0.12578125 0.171875 0.11328125
1 0.69375 0.14296875 0.1703125 0.11640625
1 0.6953125 0.24296875 0.171875 0.1171875
1 0.3546875 0.31796875 0.18046875 0.11953125
1 0.359375 0.21171875 0.17734375 0.115625
1 0.053125 0.290625 0.10625 0.12109375
1 0.0640625 0.025 0.128125 0.05
1 0.059375 0.08203125 0.11875 0.1171875
1 0.5328125 0.22421875 0.175 0.11796875
1 0.85546875 0.24921875 0.165625 0.1109375
1 0.97265625 0.0703125 0.0546875 0.1046875
1 0.8578125 0.3546875 0.1734375 0.1140625
1 0.5328125 0.040625 0.171875 0.08125
1 0.97265625 0.159375 0.0546875 0.1015625
1 0.9703125 0.01171875 0.059375 0.0234375
1 0.971875 0.26328125 0.05546875 0.11015625
1 0.9734375 0.3640625 0.05234375 0.10703125
0 0.91640625 0.2984375 0.034375 0.03046875