1 0.6031631724898807 0.9181808804929791 0.14859323295387128 0.1044221976422726
1 0.06666595678071349 0.9384987673002054 0.13333191356142698 0.055475361672717584
1 0.5847756367760658 0.9724784723568523 0.1482114034085665 0.055043055286295585
1 0.39928774472828954 0.6393688365010277 0.1375466387980701 0.09772652866891214
1 0.8508409675391866 0.9975805845238614 0.13346706493480803 0.004838830952277107
1 0.47463875203518546 0.8910533533069417 0.13765573295387146 0.10397652866891213
1 0.3228932455423637 0.9809933206651064 0.13039661201270877 0.03801335866978732
1 0.2583530531702759 0.6961706403416297 0.1423159594149211 0.10260502965749527
1 0.13372124594610552 0.6699835306460784 0.14541368587597076 0.10116986364988403
1 0.7817632796313255 0.7190615840667508 0.14075345941492118 0.1025413626613009
1 0.8862950466774542 0.8218284398079694 0.1407261858759707 0.10097886266130089
1 0.7364432767919519 0.9415931586675995 0.1485386858759707 0.1012971976422726
1 0.08523533279830622 0.8947315212545384 0.14080800649282174 0.10566636266130089
1 0.1966443912402926 0.9618155449805343 0.1383182061685102 0.0524776956651067
1 0.4923950422132273 0.8143781067669827 0.14234323295387147 0.10416752965749518
1 0.7601416497617093 0.7932339131162237 0.15171823295387127 0.10454953163466171
1 0.028565736203577587 0.7154631739162767 0.05713147240715517 0.09967634783255334
1 0.3654194849890569 0.78809549657714 0.14549550649282175 0.10585736364988385
1 0.750938199275242 0.8726030781352516 0.1485386858759707 0.1012971976422726
1 0.7158756323118389 0.9837780696951139 0.1447863944801128 0.0324438606097722
1 0.020839010960343914 0.7909579224334019 0.04167802192068783 0.09129084486680376
1 0.27461502719569364 0.6155254768054764 0.13442163879807012 0.09759919467652338
1 0.10382742005424872 0.8149631082126765 0.14064436525911975 0.0962913626613009
1 0.3870002045502477 0.716266917527667 0.14379663879807011 0.09798119665368965
1 0.8626239472466471 0.9591315440105419 0.1344761858759707 0.08173691197891628
1 0.21381430033090215 0.9187340484405755 0.1453864123370204 0.0996073636498842
1 0.8748023932688873 0.8979771043327058 0.13296823295387128 0.10378552768032918
1 0.8986371339333967 0.7418053587813302 0.14544095941492116 0.10273236364988403
1 0.3492393315804902 0.8640531601132931 0.14080800649282174 0.10566636266130089
1 0.6555689724071552 0.6928108073750051 0.14694891233702023 0.0996710306460784
1 0.45233528369181064 0.9933374590109793 0.1364556972400564 0.013325081978041452
1 0.12392746023229055 0.7383833621670093 0.14549550649282175 0.10585736364988403
1 0.4638864383181933 0.9583244597524168 0.14549550649282175 0.08335108049516649
1 0.007016244321252427 0.9216985864638467 0.014032488642504854 0.04964717292769336
1 0.509274625004943 0.7431397767289267 0.14067163879807013 0.09785386266130089
1 0.5317456887219351 0.665093031177551 0.14856595941492118 0.10285969764227279
1 0.33610235755507256 0.9448256576418352 0.13453073295387147 0.10384919467652338
1 0.029165754060485067 0.6420256739162766 0.058331508120970134 0.09030134783255335
1 0.2269103640478943 0.8403053009120335 0.14234323295387136 0.10416752965749518
1 0.24862745130383682 0.7606642218625606 0.14387845941492108 0.10266869665368965
1 0.011563422486585416 0.8718577539543327 0.023126844973170833 0.09684050790866543
1 0.156919012585197 0.5950936185927999 0.1438239123370204 0.09954369665368965
1 0.6393888189985886 0.7687684709111584 0.14075345941492118 0.1025413626613009
1 0.6005933258984474 0.841459213002493 0.10775004464226878 0.09026685574121877
1 0.04702145576476839 0.5692885108744149 0.09404291152953678 0.09795202174882985
0 0.03223483807331198 0.7510650928896373 0.027053423701106118 0.029207338935304604
0 0.004000338477053786 0.8981337524714579 0.008000676954107572 0.027517504942915848
0 0.279949589291128 0.8025943952845456 0.031686376623205434 0.026273339923887917
0 0.31972515544375213 0.8081241536875027 0.028615923701106105 0.02927100593149907
0 0.44160192979348134 0.6786196788963735 0.023846603084255236 0.02439250494291585
0 0.46061893669334014 0.7536660998469007 0.017651150162155814 0.027262836958138338
0 0.4215700734628154 0.7512931749420408 0.02543637662320535 0.026018671939110227
0 0.6028297560923752 0.713334213002493 0.020639782467404187 0.019577670950527093
0 0.6414501509795253 0.8298333049035473 0.02543637662320535 0.02601867193911005