1 0.9213951517440844 0.7592922877546735 0.14906473477649343 0.10867608411256366
1 0.04499121214713063 0.8612283914905478 0.030205650467538203 0.0892352168225127
1 0.34489628425764174 0.7450004452542945 0.2146897347764936 0.10905787919390768
1 0.16538954967753988 0.9806641927202119 0.20803975897699045 0.03867161455957628
1 0.0360616397420319 0.78461134933607 0.028606789031219736 0.08297612646343318
1 0.1400678836919077 0.7680283582148646 0.21312723477649365 0.10904878883482798
1 0.9193826789696434 0.8366269473955938 0.15216246369925485 0.10400676483072288
1 0.16100203152716727 0.9298743732419794 0.2115465540583344 0.10591469847574828
1 0.760607121788051 0.8669542759490128 0.2146806444174139 0.10749537919390732
1 0.5652037181972549 0.8814429810640604 0.2162613251355733 0.1106294695529872
1 0.7509326608192708 0.7840826886149952 0.2162795058537325 0.11375446955298721
1 0.5505150251824554 0.7204145774732643 0.2146897347764936 0.10905787919390768
1 0.36427702245198096 0.9052748699223298 0.2131272347764936 0.1090487888348278
1 0.7482803594914109 0.702814507896836 0.20842155405833437 0.10589651775758924
1 0.0546656731159109 0.9440999788245653 0.028606789031219736 0.08297612646343318
1 0.15206791394252872 0.8540385810875015 0.21316359621281214 0.11529878883482816
1 0.3530309711241211 0.8239566922292324 0.21471700585373252 0.11374537919390768
1 0.5741287454228138 0.9568459394005622 0.21301815046753828 0.08630812119887565
1 0.5484752813307756 0.8024367371141846 0.2131272347764936 0.1090487888348279
1 0.925945775477043 0.917136604011452 0.1380363311856975 0.09298745159900648
1 0.36857363701155743 0.9710942708808471 0.2112829336450254 0.05781145823830584
1 0.7758185104499284 0.9381389295398088 0.2161795119038567 0.0965669695529872
1 0.9164263714934634 0.6733229714978949 0.15998405405833438 0.10561471662612103
0 0.8347395133767946 0.8822298180052947 0.048673849336070066 0.04090680113146803
0 0.6935781821910971 0.9735991856881288 0.039198855386194255 0.023664758976990184
0 0.421308793332828 0.7712271228491958 0.04705680718159226 0.03152271077238851
0 0.6218264229195192 0.8177077339909268 0.050254530054229286 0.04404089149054764
0 0.6248287030719444 0.838819664709086 0.04706589754067192 0.033085210772388504
0 0.43716001054812426 0.9996692436552882 0.0390806807181594 0.0006615126894235601
0 0.8366242002432738 0.9611497035439139 0.03289431323171641 0.014253397540672097
0 0.8858929472182119 0.952842299854922 0.034484084308955686 0.01894998789975162