1 0.82890625 0.04765625 0.071875 0.0953125
1 0.74453125 0.865625 0.07265625 0.17421875
1 0.671875 0.8640625 0.07421875 0.1734375
1 0.82578125 0.1890625 0.071875 0.171875
1 0.74921875 0.5234375 0.0734375 0.16796875
1 0.8859375 0.69609375 0.07578125 0.17109375
1 0.746875 0.6890625 0.0734375 0.1734375
1 0.9953125 0.353125 0.009375 0.16796875
1 0.890625 0.046875 0.06875 0.09375
1 0.75234375 0.35234375 0.0734375 0.16796875
1 0.5984375 0.865625 0.07578125 0.17734375
1 0.8875 0.525 0.07421875 0.17421875
1 0.81796875 0.86796875 0.07578125 0.17265625
1 0.9640625 0.046875 0.071875 0.09375
1 0.88984375 0.18125 0.071875 0.17421875
1 0.6796875 0.35078125 0.07421875 0.16640625
1 0.99375 0.86875 0.0125 0.16796875
1 0.821875 0.5234375 0.07265625 0.171875
1 0.88828125 0.35625 0.07421875 0.165625
1 0.7546875 0.1859375 0.0734375 0.17734375
1 0.8203125 0.69140625 0.0734375 0.1703125
1 0.9953125 0.046875 0.009375 0.09375
1 0.884375 0.8703125 0.07578125 0.16953125
1 0.815625 0.97421875 0.075 0.0515625
1 0.99375 0.52734375 0.0125 0.1640625
1 0.66875 0.97421875 0.075 0.0515625
1 0.61328125 0.35078125 0.075 0.16640625
1 0.9921875 0.9765625 0.015625 0.046875
1 0.9609375 0.18125 0.0734375 0.171875
1 0.99375 0.19140625 0.0125 0.171875
1 0.528125 0.9765625 0.075 0.046875
1 0.67734375 0.5234375 0.075 0.1734375
1 0.67578125 0.6890625 0.075 0.17265625
1 0.99375 0.69140625 0.0125 0.171875
1 0.74375 0.97421875 0.075 0.0515625
1 0.59375 0.97421875 0.075 0.0515625
1 0.6171875 0.17890625 0.07421875 0.175
1 0.7578125 0.04609375 0.071875 0.0921875
1 0.95625 0.978125 0.075 0.04296875
1 0.5359375 0.6890625 0.075 0.17421875
1 0.95859375 0.86875 0.075 0.17265625
1 0.8234375 0.3515625 0.07109375 0.165625
1 0.45859375 0.8640625 0.078125 0.17421875
1 0.96015625 0.3578125 0.07421875 0.16875
1 0.8828125 0.978125 0.078125 0.04296875
1 0.6015625 0.6890625 0.07578125 0.17109375
1 0.9609375 0.52890625 0.07421875 0.16875
1 0.9609375 0.6921875 0.07421875 0.1734375
1 0.5375 0.52421875 0.0765625 0.171875
1 0.53359375 0.8640625 0.07265625 0.17734375
1 0.68515625 0.04453125 0.0703125 0.0890625
1 0.46171875 0.68984375 0.075 0.175
1 0.6109375 0.525 0.0765625 0.17265625
1 0.68515625 0.18671875 0.071875 0.178125
1 0.53984375 0.35 0.07578125 0.16640625
1 0.4640625 0.52421875 0.07421875 0.17109375
1 0.453125 0.97265625 0.075 0.0546875
1 0.46875 0.35078125 0.07265625 0.17265625
0 0.553125 0.91875 0.02578125 0.028125
1 0.6140625 0.04609375 0.07421875 0.09140625
0 0.5578125 0.7484375 0.02421875 0.028125
0 0.5625 0.57890625 0.025 0.02734375
0 0.56875 0.11484375 0.02734375 0.02734375
0 0.7015625 0.5765625 0.0265625 0.0359375
0 0.7765625 0.459375 0.02421875 0.03671875
0 0.5078125 0.1234375 0.03359375 0.04375
0 0.7109375 0.11640625 0.03359375 0.0375
0 0.7015625 0.7484375 0.02109375 0.04296875
1 0.475 0.178125 0.06796875 0.16796875
1 0.54296875 0.175 0.06328125 0.16796875
1 0.4765625 0.046875 0.06484375 0.09375
1 0.54453125 0.0453125 0.06953125 0.08984375