1 0.9834255233670136 0.2191668147827075 0.025729964665138993 0.16613414627652778
1 0.9760643522048607 0.3676952337606589 0.03332425911805572 0.15694098423243066
1 0.8820850420812839 0.9500369147064575 0.08884560087368065 0.05984908510611149
1 0.8280807938842358 0.38519447112722155 0.12721972948277802 0.165373039703264
1 0.9347880016155206 0.2288879601093048 0.12293227298576426 0.1824514369297223
1 0.8229724537441314 0.537574588718402 0.12264133225631957 0.16995143692972228
1 0.9676491741088536 0.5279605865342005 0.04302656743868063 0.17122168977951394
1 0.8072142882815617 0.8455871104698952 0.12282317021222226 0.17776393692972228
1 0.9871525482526387 0.09258613098711722 0.023003701747361306 0.11609777868534724
1 0.9265910290665967 0.3797783128828464 0.12100609707395833 0.1667900693385418
1 0.8868290530992006 0.8468573633196869 0.12285953780340293 0.17932643692972228
1 0.9159412037441313 0.535410717043159 0.1258026998475003 0.17158667211208342
1 0.7437967128621872 0.3832520710509716 0.11802656743868081 0.17296733415618065
1 0.7543738030022915 0.23074466689065912 0.1244947729857639 0.1824878045209029
1 0.7930770934680547 0.9497661174037493 0.1139547036472223 0.06511846656499998
1 0.9016033339687495 0.6817590401814229 0.1227504350298613 0.17463893692972227
1 0.7270605417000342 0.5319986955760063 0.11937086189159736 0.1636287017473613
1 0.813812393239305 0.6962956252875341 0.12576633225631956 0.17002417211208343
1 0.8371317516155207 0.23116093455808956 0.1277652433504862 0.188810539703264
1 0.7094671193036104 0.8517663349186799 0.12594817021222227 0.1778366721120836
1 0.8483809889820833 0.08332284660218678 0.10785148043270851 0.1383741286090973
1 0.7202624149907979 0.6898839307583675 0.12769250816812522 0.1856855397032639
1 0.9350997389820833 0.08130444529166589 0.11522756933854197 0.11980596656500009
1 0.7600997389820833 0.08537761550388825 0.12718336189159735 0.163810539703264
1 0.6962384610592354 0.9504584080569438 0.11715243882958326 0.0683162017473613
0 0.882609865406979 0.12234832580062424 0.04146145459715278 0.03688305737069451
0 0.7631422056439925 0.592063373387673 0.03502961664125 0.028925087005972294
0 0.9337060127303467 0.7450396369710408 0.04000805737069442 0.04153418977951393