1 0.7781503613745486 0.47506132821920605 0.3124953029821361 0.17886553654935433
1 0.08434991943775674 0.08446527623777207 0.07408602084968252 0.1337827367752332
1 0.25092966567683306 0.12692433397498806 0.2967339106622681 0.1732679839326358
1 0.26912808471887834 0.055451152376722115 0.2976311694377567 0.09688749445597948
1 0.8082540838609485 0.2498562018684945 0.2999498388755136 0.17657499445597952
1 0.793717873910961 0.36677839135926826 0.3124043747688908 0.17574053654935434
1 0.9480523697543258 0.525188672788125 0.1038952604913483 0.1411093893637169
1 0.06800115690134442 0.19270271046687398 0.06609166442319181 0.12707771046687394
1 0.09422737311953815 0.021866565700310942 0.0665797462390763 0.03663472099021766
1 0.9774490500791423 0.18109703854490564 0.04510189984171546 0.12929265785015548
1 0.9581571439692207 0.4141524622506639 0.0836857120615587 0.13818181043863903
1 0.5126891827655919 0.30439469952000725 0.2999498388755135 0.17657499445597952
1 0.8222818284506722 0.14226350974688481 0.2948531619159092 0.16223947867096394
1 0.5342111786089567 0.18631953370675683 0.30151233887551354 0.17666599971765135
1 0.5430429578384166 0.0877833231692957 0.2954609156768331 0.12951798393263575
1 0.2182776047106311 0.34496170243319185 0.29994983887551346 0.17657499445597952
1 0.05445078543115891 0.31670165258848365 0.06779055674305985 0.13185621572854575
1 0.9706965963973608 0.3118465096057105 0.05860680720527824 0.13966871572854575
1 0.22136784930035475 0.23673197347987923 0.30302937476889075 0.17519450497932318
1 0.49314722406924555 0.41010637322576543 0.30923391066226813 0.1739960260260105
0 0.16600308471887837 0.04944480510638008 0.06859688730530311 0.05235072625188951
0 0.9757334373844454 0.24888377802156195 0.048533125231109156 0.07184417889684287