1 0.89921875 0.73125 0.0953125 0.22421875
1 0.96875 0.73046875 0.0625 0.2265625
1 0.52890625 0.72890625 0.09609375 0.22578125
1 0.8140625 0.7296875 0.0890625 0.2234375
1 0.96875 0.5078125 0.0625 0.21875
1 0.90078125 0.50625 0.0953125 0.2203125
1 0.9671875 0.91953125 0.065625 0.1609375
1 0.8109375 0.91796875 0.090625 0.1640625
1 0.8953125 0.91953125 0.096875 0.1609375
1 0.8171875 0.50546875 0.09140625 0.21953125
1 0.534375 0.284375 0.0953125 0.2203125
1 0.903125 0.28984375 0.090625 0.21875
1 0.53125 0.50078125 0.0953125 0.2234375
1 0.96875 0.2890625 0.0625 0.21875
1 0.525 0.91796875 0.09375 0.1640625
1 0.44921875 0.28359375 0.09296875 0.21875
1 0.8203125 0.2890625 0.090625 0.2203125
1 0.546875 0.090625 0.09609375 0.17734375
1 0.44140625 0.728125 0.09140625 0.22421875
1 0.9046875 0.090625 0.090625 0.18125
1 0.7125 0.91796875 0.09375 0.1640625
1 0.4453125 0.5 0.09375 0.225
1 0.63203125 0.5015625 0.0953125 0.22109375
1 0.63046875 0.72890625 0.09765625 0.2265625
1 0.71484375 0.7296875 0.0921875 0.2234375
1 0.721875 0.09140625 0.0953125 0.1796875
1 0.9703125 0.0921875 0.059375 0.18359375
1 0.6390625 0.0875 0.09453125 0.175
1 0.6359375 0.2859375 0.09453125 0.221875
1 0.625 0.91796875 0.09375 0.1640625
1 0.4375 0.915625 0.09375 0.16796875
1 0.4546875 0.08671875 0.09296875 0.1734375
1 0.71640625 0.5046875 0.09375 0.2203125
1 0.71796875 0.28515625 0.0953125 0.22109375
1 0.821875 0.0890625 0.09375 0.178125
0 0.48125 0.20546875 0.03125 0.03515625
0 0.66484375 0.3609375 0.02734375 0.0390625
0 0.575 0.140625 0.02890625 0.03984375
0 0.47578125 0.58125 0.02890625 0.040625
0 0.475 0.20546875 0.040625 0.04296875
0 0.84140625 0.878125 0.0359375 0.04375