1 0.8822074533423461 0.8079890977840162 0.1164137176006804 0.20474498746358769
1 0.7135417218618497 0.3898110622863502 0.12121034500534211 0.20800637978345565
1 0.8091692574260302 0.7991656787419708 0.1212103450053423 0.20800637978345585
1 0.8529242358264838 0.9324040760764039 0.10774306733052796 0.09054609514371989
1 0.9274206502701524 0.08719321298599546 0.09584326805616712 0.10736988229073818
1 0.8388120180561675 0.08038693501017694 0.09778771397248329 0.11835284639736085
1 0.6089063294810636 0.5735077638565607 0.11970240870767306 0.20952341567683314
1 0.7839559810171604 0.9281544967678016 0.10817957694917482 0.1030460951437199
1 0.6347346755827139 0.3725530176174843 0.11813990870767306 0.2094779515702104
1 0.5770908782072699 0.7597778844688163 0.11975697241000383 0.21108591567683313
1 0.6216370302915208 0.9156725318032493 0.11094247840045349 0.13746655925034226
1 0.7462748323914703 0.20742445962078318 0.12121034500534211 0.20800637978345565
1 0.9115973090626432 0.6194434233316943 0.12121034500534193 0.20800637978345585
1 0.7923214862898199 0.40628785695521613 0.1198115361123346 0.21264841567683312
1 0.6651785998146655 0.19179711111185122 0.11608633538669526 0.1953699874635877
1 0.9424938233633867 0.43002557066612734 0.1150123532732266 0.21104045157021037
1 0.5489262165891902 0.9162241127612039 0.10948910580511537 0.1405460951437199
1 0.6796280572485449 0.58318062905854 0.11948415389834963 0.20327341567683313
1 0.9423463451749783 0.8281364617323541 0.10407740870767271 0.2090687746106063
1 0.9213567772962961 0.9437076374383171 0.08337798439090349 0.0633016335443795
1 0.7623487217770316 0.06306069418137697 0.09896826805616747 0.10746081050398355
1 0.9715947470047752 0.09989178978731503 0.05681050599044966 0.11110263605166189
1 0.8415477038905003 0.6066228260764037 0.11808534500534229 0.2079154515702104
1 0.9660169027172232 0.6316191629068533 0.06796619456555356 0.20240959765100222
1 0.6501017922724206 0.7678200535108616 0.11959328130301117 0.20639841567683312
1 0.728772429295729 0.7811718481797275 0.1179762176006804 0.20479045157021042
1 0.8710739688666248 0.4219834016240821 0.12142859981466572 0.21425637978345566
1 0.7606970079741843 0.5980267275674718 0.11942959019601869 0.20171091567683314
1 0.9782589531727102 0.4373463256806923 0.04348209365457976 0.20163670783841656
1 0.9955158858421822 0.2578490422945975 0.008968228315635684 0.19264214106622682
1 0.6979093536124987 0.9275300226320493 0.10214783175849824 0.10911423871722903
1 0.8249181875636136 0.2199950042896491 0.11803078130301126 0.2063529515702104
1 0.9005183882892529 0.23500022717176045 0.1195387176006804 0.20483591567683304
1 0.956961817330528 0.2472441629068532 0.08607636533894407 0.20268238229073815
1 0.6955332440095502 0.053479554929105014 0.09584326805616747 0.10695910985821003
0 0.7131647543459873 0.5133849546062182 0.03886409255827132 0.04015363855894431
0 0.7363170891845284 0.907643419966482 0.03584821996293321 0.04318771034569906
0 0.6941766852861788 0.7086663623654925 0.037410719962933214 0.043233174452321596