1 0.8791499143899383 0.7388438287882255 0.24170017122012338 0.13955061331561963
1 0.6575055215745984 0.8729428087292337 0.25055759263643723 0.13806088792272533
1 0.14903247736795083 0.6588034576102137 0.23966555674305984 0.13911396567298445
1 0.3812084798752333 0.6260850411514411 0.2585519490629279 0.14467476095825482
1 0.16157559296564158 0.7403616726640256 0.23966555674305984 0.13911396567298445
1 0.4155369819202973 0.9186342601341945 0.25524509263643724 0.1382792117440431
1 0.9879536072179136 0.6301879586481803 0.024092785564172915 0.10977741439185813
1 0.42772474485242107 0.9610935878844534 0.24336956677218974 0.05190506410140792
1 0.8677286530739137 0.6503635256450723 0.2521200926364372 0.13813366252983136
1 0.18901994602692002 0.9307490781645438 0.2332791644231918 0.13413536724456102
1 0.6211969823825157 0.5930027516571391 0.2553814849563052 0.1429667117440431
1 0.39255280832590544 0.7202160308123589 0.2585519490629279 0.14467476095825482
1 0.8918138761871341 0.9022149700207198 0.21637224762573162 0.06880146567298447
1 0.6641252461060623 0.939130734907916 0.24244356426490726 0.07370728949430187
1 0.6308651505666313 0.6833002659251626 0.2568075926364372 0.1383519863511488
1 0.8844996497752085 0.8376987057526962 0.231000700449583 0.13955061331561963
1 0.9825243096460536 0.529588645165945 0.03495138070789281 0.11795378742738745
1 0.6460020687507468 0.7733430690683158 0.2507394490629279 0.1443108879227255
1 0.6085712987589941 0.4817206492997742 0.2522564849563052 0.14282116252983137
1 0.17466427784280453 0.8406698877178377 0.23341555674305986 0.138822867244561
1 0.8438950333195878 0.4496379336267897 0.25216555674305996 0.13969616252983136
1 0.99706183425666 0.718886585612651 0.005876331486680186 0.1090496683207995
1 0.8556485387298641 0.5578314232877075 0.25221102084968267 0.14125866252983138
1 0.40706760088320043 0.815763971259065 0.2552905567430599 0.13984171174404308
1 0.98049279671393 0.4390000324694979 0.0390144065721401 0.1086515620344933
1 0.13479882963780643 0.5460316298599548 0.24122805674305986 0.13918674028009032
1 0.3764407603583343 0.5160015657585469 0.2506939849563052 0.1427483879227255
0 0.9513702156894684 0.5674546722542502 0.05127299498543536 0.04607878742738745
0 0.7275953980593488 0.7006996275881525 0.05122753087881229 0.044516287427387446