1 0.8655655241314351 0.3115396132991555 0.11646828130301116 0.20885710085908257
1 0.4913791006172737 0.9596417571245477 0.0808333377489479 0.03698874491161739
1 0.7940898282151191 0.3043279788575592 0.11808534500534211 0.21050148801421242
1 0.5634450735754317 0.961343697988579 0.08357639183263199 0.0262150192218769
1 0.8836459569705433 0.8741215004542852 0.11192462504240908 0.16806832654882306
1 0.7376413876562807 0.1013506405480614 0.11479665389834963 0.2027012810961228
1 0.6433781102359205 0.9641987030769616 0.0799603185116542 0.011988744911617388
1 0.9611495980429761 0.7085983197670191 0.07770080391404796 0.1979262449116172
1 0.817792679126093 0.10898117933252902 0.11786709019601886 0.2042514880142124
1 0.7155556004476378 0.2967035866140468 0.11490578130301117 0.20877521370395283
1 0.9033706360118181 0.6993328623946443 0.11474209019601886 0.204087713703953
1 0.8233011900955022 0.6925716073062617 0.1148512176006804 0.20721271370395283
1 0.74236864862569 0.6835075457954438 0.11490578130301135 0.208775213703953
1 0.9409500254821974 0.8789451192920493 0.08481648801910069 0.1510512449116174
1 0.8434524550716267 0.5075857756690558 0.11803078130301117 0.2089389880142125
1 0.7742932273041452 0.49947006049476494 0.11323415389834963 0.20556832654882312
1 0.9449404943260363 0.3236058440772786 0.1101190113479273 0.21206398801421233
1 0.8902405980005671 0.12162062019656043 0.11317959019601886 0.20400582654882315
1 0.9243031509879426 0.5143060871798737 0.1148512176006804 0.207212713703953
1 0.5763592466262569 0.8604838828597167 0.11167165389834963 0.2054864393936932
1 0.8092089521612198 0.8717611403229484 0.11704863466105593 0.18081398801421225
1 0.6961855854715132 0.48164847467368765 0.11803078130301117 0.20893898801421235
1 0.5694246449126747 0.28088159204111374 0.11501490870767306 0.2119002137039529
1 0.5939212249418926 0.6685896319552054 0.11323415389834963 0.20556832654882307
1 0.6384747452754945 0.28587230721540463 0.11490578130301117 0.2087752137039529
1 0.9788839465492881 0.3176933587765997 0.0422321069014238 0.20582727611928187
1 0.5440774484482047 0.4739665287212736 0.1148512176006804 0.20721271370395294
1 0.5257069382814038 0.6651204732033497 0.11312502649368775 0.20244332654882308
1 0.6770338253047122 0.6728433627333287 0.11496034500534211 0.210337713703953
1 0.6170883625133553 0.4803150260077402 0.11312502649368791 0.20244332654882308
1 0.955243060707106 0.12969539179328649 0.08951387858578812 0.2110813421526554
1 0.6030803599814665 0.00444188065420954 0.08401290145127885 0.00888376130841908
1 0.9683680872007937 0.5207740931727675 0.06326382559841263 0.2057387449116174
1 0.6575992235911302 0.09755891621508764 0.11312502649368775 0.19511783243017528
1 0.7238890110542272 0.87153649027752 0.11268851687504089 0.18994332654882307
1 0.990590283665264 0.13722793080286705 0.018819432669472037 0.20427142017181654
1 0.5026216462634373 0.8557388291508149 0.11490578130301117 0.208775213703953
1 0.5901116232283105 0.09578339326159487 0.11167165389834963 0.19156678652318973
1 0.6698412740466171 0.007841318974049627 0.08870040145127885 0.015682637948099255
1 0.654084942542573 0.8673679686807938 0.11156252649368774 0.2023614393936935
0 0.5998164946425224 0.16501757462825917 0.04215278366526398 0.04587906603337357
0 0.9276340591474614 0.9234730472657819 0.02620040145127902 0.0356851944820761