0 0.80390625 0.0125 0.0328125 0.025
0 0.76171875 0.1765625 0.01875 0.028125
0 0.8328125 0.16875 0.01953125 0.02578125
0 0.825 0.2203125 0.0234375 0.03359375
0 0.765625 0.3484375 0.0140625 0.025
0 0.62421875 0.53125 0.01796875 0.02734375
0 0.7703125 0.52421875 0.01796875 0.02578125
0 0.55234375 0.71015625 0.0203125 0.02734375
0 0.6265625 0.70625 0.01796875 0.0296875
0 0.6265625 0.76171875 0.0171875 0.0265625
0 0.78046875 0.88203125 0.015625 0.0296875
1 0.5171875 0.12578125 0.0734375 0.17109375
1 0.9640625 0.63125 0.071875 0.17578125
1 0.990625 0.109375 0.01875 0.171875
1 0.8921875 0.63515625 0.0765625 0.17890625
1 0.9515625 0.11171875 0.075 0.17421875
1 0.878125 0.1125 0.075 0.16953125
1 0.52109375 0.3015625 0.07421875 0.17734375
1 0.9921875 0.275 0.015625 0.16796875
1 0.74453125 0.4640625 0.07734375 0.1765625
1 0.81640625 0.63828125 0.07578125 0.1765625
1 0.81171875 0.46328125 0.0734375 0.17421875
1 0.9984375 0.6265625 0.003125 0.17578125
1 0.67109375 0.65 0.07578125 0.17734375
1 0.7484375 0.640625 0.07578125 0.178125
1 0.9671875 0.8109375 0.065625 0.18359375
1 0.58671875 0.1234375 0.07734375 0.1703125
1 0.52421875 0.47578125 0.075 0.18203125
1 0.9 0.9546875 0.075 0.08984375
1 0.73828125 0.284375 0.0734375 0.171875
1 0.66640625 0.4671875 0.07578125 0.17734375
1 0.96875 0.953125 0.0625 0.09375
1 0.88046875 0.28046875 0.0734375 0.175
1 0.825 0.9546875 0.075 0.08984375
1 0.95546875 0.28046875 0.07578125 0.17265625
1 0.8015625 0.1140625 0.07578125 0.16953125
1 0.728125 0.115625 0.07578125 0.17734375
1 0.5265625 0.65859375 0.075 0.1796875
1 0.6625 0.11640625 0.0765625 0.17890625
1 0.590625 0.29921875 0.07734375 0.1796875
1 0.8859375 0.4609375 0.075 0.17734375
1 0.59453125 0.65390625 0.0765625 0.1796875
1 0.67578125 0.82421875 0.0765625 0.18046875
1 0.59765625 0.828125 0.0765625 0.17890625
1 0.590625 0.471875 0.0765625 0.17578125
1 0.96015625 0.4609375 0.075 0.17578125
1 0.99375 0.4546875 0.0125 0.17578125
1 0.82734375 0.81875 0.07578125 0.1796875
1 0.52890625 0.83359375 0.0765625 0.17421875
1 0.6 0.95859375 0.075 0.0828125
1 0.7546875 0.9546875 0.078125 0.08984375
1 0.66328125 0.29375 0.07578125 0.17734375
1 0.75234375 0.828125 0.0765625 0.17109375
1 0.89609375 0.81484375 0.0765625 0.18125
1 0.80859375 0.2890625 0.07734375 0.17890625
1 0.53125 0.9609375 0.075 0.078125
1 0.6796875 0.95703125 0.078125 0.0859375
1 0.51640625 0.02109375 0.0734375 0.0421875
1 0.58515625 0.02109375 0.0765625 0.03984375
1 0.72734375 0.015625 0.07578125 0.03046875
1 0.66015625 0.0171875 0.075 0.0328125
1 0.990625 0.01171875 0.01875 0.0234375
1 0.95234375 0.01171875 0.075 0.0234375
1 0.8765625 0.0140625 0.0734375 0.02734375
1 0.80234375 0.015625 0.075 0.0296875