1 0.9703125 0.98828125 0.059375 0.0234375
1 0.65859375 0.91953125 0.1203125 0.0765625
1 0.31484375 0.8921875 0.1171875 0.07890625
1 0.8859375 0.98203125 0.121875 0.0359375
1 0.77734375 0.9234375 0.121875 0.07421875
1 0.55546875 0.7734375 0.11484375 0.0765625
1 0.903125 0.79609375 0.12109375 0.071875
1 0.6484375 0.97421875 0.121875 0.0515625
1 0.8921875 0.93359375 0.11953125 0.07734375
1 0.428125 0.90078125 0.12421875 0.07265625
1 0.55078125 0.846875 0.11328125 0.07578125
1 0.5390625 0.9703125 0.121875 0.05859375
1 0.66640625 0.8515625 0.11796875 0.07265625
1 0.9734375 0.94140625 0.053125 0.078125
1 0.54453125 0.90703125 0.115625 0.078125
1 0.2953125 0.99375 0.121875 0.01171875
1 0.43125 0.8359375 0.12734375 0.075
1 0.76875 0.98046875 0.11875 0.0390625
1 0.9765625 0.8765625 0.046875 0.07421875
1 0.2 0.88125 0.11875 0.0734375
1 0.07578125 0.93984375 0.11875 0.07890625
1 0.89453125 0.8703125 0.12109375 0.078125
1 0.31953125 0.8234375 0.115625 0.078125
1 0.09609375 0.80546875 0.11796875 0.0734375
1 0.178125 0.9859375 0.11875 0.02734375
1 0.7828125 0.859375 0.12421875 0.071875
1 0.91796875 0.73125 0.12734375 0.0703125
1 0.3015625 0.9609375 0.121875 0.078125
1 0.10546875 0.671875 0.12578125 0.07578125
1 0.67265625 0.778125 0.11640625 0.07265625
1 0.44453125 0.76484375 0.13203125 0.0734375
1 0.1921875 0.9484375 0.11953125 0.07734375
1 0.98125 0.80078125 0.0375 0.0703125
1 0.56171875 0.7015625 0.11953125 0.07265625
1 0.07890625 0.87109375 0.11484375 0.075
1 0.065625 0.984375 0.11875 0.03125
1 0.2171875 0.7484375 0.1171875 0.075
1 0.79296875 0.71796875 0.140625 0.08046875
1 0.9953125 0.0703125 0.009375 0.0625
1 0.2265625 0.678125 0.12578125 0.07421875
1 0.3140625 0.03125 0.10703125 0.06015625
1 0.2046875 0.8125 0.12578125 0.0796875
1 0.78671875 0.78984375 0.12109375 0.075
1 0.10625 0.73828125 0.121875 0.0796875
1 0.72421875 0.05234375 0.1125 0.05859375
1 0.421875 0.96640625 0.11875 0.0671875
1 0.32421875 0.7546875 0.11640625 0.0734375
1 0.340625 0.68359375 0.11328125 0.075
1 0.8375 0.0578125 0.1078125 0.06640625
1 0.990625 0.740625 0.01875 0.07421875
1 0.45234375 0.69375 0.1296875 0.07890625
1 0.62578125 0.0484375 0.11015625 0.05859375
1 0.41640625 0.0359375 0.11015625 0.065625
1 0.21953125 0.02890625 0.10390625 0.05703125
1 0.9390625 0.06875 0.1125 0.059375
1 0.996875 0.025 0.00625 0.05
1 0.52109375 0.0390625 0.115625 0.06875
1 0.021875 0.734375 0.04375 0.078125
1 0.83984375 0.0203125 0.11171875 0.03984375
1 0.11875 0.02734375 0.1125 0.0546875
1 0.01875 0.7984375 0.0375 0.0671875
1 0.94375 0.021875 0.1125 0.04296875
1 0.025 0.6640625 0.05 0.0703125
1 0.6703125 0.7078125 0.109375 0.07109375
1 0.0140625 0.865625 0.028125 0.07421875
1 0.73046875 0.015625 0.1125 0.03125
1 0.01640625 0.84453125 0.03203125 0.1328125
1 0.0359375 0.02734375 0.07109375 0.05390625
1 0.625 0.01328125 0.10859375 0.0265625
1 0.0109375 0.934375 0.021875 0.084375
0 0.13359375 0.8328125 0.03203125 0.02890625
0 0.36171875 0.778125 0.03125 0.0265625
0 0.25625 0.76875 0.03359375 0.03125
0 0.83359375 0.88671875 0.02890625 0.02109375