1 0.8624019778803692 0.8761730344540336 0.10510676535645373 0.17091246369925478
1 0.9445514065484145 0.8655395406023535 0.09260676535645337 0.17083974082661796
1 0.9318257819064588 0.68359464901361 0.10710561736154389 0.20842155405833437
1 0.6594813512890021 0.3227036425707023 0.10398061736154425 0.20840337334017517
1 0.6915911332352318 0.7185837691323312 0.10557948002863497 0.21153746369925486
1 0.6751319812619578 0.5218178534412866 0.1055249360279987 0.20684996369925485
1 0.9811172572406406 0.6770583027026019 0.024238573360907623 0.20325226502711474
1 0.7927889118794147 0.8836088054330764 0.10041926535645337 0.17088519262201593
1 0.7587984565961396 0.5150815192305271 0.10706925469445334 0.20529655405833439
1 0.7059610738781419 0.8934883203619954 0.10510676535645339 0.17091246369925486
1 0.7462546452896384 0.3175116276417835 0.10557948002863497 0.21153746369925477
1 0.7776377212365044 0.7087087993829522 0.10554311736154424 0.20841246369925487
1 0.9732609459341394 0.4794611400366195 0.044496529360271354 0.19868293969514958
1 0.9207717452657759 0.49226566706578667 0.10388971069381689 0.20059087334017517
1 0.9011966839592744 0.2947366820929013 0.10398061736154389 0.20840337334017517
1 0.8854278753182735 0.10577872122231695 0.10390789202736243 0.20215337334017516
1 0.7209210273313182 0.012871142079722953 0.08628294533736351 0.025742284159445905
1 0.8496308999045498 0.6981343928652899 0.10710561736154425 0.20842155405833437
1 0.9448937819860006 0.09762078757729147 0.052236304026089544 0.19247839149054777
1 0.7289687899825008 0.12465650713027872 0.10703289202736244 0.20217155405833437
1 0.9622614532940925 0.28344465808879626 0.0522363040260899 0.19247839149054782
1 0.8292307772915473 0.3029673386105637 0.1039624360279987 0.20684087334017515
1 0.815778446650228 0.11633949220135993 0.10080107336090798 0.2036976926220159
1 0.6467829986473645 0.13841500098195864 0.09914766669318062 0.19587610226293634
1 0.8069130713319546 0.007933657205033466 0.08617385733609088 0.015867314410066932
1 0.8316547012651394 0.49747131753332485 0.1133374360279987 0.20689541549465282
1 0.6622000079965001 0.02402681069763378 0.11934998400699967 0.04805362139526756
0 0.7806398306413194 0.18216448010111153 0.022365896005727137 0.04231476502711464
0 0.7684696172024605 0.9595264108192708 0.02681703866963616 0.0220295361043533