1 0.8751077963527777 0.01997102275033479 0.14800239532659737 0.03994204550066958
1 0.5884260671543402 0.012418887085816751 0.1543978656913195 0.024837774171633503
1 0.1583391768617361 0.008525860565696 0.15207164627652778 0.017051721131392
1 0.43969697321451384 0.053896514646065506 0.1603945989738195 0.10779302929213101
1 0.06596918569545135 0.04849841318241449 0.03346842306201396 0.09699682636482898
1 0.44712891992788195 0.01182662386104996 0.1526171601442361 0.02365324772209992
1 0.9641871737276041 0.07257399302512543 0.06806162860909737 0.10850972099021765
1 0.5807577310982985 0.057245904186250265 0.16351959897381949 0.11449180837250053
1 0.15345100189986108 0.04967799345820377 0.15548889342673622 0.09935598691640754
1 0.41469370716260395 0.21692583461027262 0.16657186379145833 0.11736805247554416
1 0.14458318854524294 0.12343125277201025 0.15875936379145844 0.11691302616718491
1 0.26345851548322896 0.21169084499244195 0.15258209897381952 0.11967400512049756
1 0.7356640898557638 0.01666713584098596 0.151236498100139 0.03333427168197192
1 0.9716918556233333 0.01851915571342973 0.053925087005972115 0.03703831142685946
1 0.8651866292746874 0.06897782714128783 0.15872299620027802 0.11535052616718491
1 0.9423816428580555 0.23846430353435172 0.10403549620027804 0.11216534200867016
1 0.7186571213909028 0.06268857173844165 0.160358231382639 0.11856653142885676
1 0.24895829796829835 0.29835638708581674 0.15716049620027786 0.11525952090551303
1 0.9545562941685762 0.15115401933348468 0.08368662860909737 0.10941977360693614
1 0.6663977582650343 0.3973134716960894 0.16039459897381966 0.12012903142885678
1 0.42846722606430543 0.12796204514773374 0.1682070989738195 0.120584057737216
1 0.09178027118281218 0.3808489106221657 0.15716049620027786 0.11525952090551303
1 0.38656544111069413 0.38630516616618626 0.14774912860909728 0.11315098933548189
1 0.23725446571197875 0.46599891339417604 0.15396276101791673 0.11195251038216938
1 0.5479055974552081 0.2255511347373295 0.16024912860909737 0.11387903142885672
1 0.4017196220564928 0.3050628714419755 0.16969686379145837 0.11755006299888784
1 0.6473191435236455 0.4795645295744796 0.18063436379145834 0.11818709983059072
1 0.027356054902152527 0.29956038424321935 0.0364843202884723 0.09262711575678076
1 0.9412354105254858 0.3212313009035158 0.10232752583555574 0.10582433674699834
1 0.7066461242406943 0.14296760593930866 0.16188436379145835 0.1170950366905286
1 0.24552286702249967 0.3789161423474886 0.16969686379145843 0.11755006299888784
1 0.5671660501524999 0.13548757685893917 0.158795731382639 0.1184755261671849
1 0.04583525759944427 0.2095423289956649 0.04433318787965286 0.0946446420651399
1 0.682333189210833 0.3160256743410427 0.14934799620027803 0.1148044945971538
1 0.8258104322769789 0.31937194026723265 0.1588320989738194 0.12003802616718495
1 0.5372570785535066 0.31433291367652466 0.16039459897381966 0.12012903142885678
1 0.054684887158472105 0.1310078053181416 0.0364843202884723 0.09262711575678068
1 0.8387663335874997 0.23201615343552967 0.16351959897381968 0.12031104195220044
1 0.09463120782819405 0.4594821448371502 0.16958776101791675 0.11286256299888783
1 0.5300790517680205 0.3880889320923761 0.17133209897381968 0.12076606826055976
1 0.017092661759756773 0.456538426336594 0.03418532351951355 0.0962981473268119
1 0.12693978723472205 0.21106005538872874 0.16039459897381952 0.12012903142885678
1 0.6882032891345832 0.23142316118686307 0.157233231382639 0.11838452090551303
1 0.299672691679375 0.007555623790462792 0.15377961664125 0.015111247580925583
1 0.8609517645332984 0.1503643350337956 0.166608231382639 0.11893055247554414
1 0.2907691639439583 0.051946513260060376 0.15726959897381948 0.10389302652012075
1 0.9276073619885065 0.4039450903660546 0.12580139342673605 0.10875191567207598
1 0.8138721703091315 0.3965259744680997 0.15708776101791672 0.11213452090551304
1 0.37208340739135376 0.472189458259561 0.15559799620027787 0.11516851564384112
1 0.018337925152499858 0.3821376658132504 0.036675850304999716 0.09446263154179624
1 0.49846406943545096 0.4726305320641413 0.15247299620027785 0.11498650512049746
1 0.10704355490215252 0.29491911589795505 0.1526184665650001 0.12123650512049747
1 0.8048043352030204 0.4844354981456229 0.15247299620027804 0.11498650512049746
1 0.28026611540697904 0.1264512950065594 0.15407186379145843 0.11664001038216938
1 0.923263394473576 0.4900190982585624 0.13056162860909737 0.11214993145709151
0 0.7681291381084027 0.11598090073410657 0.046112587005972296 0.03701415258848364
0 0.01767127716673582 0.3469359131824145 0.024346689779513923 0.04042757892507769
0 0.16512750541524274 0.34692966595442476 0.027580792553055566 0.04529708944842144