1 0.050683268486438636 0.21316584486680368 0.10136653697287727 0.1513316897336074
1 0.8404745396037132 0.17128992893355457 0.17078147881213823 0.1488088676042167
1 0.861857444964207 0.27474785136695645 0.16885495776545092 0.1424952006080223
1 0.3598854212866838 0.26134199558855675 0.20744702090551304 0.1627732085166877
1 0.06096134485126762 0.317613264334456 0.12192268970253524 0.15397652866891204
1 0.5062661395754784 0.12791402475176042 0.20882751038216937 0.15971187551288207
1 0.5716133346102726 0.4446014590481603 0.20882751038216937 0.15971187551288213
1 0.40306846096098414 0.47453967395345764 0.2120435156438411 0.16140170950527094
1 0.38343006612383396 0.3680204185162502 0.21222552616718496 0.16452670950527093
1 0.4842616079348601 0.062019769314552955 0.1971017841302798 0.09220604053191014
1 0.3251295316406183 0.07824565269891941 0.19405237884037305 0.12014003954332697
1 0.1891333055299031 0.2888409599995625 0.2134240051204975 0.15834037650146532
1 0.06958591595442475 0.426684516805914 0.1391718319088495 0.15961903361182794
1 0.5304478212443314 0.22365494767945387 0.20891851564384112 0.1612743755128821
1 0.33937477118786175 0.1563534066532521 0.2041400103821694 0.15952087452429894
1 0.036977084257336756 0.14537350840295699 0.07395416851467351 0.09387201680591398
1 0.6945404133235888 0.20293256528367057 0.20248650512049765 0.15789470752810458
1 0.17096640543108105 0.18394787155854941 0.2119525103821694 0.15983920950527092
1 0.08064524231925373 0.5327262697716635 0.16129048463850745 0.16545253954332698
1 0.15410440009882204 0.11043211710992513 0.19828485253201386 0.11251854053191016
1 0.7326642266754126 0.40887615916189113 0.2042310156438411 0.16108337452429886
1 0.8209880632106493 0.08905309049254151 0.16427387357870132 0.11736786661563352
1 0.23456908994253162 0.5036966388587549 0.2104810156438412 0.16133804250907638
1 0.21562093984370959 0.3987717169196447 0.21057202090551302 0.16290054250907654
1 0.7150965660532467 0.30713990421897525 0.20101501038216937 0.1593935405319101
1 0.6689327395472435 0.10478422535978274 0.2023954998588257 0.15633220752810453
1 0.5496311897731225 0.33798670311666135 0.2120435156438411 0.16140170950527094
1 0.6439474210749223 0.04973196942828369 0.1933551578501554 0.05464237353571577
1 0.8853565871705215 0.3822075242946498 0.16747446828879475 0.145556533611828
0 0.9300236160391293 0.3010185326976068 0.027093121018452494 0.03695617193911023