1 0.409375 0.5890625 0.06875 0.16640625
1 0.071875 0.58515625 0.06875 0.16640625
1 0.40625 0.2703125 0.0703125 0.16015625
1 0.47265625 0.5875 0.0703125 0.1671875
1 0.2015625 0.2609375 0.06953125 0.16328125
1 0.2734375 0.91796875 0.071875 0.1640625
1 0.20390625 0.58828125 0.0703125 0.1609375
1 0.071875 0.425 0.0703125 0.1671875
1 0.34296875 0.75078125 0.0703125 0.17265625
1 0.27109375 0.75703125 0.0703125 0.171875
1 0.0171875 0.4203125 0.034375 0.16015625
1 0.4765625 0.91953125 0.065625 0.1609375
1 0.015625 0.25625 0.03125 0.16015625
1 0.0734375 0.91796875 0.071875 0.1640625
1 0.07734375 0.75 0.07109375 0.16953125
1 0.3421875 0.91796875 0.071875 0.1640625
1 0.0171875 0.91796875 0.034375 0.1640625
1 0.46953125 0.425 0.0671875 0.1625
1 0.4671875 0.265625 0.06875 0.16171875
1 0.2015625 0.10234375 0.06875 0.159375
1 0.0171875 0.75625 0.034375 0.16796875
1 0.26953125 0.58828125 0.06796875 0.1609375
1 0.1328125 0.58515625 0.06796875 0.165625
1 0.33828125 0.596875 0.0703125 0.16640625
1 0.328125 0.10234375 0.06640625 0.1609375
1 0.265625 0.26171875 0.06640625 0.159375
1 0.015625 0.584375 0.03125 0.16796875
1 0.13125 0.4203125 0.06796875 0.16484375
1 0.1359375 0.75 0.071875 0.1703125
1 0.2671875 0.428125 0.06875 0.165625
1 0.3296875 0.2671875 0.0703125 0.1609375
1 0.2015625 0.4265625 0.06875 0.16640625
1 0.0140625 0.09375 0.028125 0.1640625
1 0.33515625 0.4296875 0.07109375 0.165625
1 0.2078125 0.91953125 0.071875 0.1609375
1 0.40234375 0.109375 0.0703125 0.16015625
1 0.4046875 0.42421875 0.06796875 0.16171875
1 0.13046875 0.26015625 0.06640625 0.16015625
1 0.1359375 0.91796875 0.071875 0.1640625
1 0.4625 0.109375 0.06640625 0.16015625
1 0.06875 0.0984375 0.06484375 0.1625
1 0.20546875 0.7578125 0.06875 0.171875
1 0.27265625 0.10078125 0.07265625 0.159375
1 0.128125 0.09921875 0.06484375 0.16171875
1 0.484375 0.753125 0.0671875 0.1703125
1 0.4125 0.91953125 0.06875 0.1609375
1 0.41171875 0.75859375 0.06796875 0.16796875
1 0.07265625 0.2640625 0.0734375 0.15625