1 0.7640625 0.2578125 0.07265625 0.18046875
1 0.84765625 0.5984375 0.07265625 0.175
1 0.7671875 0.93359375 0.06953125 0.13203125
1 0.7703125 0.08203125 0.071875 0.1640625
1 0.8484375 0.93359375 0.075 0.1328125
1 0.69609375 0.59609375 0.071875 0.178125
1 0.69765625 0.25 0.0703125 0.18046875
1 0.77265625 0.4234375 0.07421875 0.1671875
1 0.9671875 0.08203125 0.065625 0.1640625
1 0.76484375 0.59453125 0.0734375 0.17890625
1 0.69375 0.0796875 0.06875 0.159375
1 0.84765625 0.771875 0.0734375 0.1796875
1 0.69921875 0.42421875 0.07265625 0.1671875
1 0.69765625 0.77421875 0.07265625 0.17890625
1 0.84375 0.25625 0.0734375 0.178125
1 0.971875 0.24375 0.05625 0.16796875
1 0.84609375 0.42265625 0.071875 0.16796875
1 0.9734375 0.7671875 0.053125 0.17578125
1 0.9734375 0.6 0.053125 0.17578125
1 0.9734375 0.4203125 0.053125 0.17578125
1 0.9109375 0.42109375 0.075 0.17421875
1 0.7734375 0.7734375 0.07421875 0.178125
1 0.9125 0.6 0.07265625 0.17578125
1 0.91015625 0.2453125 0.0734375 0.16953125
1 0.8421875 0.0796875 0.071875 0.159375
1 0.9078125 0.08203125 0.071875 0.1640625
1 0.9703125 0.93125 0.059375 0.13671875
1 0.69765625 0.928125 0.0734375 0.1359375
1 0.91328125 0.7734375 0.0734375 0.18046875
1 0.91171875 0.934375 0.075 0.13125
0 0.73359375 0.70390625 0.025 0.03515625
0 0.86484375 0.353125 0.0265625 0.0296875
0 0.7140625 0.35625 0.03359375 0.0390625
0 0.86484375 0.184375 0.01640625 0.02421875
0 0.725 0.65703125 0.01953125 0.0203125