1 0.56875 0.75 0.075 0.178125
1 0.76796875 0.4 0.0703125 0.1765625
1 0.96875 0.9078125 0.0625 0.18125
1 0.5546875 0.07421875 0.071875 0.1484375
1 0.6875 0.07421875 0.06875 0.1484375
1 0.7703125 0.74296875 0.06796875 0.17734375
1 0.76953125 0.56953125 0.06875 0.16796875
1 0.41875 0.07421875 0.075 0.1484375
1 0.56875 0.75 0.075 0.178125
1 0.76796875 0.4 0.0703125 0.1765625
1 0.96875 0.7375 0.0625 0.171875
1 0.5546875 0.07421875 0.071875 0.1484375
1 0.6875 0.07421875 0.06875 0.1484375
1 0.7703125 0.74296875 0.06796875 0.17734375
1 0.76953125 0.56953125 0.06875 0.16796875
1 0.41875 0.07421875 0.075 0.1484375
1 0.56640625 0.5734375 0.07421875 0.1734375
1 0.56328125 0.40390625 0.071875 0.1765625
1 0.70390625 0.91640625 0.06640625 0.16640625
1 0.7 0.7453125 0.06796875 0.175
1 0.56015625 0.23203125 0.07109375 0.1734375
1 0.765625 0.22734375 0.06875 0.16875
1 0.63515625 0.40234375 0.06640625 0.17734375
1 0.77265625 0.91640625 0.06640625 0.1671875
1 0.5640625 0.9203125 0.07578125 0.159375
1 0.4859375 0.071875 0.065625 0.14375
1 0.759375 0.071875 0.0625 0.14375
1 0.5 0.74921875 0.0703125 0.1765625
1 0.5 0.91796875 0.06875 0.1640625
1 0.640625 0.91640625 0.06875 0.1671875
1 0.6375 0.57265625 0.06953125 0.1734375
1 0.62890625 0.2296875 0.0703125 0.1703125
1 0.63984375 0.74609375 0.0671875 0.17578125
1 0.9015625 0.56640625 0.06640625 0.17109375
1 0.42890625 0.75078125 0.07109375 0.18125
1 0.43125 0.92109375 0.0703125 0.15703125
1 0.9 0.4015625 0.07265625 0.175
1 0.8890625 0.0703125 0.065625 0.140625
1 0.89296875 0.22578125 0.06953125 0.17421875
1 0.9671875 0.5609375 0.06484375 0.178125
1 0.2921875 0.7578125 0.0734375 0.190625
1 0.621875 0.07421875 0.06875 0.1484375
1 0.83515625 0.22578125 0.06640625 0.1734375
1 0.69296875 0.2296875 0.06953125 0.1703125
1 0.840625 0.5671875 0.0671875 0.1671875
1 0.84296875 0.909375 0.06953125 0.17734375
1 0.69765625 0.57109375 0.071875 0.17265625
1 0.84375 0.740625 0.06875 0.17578125
1 0.49765625 0.57421875 0.071875 0.175
1 0.825 0.071875 0.06875 0.14375
1 0.29140625 0.578125 0.07109375 0.18203125
1 0.69453125 0.40234375 0.0703125 0.178125
1 0.49375 0.23359375 0.0703125 0.18125
1 0.9609375 0.071875 0.071875 0.14375
1 0.90390625 0.7421875 0.0609375 0.1765625
1 0.42578125 0.57578125 0.0734375 0.17421875
1 0.8390625 0.4 0.06640625 0.175
1 0.965625 0.3984375 0.06875 0.16953125
1 0.9890625 0.0703125 0.015625 0.140625
1 0.2796875 0.0765625 0.078125 0.15234375
1 0.965625 0.2265625 0.0671875 0.17421875
1 0.4234375 0.40625 0.0734375 0.1765625
1 0.3546875 0.57734375 0.06953125 0.17734375
1 0.35703125 0.75703125 0.0671875 0.1859375
1 0.346875 0.0765625 0.06875 0.15234375
1 0.284375 0.23125 0.07734375 0.18984375
1 0.3546875 0.2375 0.08203125 0.18828125
1 0.41875 0.23125 0.08203125 0.1859375
1 0.2875 0.41171875 0.08046875 0.17109375
1 0.35703125 0.4125 0.065625 0.184375
1 0.49296875 0.40546875 0.07890625 0.1765625
1 0.2921875 0.9171875 0.07890625 0.165625
1 0.35625 0.91875 0.07265625 0.1625
1 0.90703125 0.9109375 0.0703125 0.178125
0 0.52109375 0.159375 0.04609375 0.0453125
0 0.309375 0.1734375 0.021875 0.02578125
0 0.45 0.1640625 0.01796875 0.0296875
0 0.37890625 0.34375 0.02109375 0.03203125
0 0.31171875 0.51796875 0.0171875 0.02734375
0 0.38359375 0.69296875 0.02109375 0.028125
0 0.521875 0.68828125 0.01640625 0.028125