1 0.8984375 0.721875 0.0765625 0.18671875
1 0.90390625 0.9046875 0.08046875 0.1859375
1 0.9703125 0.90234375 0.059375 0.1875
1 0.884375 0.0390625 0.075 0.078125
1 0.740625 0.040625 0.08125 0.08125
1 0.959375 0.0390625 0.075 0.078125
1 0.815625 0.35390625 0.0765625 0.190625
1 0.89453125 0.5390625 0.0703125 0.18671875
1 0.996875 0.16015625 0.00625 0.1796875
1 0.9625 0.5328125 0.075 0.19140625
1 0.9984375 0.3453125 0.003125 0.18359375
1 0.9953125 0.0390625 0.009375 0.078125
1 0.66796875 0.35 0.07734375 0.1890625
1 0.96875 0.7171875 0.0625 0.18359375
1 0.80625 0.0375 0.075 0.07421875
1 0.81328125 0.1671875 0.078125 0.1875
1 0.51328125 0.36796875 0.0796875 0.19921875
1 0.82578125 0.540625 0.0703125 0.1890625
1 0.83046875 0.90859375 0.07578125 0.1796875
1 0.51953125 0.1875 0.07890625 0.19140625
1 0.89296875 0.35078125 0.078125 0.2015625
1 0.59296875 0.3671875 0.071875 0.1890625
1 0.9625 0.1625 0.075 0.18359375
1 0.82734375 0.721875 0.0734375 0.19140625
1 0.59609375 0.55390625 0.06171875 0.1890625
1 0.66875 0.5421875 0.071875 0.20390625
1 0.7484375 0.5421875 0.065625 0.1890625
1 0.74609375 0.34921875 0.078125 0.19375
1 0.74453125 0.175 0.07578125 0.19453125
1 0.8890625 0.17265625 0.075 0.1921875
1 0.5203125 0.5578125 0.078125 0.19609375
1 0.7546875 0.90703125 0.0796875 0.18125
1 0.5171875 0.04296875 0.078125 0.0859375
1 0.5875 0.04296875 0.06875 0.0859375
1 0.525 0.74921875 0.0875 0.1875
1 0.5265625 0.9203125 0.0796875 0.15
1 0.60390625 0.74453125 0.0734375 0.18359375
1 0.60390625 0.92109375 0.0703125 0.1578125
1 0.6765625 0.7390625 0.0828125 0.18515625
1 0.67578125 0.9140625 0.078125 0.16328125
1 0.75078125 0.73125 0.08125 0.184375
1 0.59375 0.1796875 0.07265625 0.18046875
1 0.659375 0.040625 0.08125 0.08125
1 0.665625 0.17265625 0.07890625 0.178125
1 0.965625 0.33984375 0.06875 0.1796875
0 0.6125 0.05859375 0.0265625 0.0421875
0 0.7609375 0.05390625 0.03125 0.0453125
0 0.53671875 0.2421875 0.0328125 0.04140625
0 0.61328125 0.23828125 0.02734375 0.046875
0 0.61640625 0.29609375 0.02578125 0.0328125
0 0.7703125 0.41953125 0.0234375 0.04453125
0 0.621875 0.61015625 0.025 0.04453125
0 0.7 0.61171875 0.02265625 0.0296875
0 0.6265625 0.803125 0.03046875 0.04296875