1 0.0234375 0.1578125 0.04609375 0.17109375
1 0.271875 0.80234375 0.06796875 0.1640625
1 0.26953125 0.3203125 0.06796875 0.18359375
1 0.271875 0.80234375 0.06796875 0.1640625
1 0.0625 0.94296875 0.06875 0.1140625
1 0.33359375 0.80078125 0.0609375 0.165625
1 0.2703125 0.94140625 0.065625 0.1171875
1 0.271875 0.64453125 0.0671875 0.16171875
1 0.33125 0.94296875 0.0625 0.1140625
1 0.20859375 0.1578125 0.06796875 0.15859375
1 0.07890625 0.15546875 0.0734375 0.1625
1 0.0703125 0.32890625 0.06640625 0.16171875
1 0.27421875 0.15859375 0.07265625 0.17421875
1 0.13359375 0.80625 0.0640625 0.165625
1 0.19765625 0.80390625 0.0671875 0.1625
1 0.33515625 0.32109375 0.0625 0.16953125
1 0.20546875 0.32265625 0.0640625 0.1671875
1 0.06640625 0.65 0.06953125 0.16796875
1 0.33828125 0.04140625 0.06796875 0.08203125
1 0.196875 0.94296875 0.06875 0.1140625
1 0.33359375 0.64296875 0.059375 0.16015625
1 0.20078125 0.48046875 0.06875 0.1609375
1 0.2 0.6453125 0.0703125 0.16640625
1 0.13359375 0.6453125 0.065625 0.1625
1 0.0734375 0.48359375 0.06640625 0.1578125
1 0.13125 0.94296875 0.06875 0.1140625
1 0.3390625 0.15546875 0.06640625 0.16015625
1 0.14453125 0.15625 0.071875 0.16796875
1 0.334375 0.48046875 0.0625 0.16171875
1 0.140625 0.32734375 0.07109375 0.165625
1 0.02109375 0.3265625 0.04140625 0.17265625
1 0.01953125 0.48828125 0.0390625 0.16171875
1 0.0203125 0.64375 0.03984375 0.16328125
1 0.0671875 0.8125 0.07734375 0.16328125
1 0.01640625 0.809375 0.0328125 0.1671875
1 0.0171875 0.9453125 0.034375 0.109375
1 0.271875 0.0375 0.075 0.07421875
1 0.2078125 0.0375 0.0703125 0.075
1 0.14375 0.03515625 0.06875 0.0703125
1 0.0765625 0.0328125 0.065625 0.065625
1 0.021875 0.03515625 0.04375 0.0703125
0 0.2921875 0.696875 0.02421875 0.0390625
1 0.13515625 0.4859375 0.07421875 0.16796875
1 0.26953125 0.4828125 0.0765625 0.171875