1 0.5559954517181653 0.2092451716758065 0.19701884215265544 0.09554214529089185
1 0.727539581071379 0.2148524691607443 0.19373006784239594 0.09236259821299111
1 0.5444017752147706 0.023443633930101383 0.19505355042954128 0.046887267860202766
1 0.18146908525525038 0.12038286363756193 0.1986632293077851 0.09713191882984215
1 0.5541353013340524 0.06930596428948033 0.1904412935321364 0.08918305113509044
1 0.7383675384437536 0.15288825731019123 0.1873162935321364 0.08912850405718978
1 0.5569980297373265 0.1388508510589555 0.193648180687266 0.09080009821299115
1 0.1852348151288624 0.01561531737044014 0.18921963025772479 0.03123063474088028
1 0.9093534068292621 0.221776804795129 0.18129318634147573 0.09228077759614015
1 0.18498691089956237 0.2024277504070371 0.19685506784239584 0.09241714529089187
1 0.372609741632257 0.20149867573299632 0.19397572930778512 0.09705009821299111
1 0.7313528985750904 0.07872405438809191 0.18896068068726599 0.09071827759614011
1 0.365059513228983 0.13203560958037214 0.1905231806872661 0.09074555113509045
1 0.3682110894391219 0.017131178572370082 0.1864221788782438 0.034262357144740165
1 0.7323930981455492 0.026864891438868232 0.19044793758467088 0.053729782877736464
1 0.91108798620519 0.15291771063932763 0.17782402758961985 0.09069100405718977
1 0.06019495081365411 0.19365849675358912 0.06840251922187686 0.08393071509696393
1 0.910129134158683 0.08648418710037731 0.17974173168263405 0.09069100405718977
1 0.18440265547249543 0.05699251948176056 0.1971007293077851 0.09710464529089183
1 0.06056568577564876 0.007526127841021431 0.05550637155129752 0.015052255682042862
1 0.05885377883281527 0.12330508644516361 0.0636331320667471 0.08228639448011292
1 0.9107294600859083 0.03411316356142696 0.1785410798281834 0.059386456979289105
1 0.060432888964152054 0.04899087905883742 0.0636331320667471 0.08228639448011292
1 0.36445864767057934 0.060887312502471466 0.18896068068726618 0.09071827759614012