1 0.8891357726766358 0.08377358812058536 0.20014654535327175 0.1491840293602715
1 0.9028175593570898 0.1854815387889489 0.1831044960216353 0.1614840346912716
1 0.8705306760025454 0.028877002784812745 0.22543635200509077 0.04011811203054405
1 0.3859380473424541 0.07166919871895214 0.28750109468490825 0.1377021840388164
1 0.6986391366963624 0.2268497840944957 0.2941147213558171 0.16902490937299816
1 0.022285722032134886 0.23694601666931803 0.04071700135263547 0.14264203333863607
1 0.1862669533736345 0.299002216024817 0.2816329026893626 0.17044195870463463
1 0.6489738493395907 0.05363900342135959 0.2854476986791813 0.09549650270527095
1 0.034477734046770576 0.34488578600413616 0.06270108935390814 0.1522715720082723
1 0.43274196403563475 0.2674998667249973 0.29571358402290804 0.17216809070654363
1 0.16018516402768054 0.20574256468808994 0.28786472135581714 0.16895218403881634
1 0.6754914433481811 0.11722024542485943 0.2909351773551808 0.1643010467059073
1 0.1401533800127267 0.09536813868554458 0.28001585868872625 0.16573627737108917
1 0.41051188068904443 0.16959816872213382 0.29097154002227177 0.16742604670590727
1 0.12463692067154523 0.03738291601686286 0.24909202800763602 0.05914083203372572
0 0.49724826468013567 0.10499132340067874 0.0755454400063634 0.04774770401018137
0 0.014790848026726044 0.19702045066836354 0.025509077339272455 0.04404090133672711
0 0.750654528007636 0.0649770401018135 0.06771475867281787 0.04609429734245411
0 0.8332943053389543 0.05109690077972208 0.047274989337999784 0.03492044000636334