1 0.89453125 0.09375 0.06953125 0.1640625
1 0.83046875 0.7578125 0.06953125 0.17421875
1 0.62265625 0.0953125 0.06875 0.175
1 0.828125 0.584375 0.07109375 0.16953125
1 0.625 0.91953125 0.06875 0.1609375
1 0.83203125 0.4171875 0.071875 0.16484375
1 0.82421875 0.09296875 0.07265625 0.16953125
1 0.9 0.5828125 0.0734375 0.1671875
1 0.6875 0.58984375 0.0765625 0.16640625
1 0.82578125 0.25703125 0.07109375 0.16953125
1 0.965625 0.74609375 0.06875 0.171875
1 0.903125 0.915625 0.06875 0.16796875
1 0.8984375 0.4203125 0.071875 0.16484375
1 0.690625 0.91953125 0.075 0.1609375
1 0.9625 0.4203125 0.075 0.16796875
1 0.68671875 0.7625 0.0765625 0.1734375
1 0.965625 0.584375 0.06875 0.16796875
1 0.9953125 0.08984375 0.009375 0.1640625
1 0.7625 0.58515625 0.06796875 0.165625
1 0.61640625 0.43359375 0.0671875 0.1640625
1 0.965625 0.91796875 0.06875 0.1640625
1 0.90234375 0.75625 0.07265625 0.17109375
1 0.834375 0.91796875 0.06875 0.1640625
1 0.76171875 0.42265625 0.06953125 0.16484375
1 0.62421875 0.76484375 0.06484375 0.16640625
1 0.96328125 0.09140625 0.06796875 0.1609375
1 0.8953125 0.25546875 0.0703125 0.16484375
1 0.61640625 0.2640625 0.0671875 0.165625
1 0.6859375 0.09375 0.07421875 0.17578125
1 0.7578125 0.09296875 0.06875 0.1703125
1 0.75859375 0.2640625 0.0703125 0.16640625
1 0.61875 0.59296875 0.06796875 0.1609375
1 0.996875 0.2515625 0.00625 0.16796875
1 0.6890625 0.4296875 0.0765625 0.16640625
1 0.96171875 0.2578125 0.07578125 0.1671875
1 0.765625 0.91796875 0.075 0.1640625
1 0.6875 0.26171875 0.07265625 0.16953125
1 0.75703125 0.75234375 0.07734375 0.1734375
1 0.9984375 0.58203125 0.003125 0.1640625
0 0.92890625 0.85859375 0.021875 0.03359375
0 0.6421875 0.0234375 0.0296875 0.03828125
0 0.6578125 0.8140625 0.02109375 0.03671875
0 0.78828125 0.8625 0.021875 0.02734375
0 0.990625 0.6875 0.01875 0.0234375
0 0.64765625 0.58515625 0.025 0.03203125
0 0.6484375 0.36484375 0.01640625 0.01796875
0 0.64453125 0.30625 0.02578125 0.03671875
0 0.9875 0.353125 0.025 0.03515625
0 0.990625 0.47265625 0.01875 0.0390625