1 0.11927999538508853 0.37924539488715003 0.09291584802672603 0.19845686525911974
1 0.04587885805217942 0.383652251217816 0.08510334802672605 0.19832049756436804
1 0.12097721335931699 0.18933346103977416 0.08815562269254426 0.1921250446422687
1 0.3520834047183158 0.3744003875835494 0.0867022106938169 0.2014727711033184
1 0.28548044410404066 0.7615788336057898 0.08811926002545337 0.1890000446422686
1 0.34601357602640787 0.1885310714309252 0.08659312269254418 0.19209777110331835
1 0.21238948412631237 0.926950463475406 0.08286813868554459 0.14048072402541792
1 0.19521414469286244 0.18960046793963303 0.09129880402608972 0.19374209172016937
1 0.36062425274504184 0.571166293427748 0.08819198535963509 0.1952500446422686
1 0.043678916693180594 0.194589751217816 0.08503062269254426 0.19207049756436803
1 0.3651315814369498 0.7570628831193225 0.08666584802672608 0.1983477711033183
1 0.29049630279276695 0.924024286527889 0.0860295013526354 0.14366027110331814
1 0.13117584679340327 0.931493687500824 0.08592041335136283 0.13428527110331814
1 0.20207595607890544 0.5778408076312076 0.0897726666931806 0.19683981818121907
1 0.05812760343726794 0.7647658835230644 0.08506698535963515 0.19519549756436802
1 0.28086402741086003 0.5663072439142154 0.08826471069381689 0.20150004464226862
1 0.051349250079541796 0.5851602041399153 0.09131698535963514 0.19530459172016937
1 0.12461402741086007 0.5690345978092493 0.09449652936027149 0.2000466387980701
1 0.27717431138604304 0.3835220174531656 0.0898635733609078 0.20465231818121907
1 0.2111980594366316 0.757405576705931 0.08973630402608972 0.19371481818121908
1 0.19977601738540668 0.38018455763120745 0.08510334802672603 0.19832049756436804
1 0.12605090010340433 0.7596732345787245 0.08822834802672604 0.1983750446422686
1 0.06397925612663055 0.9318851996756884 0.08281359468490826 0.1357932240254179
1 0.2756283506922261 0.18350838068369052 0.08653857869190791 0.18741027110331837
1 0.3624076654598578 0.9258947037361736 0.08283177601845368 0.1373557240254179
1 0.19515850600731785 0.050510694400682676 0.08386701734563581 0.09207049756436803
1 0.1186596406747269 0.05731584780924933 0.08392156134627213 0.09675799756436801
1 0.042097140674726904 0.05865225121781599 0.08386701734563581 0.09207049756436803
1 0.3037340746737724 0.04841329342610035 0.15425224267981755 0.0968265868522007
1 0.352153393340227 0.046545943182866686 0.09173406134627218 0.09309188636573337
0 0.24650030744744927 0.8364930588490236 0.027017033338636053 0.03952615016215581
0 0.17725667472945167 0.4594999107154626 0.03324885200509069 0.03807274431795715