1 0.3353957246211528 0.8487976109453392 0.09801129488495217 0.19587610226293614
1 0.14268903239192035 0.48987608713762576 0.09802947560311144 0.19900110226293638
1 0.5602548240554187 0.8258878726528043 0.09643970452587247 0.1943045119038566
1 0.12053171037960508 0.306940867290051 0.09957379488495222 0.19588519262201592
1 0.5380520502477054 0.6351401528052293 0.09643970452587247 0.19430451190385672
1 0.4700130390312197 0.08554415290342512 0.09315107806243947 0.16616133118569745
1 0.2728735196043009 0.9779982558537323 0.0846386204133089 0.04400348829253531
1 0.2925844932625047 0.47278001160926914 0.0980294756031114 0.19900110226293638
1 0.5900998426967707 0.4502929750139363 0.09485902380771342 0.191170421544777
1 0.31480090260883753 0.6658714814568439 0.09801129488495217 0.19587610226293622
1 0.6106537580932276 0.6261878545024315 0.09332379488495217 0.1958488311856975
1 0.1740965510332723 0.11429027985783757 0.0931692587805987 0.16928633118569744
1 0.22229471916020377 0.47627719545068625 0.09647606596219109 0.2005545119038567
1 0.4150286824666751 0.8398862192583996 0.09799311416679295 0.1927511022629364
1 0.2635889023142499 0.8600982044276767 0.09802038524403187 0.1974386022629364
1 0.6398786915418614 0.8154139809658645 0.09799311416679295 0.19275110226293615
1 0.04479591217500316 0.3143124848746895 0.0870647045258726 0.19424996974937897
1 0.7062076734896847 0.8025190712267483 0.09329652380771343 0.1911613311856975
1 0.38502704419758116 0.6514367976154267 0.10116356596219109 0.20058178298109547
1 0.18473719446872766 0.8690141412941561 0.09958288524403183 0.19744769262201595
1 0.16490544173825314 0.6829675569852006 0.09958288524403183 0.19744769262201595
1 0.6523928479613279 0.9522009086589616 0.08330337939029935 0.08485678903121965
1 0.34705590816798243 0.9719618792921036 0.08627384328594587 0.056076241415792795
1 0.49685331586399517 0.2677253938282388 0.09801129488495235 0.19587610226293634
1 0.235953739942855 0.6755686683233233 0.09957379488495219 0.19588519262201592
1 0.10357355287998402 0.883385192622016 0.09955561416679296 0.19276019262201594
1 0.2451448492378742 0.10689139119596018 0.0931692587805987 0.16928633118569744
1 0.5182248426967707 0.44987481849627386 0.09643970452587247 0.19430451190385672
1 0.036076459790429886 0.6954988523611322 0.04797493344863374 0.18933521077238852
1 0.3628969932625047 0.4731890777678519 0.09643970452587265 0.19430451190385672
1 0.19313341822512736 0.2979885689872532 0.10112720452587257 0.19433178298109546
1 0.5457851986721401 0.08442253531878659 0.10094539734428025 0.16308178298109555
1 0.39191985528799844 0.09055838494944424 0.09157948770335977 0.16458974082661784
1 0.02010096008501748 0.5008812439498758 0.03545675273047451 0.18613748789975162
1 0.32555451190385665 0.09720329468856048 0.09627607806243947 0.16617951190385666
1 0.5647947947867563 0.2634333244482022 0.09333288524403187 0.1974113311856974
1 0.6152846324153615 0.07935830629782957 0.08994426483072289 0.15208065046753821
1 0.4455776830558503 0.4510146167990716 0.0980294756031114 0.19900110226293624
1 0.05670764323906363 0.8846749818496275 0.049564704525872604 0.19403180113146803
1 0.27042717125018945 0.28984479176169425 0.09800220452587256 0.1943136022629363
1 0.6933980804001305 0.6149508935336512 0.09643970452587247 0.19430451190385672
1 0.4907781162098964 0.8348583516737611 0.0980294756031114 0.1990011022629364
1 0.46934295686356364 0.641771427005726 0.0980294756031114 0.1990011022629364
1 0.09445904800821017 0.12242042154477706 0.09786584913967833 0.1708761022629363
1 0.19633374550199992 0.9816863372358217 0.08146816861791084 0.03662732552835664
1 0.05991289382823882 0.4956442981064061 0.10116356596219107 0.2005817829810955
1 0.5727553449362659 0.9589467827356059 0.08642837939029935 0.08210643452878834
1 0.03199995462406846 0.12908805718159236 0.06349084913967833 0.1706761143631847
1 0.08366907727687256 0.6848386083130605 0.1027351563212707 0.20215337334017516
1 0.4938854563725844 0.9645720809893057 0.08948974687674216 0.0708558380213887
1 0.4156533128389331 0.2758464451560987 0.09487720452587264 0.1942954215447771
1 0.6491107074527388 0.25376795383850154 0.09487720452587264 0.1942954215447771
1 0.4259348870907436 0.967501638269094 0.08789088544042353 0.06499672346181207
1 0.0073095477136225885 0.31643806625677867 0.012037433448633745 0.18912613251355737
1 0.6744248457218328 0.4421901044042357 0.09486811416679294 0.192732921544777
1 0.11588772139969897 0.9853516927202118 0.08611021682251274 0.029296614559576283
1 0.34070785499341083 0.28478510792027706 0.09958288524403187 0.19744769262201595
1 0.07295533283601745 0.9915471505657341 0.03759999394987581 0.016905698868531972
1 0.7273337606273105 0.9424809958947833 0.08333065046753826 0.08954428903121965
0 0.05763173458010189 0.23782725292686627 0.02836134933607006 0.040788626463433175
0 0.7311400166774347 0.9253162217924824 0.03769998789975162 0.03459316861791066
0 0.12578892046462256 0.8077357528286704 0.01887726502711464 0.02198408430895533