1 0.11516897161741065 0.7493574908288 0.1589323439616777 0.14503501834239999
1 0.2935706105815627 0.7942427788337483 0.2417448439616777 0.1474446159934022
1 0.27899685549318004 0.8744758481132205 0.24166295680654795 0.1458821159934022
1 0.4990703380803255 0.8336449449727997 0.23236984396167765 0.14717183135366615
1 0.11350465230467677 0.8370393472552907 0.14626856965141818 0.1415463054894186
1 0.4837562765695077 0.9146819963055833 0.2353310696514182 0.14413775956691133
1 0.6858067774740189 0.9330586086045688 0.23007700361804453 0.10342183135366625
1 0.7037478720015236 0.8722885931651625 0.22266729534115867 0.14064904671392994
1 0.27487259950028625 0.9301491865930226 0.21149742198083885 0.07635922618081672
1 0.8666406976458354 0.9497052363429604 0.16215916327441143 0.05776233887551356
1 0.4775781976458354 0.9610257988920081 0.22153416327441153 0.05948997492717538
1 0.8799319137246375 0.9047193452767337 0.17365658525525057 0.1283021594086268
1 0.11135565411369905 0.8856132395751587 0.13329053482570904 0.07252352084968265