1 0.950856811045011 0.6951489519347924 0.09828637790997803 0.191608231382639
1 0.9127519397707884 0.5254533945640979 0.11695137254713259 0.188483231382639
1 0.8312167327741566 0.727268508071216 0.1168877055509383 0.186920731382639
1 0.9578947075281047 0.5033614954377785 0.08421058494379068 0.18982752583555573
1 0.8819236814050125 0.8798674844198618 0.10942803262324467 0.15708776101791672
1 0.7577301532303921 0.7435097974901395 0.11389003954332715 0.18997299620027785
1 0.8636247371855997 0.35415896960222293 0.12020370653952135 0.19168096656500017
1 0.710101783649009 0.570689240119445 0.11707870653952135 0.191608231382639
1 0.9863645588206988 0.6734746268966675 0.02727088235860222 0.18710126291777787
1 0.5669275148287476 0.08344120041618103 0.11510502965749528 0.14317073138263897
1 0.6981947608744149 0.06776426187093808 0.10888952174882985 0.1055616286090973
1 0.6657072075281045 0.20906075588701442 0.12326503954332697 0.1901912017473612
1 0.6121020464634092 0.23435039019569492 0.11701503954332697 0.19004573138263897
1 0.6374282876033417 0.5877299633339589 0.11695137254713259 0.188483231382639
1 0.9219625247145793 0.13853527602298688 0.06181820357377177 0.17627286569131945
1 0.6251392628515813 0.07542998508545191 0.10652852570316255 0.12423889342673618
1 0.9719983112921569 0.3129728847804522 0.05556820357377177 0.1761273953265973
1 0.806093351861248 0.8960542224520147 0.10786553262324494 0.15705139342673605
1 0.8333682569200821 0.052178242303646524 0.10423651384016433 0.0679888934267362
1 0.6973656561961417 0.7561539614340977 0.12020370653952135 0.19168096656499997
1 0.7966919051703774 0.358845163181459 0.12026737353571573 0.19324346656500016
1 0.8491669422422465 0.5356810733256951 0.1203310405319101 0.19480596656500015
1 0.7811809461965791 0.5528308993137506 0.11701503954332697 0.190045731382639
1 0.5934196665390838 0.40796907494121576 0.12170253954332697 0.19015483415618065
1 0.8093325321289532 0.1710366918668062 0.11551620653952135 0.19157186379145844
1 0.9262056502274614 0.33844435704503545 0.11695137254713259 0.188483231382639
1 0.7496047050566466 0.1993058558107645 0.12176620653952135 0.19171733415618064
1 0.8937021453217266 0.7092101455140284 0.11688770555093839 0.186920731382639
1 0.8814237549429158 0.04393063763024379 0.0565975098858317 0.04814786569131949
1 0.4931544338021084 0.09265123983510457 0.11443386760421674 0.16500936379145842
1 0.9467210800752373 0.8619000408406258 0.10655783984952549 0.16490026101791672
1 0.996080457033813 0.49331500142170226 0.00783908593237399 0.17554551386770836
1 0.7688428419010542 0.05848148726965342 0.10956068380210837 0.08372299620027787
1 0.8719452786689121 0.1561033293096188 0.12182987353571591 0.19327983415618064
1 0.7434806053212892 0.9109875850092021 0.10767453163466172 0.15236389342673604
1 0.7313361606075848 0.3830807905562853 0.11701503954332697 0.190045731382639
1 0.5383607989348671 0.2443416796146185 0.11845020555093821 0.18695709897381957
1 0.6625689145619175 0.4002124327487505 0.11701503954332697 0.190045731382639
1 0.9768078280980708 0.8466030023716329 0.046384343803858384 0.16896951196784746
0 0.9666952708346088 0.9107194005480217 0.06335684585538673 0.060793336056041626
0 0.9543544383250946 0.9143347098185771 0.07429434585538672 0.06104790919430556