1 0.4375 0.02737042553055592 0.209375 0.039248257218194624
1 0.9640625 0.1091575537584036 0.071875 0.05011040919430561
1 0.62890625 0.04354420545017414 0.1921875 0.06228571371520849
1 0.82734375 0.08019413953010486 0.2109375 0.06740962480937518
1 0.10078125 0.03203320963114591 0.0734375 0.06108427678548617
1 0.6296875 0.10371863924576441 0.203125 0.1187902868534724
1 0.95390625 0.24642116441572998 0.0921875 0.10995818787965286
1 0.8140625 0.2150412650050701 0.215625 0.12064372758291686
1 0.43359375 0.07962325655260452 0.2203125 0.12075283035645852
1 0.6140625 0.17835496333395887 0.2125 0.12213349240055571
1 0.23359375 0.04840570488149325 0.2140625 0.09091985999173628
1 0.41875 0.15037151443638924 0.2140625 0.12060735999173629
1 0.95625 0.17928821580250082 0.0875 0.10984908510611117
1 0.090625 0.0864843202884723 0.0734375 0.09233427678548618
1 0.82265625 0.1363350367565632 0.2140625 0.12216985999173628
1 0.21796875 0.11444827896968768 0.2109375 0.11584712480937517