1 0.77265625 0.08125 0.12109375 0.075
1 0.971875 0.09375 0.05625 0.078125
1 0.878125 0.315625 0.12734375 0.08046875
1 0.51328125 0.296875 0.125 0.08046875
1 0.51796875 0.21875 0.12421875 0.08046875
1 0.63203125 0.3015625 0.1296875 0.07890625
1 0.9734375 0.02734375 0.053125 0.0546875
1 0.9703125 0.1625 0.059375 0.08203125
1 0.53125 0.0171875 0.125 0.034375
1 0.2703125 0.2765625 0.1265625 0.07421875
1 0.653125 0.0171875 0.125 0.034375
1 0.75859375 0.23046875 0.1296875 0.0796875
1 0.8734375 0.39296875 0.12578125 0.08125
1 0.88046875 0.23671875 0.128125 0.0796875
1 0.5078125 0.36640625 0.128125 0.08125
1 0.6484375 0.07890625 0.12265625 0.075
1 0.15546875 0.26953125 0.12265625 0.078125
1 0.1453125 0.34453125 0.11796875 0.08125
1 0.396875 0.21171875 0.12578125 0.0828125
1 0.521875 0.1421875 0.1234375 0.078125
1 0.775 0.01953125 0.11875 0.0390625
1 0.41015625 0.06796875 0.1234375 0.07734375
1 0.63828125 0.2234375 0.12421875 0.0796875
1 0.1609375 0.196875 0.121875 0.08203125
1 0.0625 0.04609375 0.11796875 0.0765625
1 0.76015625 0.30546875 0.13046875 0.07890625
1 0.6234375 0.44765625 0.1265625 0.08671875
1 0.64375 0.14609375 0.12265625 0.07890625
1 0.528125 0.07265625 0.125 0.078125
1 0.8921875 0.0859375 0.12578125 0.078125
1 0.5015625 0.440625 0.125 0.0828125
1 0.4171875 0.015625 0.121875 0.03125
1 0.29296875 0.0625 0.121875 0.07734375
1 0.890625 0.025 0.125 0.05
1 0.9671875 0.396875 0.065625 0.08203125
1 0.6265625 0.37578125 0.128125 0.084375
1 0.753125 0.45546875 0.128125 0.08046875
1 0.9703125 0.31640625 0.059375 0.0859375
1 0.0578125 0.196875 0.10234375 0.0796875
1 0.75546875 0.384375 0.12578125 0.07890625
1 0.065625 0.00625 0.125 0.01171875
1 0.38203125 0.43828125 0.1265625 0.08125
1 0.40546875 0.13671875 0.1265625 0.0796875
1 0.04453125 0.3390625 0.0890625 0.08125
1 0.38828125 0.36015625 0.12578125 0.08125
1 0.884375 0.1578125 0.128125 0.08125
1 0.03984375 0.415625 0.07890625 0.08515625
1 0.38984375 0.2890625 0.125 0.08046875
1 0.76796875 0.15078125 0.12578125 0.0765625
1 0.296875 0.01171875 0.125 0.0234375
1 0.13984375 0.425 0.12109375 0.08046875
1 0.9703125 0.23828125 0.059375 0.0859375
1 0.1765625 0.0078125 0.115625 0.015625
1 0.28984375 0.13125 0.128125 0.07578125
1 0.26484375 0.43125 0.128125 0.08125
1 0.87578125 0.4640625 0.13125 0.08671875
1 0.2640625 0.353125 0.12734375 0.08046875
1 0.04609375 0.26484375 0.0921875 0.0828125
1 0.17109375 0.05703125 0.12109375 0.0734375
1 0.17109375 0.1265625 0.11875 0.0765625
1 0.96875 0.4671875 0.0625 0.08203125
1 0.05546875 0.11640625 0.11015625 0.0828125
1 0.28046875 0.2078125 0.11875 0.0796875
0 0.26796875 0.19921875 0.03359375 0.03515625
0 0.80703125 0.1046875 0.0328125 0.03046875