1 0.7641163242940371 0.029449730769472875 0.07801735141192587 0.05044542759490126
1 0.6914480509370721 0.1368577097904299 0.08960337226160835 0.18017837939029935
1 0.9516845204539711 0.028196823859027005 0.034130959092057725 0.04550339754067197
1 0.6890481281341031 0.031357143533651224 0.07815374373179385 0.05513292759490127
1 0.6940776427820865 0.315028161585828 0.08518865690134447 0.18952610831306052
1 0.9646856594751337 0.30644454370660185 0.04576244404836274 0.17679884933607007
1 0.9662204495916533 0.656512721399699 0.03527958511458991 0.1923602168225127
1 0.8328890563473484 0.029068456568976053 0.07797188730530316 0.048882927594901274
1 0.7835453757598346 0.9461241463623218 0.0742391335443795 0.08166815651766228
1 0.7801512542896492 0.8210832397464634 0.08321697994174038 0.17545451795398073
1 0.8985822525072825 0.027106501650319997 0.077835494985435 0.04419542759490126
1 0.9126277513201483 0.48429683293421333 0.08666022868809904 0.18641019867214012
1 0.7638134812618885 0.30840143256487096 0.08335337226160852 0.1801420179539809
1 0.8396856594751337 0.3057173149802324 0.09268290815498555 0.17863406010845856
1 0.7595304612036288 0.13334689041039324 0.09116587226160835 0.18018746974937896
1 0.9577179086172041 0.1430951160135047 0.04576244404836274 0.17679884933607007
1 0.9673379833734597 0.483833745502 0.042773836368230886 0.18146816861791085
1 0.9166199517032243 0.8304723961659299 0.09272837226160817 0.18019656010845858
1 0.8491011457515872 0.6534871944687277 0.08670569279472176 0.18797269867214011
1 0.7770670213784079 0.6585377879510652 0.0993420851145899 0.192732921544777
1 0.9178738778048988 0.6531059202682308 0.0865693004748536 0.18328519867214013
1 0.8345759253102514 0.1322207276462149 0.08964883636823098 0.1817408793902994
1 0.9617278632234223 0.8377672665792387 0.03298965940862679 0.16735112646343317
1 0.9618749642396367 0.940129197297398 0.023784492478152685 0.06575226502711473
1 0.9212499642396367 0.9398928479613279 0.08499477711788864 0.07548178903121965
1 0.8511768081297152 0.8238406010845859 0.09304662100796719 0.19113406010845857
1 0.8539260719197687 0.9441894625209045 0.08186977711788863 0.0754636083130606
1 0.7123834295999006 0.9480542850241991 0.08843802586424747 0.08643746974937905
1 0.711977915809847 0.8277190591264999 0.09263744404836291 0.17707156010845856
1 0.9122737133151999 0.3084837666774346 0.09603522868809904 0.1864647408266178
1 0.9086582829903834 0.13734001970249674 0.09800690564770313 0.20053633118569744
1 0.8439232154267711 0.4823343571347102 0.09635347743445796 0.19740224082661778
1 0.7075585034317193 0.6573520169720222 0.09318301332783516 0.19582156010845858
1 0.7743919654267708 0.48192983615566715 0.0961716210079672 0.1911522408266178
1 0.7015083948936575 0.48931963445846494 0.0961716210079672 0.1911522408266178