1 0.81875 0.62421875 0.16015625 0.09765625
1 0.6640625 0.96875 0.171875 0.0625
1 0.81953125 0.7171875 0.1578125 0.0984375
1 0.66484375 0.89375 0.171875 0.103125
1 0.040625 0.99609375 0.08125 0.0078125
1 0.50546875 0.690625 0.1734375 0.1015625
1 0.34140625 0.584375 0.171875 0.0953125
1 0.6625 0.79609375 0.16875 0.1046875
1 0.05 0.55859375 0.1 0.1015625
1 0.34140625 0.49921875 0.17421875 0.09609375
1 0.328125 0.95703125 0.175 0.0859375
1 0.95 0.634375 0.1 0.09765625
1 0.17109375 0.7609375 0.16953125 0.1
1 0.0453125 0.75 0.090625 0.1015625
1 0.65859375 0.5203125 0.16484375 0.0984375
1 0.95625 0.978125 0.08125 0.04296875
1 0.04375 0.946875 0.0875 0.10546875
1 0.04375 0.84765625 0.0875 0.109375
1 0.1671875 0.8609375 0.1734375 0.10625
1 0.94921875 0.54296875 0.10078125 0.09453125
1 0.33671875 0.7734375 0.17734375 0.10390625
1 0.17265625 0.665625 0.16875 0.09921875
1 0.66171875 0.61328125 0.1671875 0.0984375
1 0.1609375 0.95078125 0.171875 0.0984375
1 0.834375 0.97421875 0.16875 0.0515625
1 0.5046875 0.78515625 0.17265625 0.1015625
1 0.3390625 0.6796875 0.17421875 0.10078125
1 0.4984375 0.9625 0.171875 0.07421875
1 0.1765625 0.571875 0.1703125 0.10078125
1 0.828125 0.809375 0.165625 0.10078125
1 0.05 0.65625 0.1 0.1015625
1 0.9546875 0.82421875 0.08984375 0.0984375
1 0.9515625 0.7296875 0.096875 0.103125
1 0.49921875 0.88125 0.171875 0.10859375
1 0.815625 0.53515625 0.1671875 0.096875
1 0.33359375 0.8703125 0.17421875 0.10625
1 0.83359375 0.90546875 0.1671875 0.10703125
1 0.50390625 0.596875 0.16640625 0.10078125
1 0.6640625 0.70390625 0.165625 0.10234375
1 0.9578125 0.9140625 0.084375 0.09765625
1 0.5046875 0.51328125 0.1671875 0.09765625
1 0.17578125 0.484375 0.16328125 0.09765625
1 0.053125 0.46875 0.10625 0.1015625
0 0.39453125 0.90625 0.03671875 0.0296875
0 0.40078125 0.71484375 0.0375 0.028125
0 0.76953125 0.8453125 0.03984375 0.0265625
0 0.23828125 0.52421875 0.034375 0.0296875
0 0.88125 0.7546875 0.03828125 0.0328125