1 0.03125 0.86875 0.0625 0.16796875
1 0.1015625 0.871875 0.07109375 0.16953125
1 0.2453125 0.1921875 0.06875 0.17265625
1 0.1671875 0.871875 0.06875 0.16796875
1 0.115625 0.05625 0.06875 0.1125
1 0.2453125 0.3671875 0.06875 0.16640625
1 0.0078125 0.0484375 0.015625 0.096875
1 0.1765625 0.18828125 0.06875 0.17265625
1 0.31875 0.3640625 0.071875 0.16875
1 0.17109375 0.70390625 0.06796875 0.16875
1 0.18046875 0.359375 0.06875 0.165625
1 0.03984375 0.7046875 0.07109375 0.175
1 0.31875 0.19375 0.06640625 0.16953125
1 0.04375 0.0484375 0.06875 0.096875
1 0.178125 0.05625 0.06875 0.1125
1 0.37578125 0.70859375 0.0671875 0.171875
1 0.003125 0.5234375 0.00625 0.171875
1 0.2328125 0.70546875 0.0703125 0.16953125
1 0.17734375 0.53046875 0.07109375 0.17109375
1 0.04921875 0.18984375 0.06875 0.16875
1 0.3078125 0.87578125 0.06953125 0.16796875
1 0.3796875 0.36484375 0.06796875 0.16875
1 0.0015625 0.34765625 0.003125 0.171875
1 0.240625 0.53359375 0.06875 0.17109375
1 0.00625 0.1859375 0.0125 0.16796875
1 0.371875 0.878125 0.06953125 0.1703125
1 0.04765625 0.353125 0.071875 0.17109375
1 0.246875 0.0546875 0.06875 0.109375
1 0.23046875 0.8640625 0.0734375 0.17265625
1 0.10859375 0.3625 0.06953125 0.16484375
1 0.10390625 0.69921875 0.07109375 0.171875
1 0.30859375 0.70703125 0.06796875 0.16875
1 0.3796875 0.0609375 0.071875 0.12109375
1 0.37734375 0.53828125 0.0671875 0.17265625
1 0.10703125 0.5296875 0.06953125 0.17265625
1 0.3203125 0.0609375 0.065625 0.12109375
1 0.03671875 0.528125 0.07265625 0.17109375
1 0.3875 0.2015625 0.06640625 0.17109375
1 0.11484375 0.1859375 0.0703125 0.17265625
1 0.3125 0.53515625 0.06875 0.16953125
1 0.10234375 0.97578125 0.0734375 0.0484375
1 0.16640625 0.9765625 0.06953125 0.046875
1 0.37109375 0.978125 0.07265625 0.04375
1 0.03125 0.97265625 0.0625 0.046875
1 0.2359375 0.97734375 0.07109375 0.04453125
1 0.3046875 0.978125 0.0765625 0.04375
1 0.3359375 0.97734375 0.1421875 0.04453125
1 0.0625 0.97265625 0.125 0.046875
1 0.1328125 0.97578125 0.14140625 0.046875
0 0.0265625 0.37734375 0.0234375 0.034375