1 0.8599193068726609 0.8607904862068729 0.26098616689245624 0.15441831330995512
1 0.40007399536184324 0.9493594772751239 0.2577925678423959 0.09348081330995513
1 0.6314534701470726 0.9179519699715233 0.2575336182719372 0.1481137662320542
1 0.2249854641541788 0.9805663871765123 0.1454696302577248 0.035321665583431285
1 0.3765712183380503 0.8739191465120031 0.26098616689245613 0.15441831330995512
1 0.822647278944357 0.7613495937553548 0.26090427973732633 0.15285581330995512
1 0.9769707722740947 0.8114199573929168 0.046058455451810684 0.1358750446422686
1 0.5957848857963334 0.8192650539810549 0.26098616689245624 0.15441831330995512
1 0.1986409701470726 0.9255067402607674 0.15013719810012063 0.12438416558343128
1 0.8712153329919428 0.912202981742646 0.23994997060135786 0.08068080438150141
1 0.9902829997728574 0.8643540426202645 0.019434000454285182 0.060493215096963836
1 0.6361719476458354 0.9632235596630977 0.2355966632744117 0.057188757303600825
1 0.9634947704650724 0.7131733721655692 0.07301045906985522 0.13313187418757338