1 0.4015625 0.2953125 0.06953125 0.16640625
1 0.0140625 0.2890625 0.028125 0.1640625
1 0.2046875 0.93515625 0.071875 0.1296875
1 0.33359375 0.625 0.0734375 0.16875
1 0.19765625 0.29375 0.06953125 0.1578125
1 0.25625 0.025 0.06953125 0.05
1 0.2765625 0.93125 0.065625 0.13671875
1 0.20234375 0.6234375 0.071875 0.16640625
1 0.3390625 0.93125 0.071875 0.13671875
1 0.1296875 0.93359375 0.071875 0.1328125
1 0.0125 0.7796875 0.025 0.17578125
1 0.3984375 0.13125 0.0671875 0.16796875
1 0.27578125 0.62578125 0.07265625 0.16953125
1 0.2046875 0.78515625 0.071875 0.16796875
1 0.328125 0.2921875 0.06953125 0.1640625
1 0.05234375 0.02265625 0.0703125 0.0453125
1 0.0140625 0.93515625 0.028125 0.1296875
1 0.015625 0.6234375 0.03125 0.16796875
1 0.20078125 0.4546875 0.0703125 0.1625
1 0.3375 0.778125 0.071875 0.1671875
1 0.0734375 0.93359375 0.078125 0.1328125
1 0.125 0.290625 0.0703125 0.16015625
1 0.3203125 0.02578125 0.06875 0.0515625
1 0.32578125 0.13359375 0.06796875 0.1640625
1 0.1234375 0.13125 0.06875 0.1703125
1 0.0109375 0.459375 0.021875 0.16796875
1 0.2671875 0.78515625 0.07109375 0.165625
1 0.40625 0.6234375 0.07109375 0.16875
1 0.19375 0.1328125 0.06640625 0.16640625
1 0.33203125 0.45546875 0.06953125 0.165625
1 0.39375 0.0234375 0.06875 0.046875
1 0.12890625 0.62421875 0.06953125 0.1671875
1 0.009375 0.12109375 0.01875 0.1640625
1 0.0671875 0.625 0.07109375 0.16796875
1 0.1265625 0.45703125 0.0703125 0.16328125
1 0.27265625 0.45859375 0.07265625 0.1640625
1 0.13046875 0.78125 0.071875 0.171875
1 0.40390625 0.45546875 0.06875 0.16484375
1 0.19296875 0.02421875 0.06875 0.04765625
1 0.409375 0.93359375 0.06875 0.1328125
1 0.0671875 0.45859375 0.07734375 0.16484375
1 0.25546875 0.13203125 0.06875 0.16875
1 0.40859375 0.784375 0.06875 0.16640625
1 0.0609375 0.1296875 0.06875 0.16796875
1 0.06796875 0.78203125 0.07109375 0.171875
1 0.06328125 0.29296875 0.06875 0.1625
1 0.26796875 0.2921875 0.07265625 0.1625
1 0.0109375 0.021875 0.021875 0.04296875
1 0.12109375 0.02265625 0.0703125 0.0453125
0 0.0890625 0.99609375 0.028125 0.0078125
0 0.28125 0.02421875 0.0171875 0.02890625
0 0.3578125 0.67578125 0.0171875 0.03203125