1 0.9515625 0.05078125 0.096875 0.1015625
1 0.3234375 0.0234375 0.178125 0.046875
1 0.296875 0.296875 0.184375 0.11875
1 0.64375 0.2203125 0.184375 0.1140625
1 0.80234375 0.3359375 0.17890625 0.1203125
1 0.62109375 0.42734375 0.1859375 0.11953125
1 0.3046875 0.19609375 0.17734375 0.1171875
1 0.471875 0.20703125 0.18359375 0.115625
1 0.128125 0.2875 0.18984375 0.11875
1 0.9453125 0.2421875 0.109375 0.1171875
1 0.4859375 0.0296875 0.178125 0.05859375
1 0.940625 0.44921875 0.11875 0.1171875
1 0.26875 0.50859375 0.1859375 0.1203125
1 0.6515625 0.11796875 0.17734375 0.1140625
1 0.6546875 0.03515625 0.178125 0.0703125
1 0.3171875 0.09375 0.178125 0.10859375
1 0.44375 0.521875 0.1859375 0.11640625
1 0.9484375 0.140625 0.103125 0.1171875
1 0.8171875 0.12734375 0.17890625 0.11640625
1 0.790625 0.5484375 0.1859375 0.11484375
1 0.13671875 0.1828125 0.18359375 0.115625
1 0.09453125 0.496875 0.18046875 0.11875
1 0.46015625 0.31171875 0.1796875 0.11640625
1 0.1125 0.3859375 0.18125 0.12734375
1 0.8109375 0.234375 0.18203125 0.11953125
1 0.0390625 0.0140625 0.078125 0.02734375
1 0.15234375 0.0828125 0.1796875 0.11484375
1 0.45078125 0.415625 0.1796875 0.11953125
1 0.621875 0.53984375 0.184375 0.12265625
1 0.934375 0.5640625 0.13125 0.12109375
1 0.83125 0.04296875 0.16875 0.0859375
1 0.79765625 0.44296875 0.18203125 0.121875
1 0.63828125 0.3265625 0.18359375 0.121875
1 0.48125 0.1046875 0.1765625 0.115625
1 0.0359375 0.07421875 0.071875 0.10546875
1 0.27890625 0.40234375 0.184375 0.12421875
1 0.159375 0.01953125 0.18125 0.0390625
1 0.03046875 0.16953125 0.06015625 0.1078125
1 0.9421875 0.35 0.115625 0.12109375
1 0.021875 0.271875 0.04296875 0.109375
1 0.0171875 0.375 0.034375 0.125
1 0.0109375 0.48828125 0.02109375 0.12109375
0 0.8015625 0.01171875 0.046875 0.0234375