1 0.9513889237763454 0.14144944685233765 0.08957771046687384 0.06650260339082212
1 0.808124042163962 0.09952515839149292 0.22100972099021768 0.07574067038771419
1 0.7883050948512675 0.15735477501688142 0.23237142619541978 0.13704204342324341
1 0.5866739763930638 0.10879518878956702 0.23558743145709152 0.1387500926374552
1 0.9377289712019792 0.2011326619061496 0.11289338410204479 0.11901117328319835
1 0.3727325737339931 0.0698460430089587 0.2357848525320138 0.11538536724456103
1 0.3988547289533126 0.024843912115546565 0.22104054209337481 0.02276121960192589
1 0.6093904105515786 0.055017371378390245 0.21559417889684288 0.0630223465663966
1 0.180992394766563 0.039764629031385314 0.21614021046687398 0.0723973465663966
1 0.16071071586972016 0.09208910835322089 0.21830892619541978 0.13638707195929073
1 0.35365707906625204 0.14181093424145308 0.2418374314570917 0.1390411910658786
1 0.565353442262784 0.19240605541495553 0.23705892619541977 0.13726036724456106
1 0.9169166712866839 0.28946741583509106 0.14450740514873245 0.12671666542531543
1 0.7627142896743004 0.24703370512450523 0.2293374314570915 0.1384589942090317
0 0.8412866107068704 0.22954229817624522 0.047678636803468066 0.042735463606069855