1 0.9550669898331989 0.4457291333100043 0.08986602033360214 0.21357702174882984
1 0.9053647003471212 0.8338777321311408 0.1291865361123346 0.21434102570316255
1 0.6457838584218221 0.9281675374917985 0.10639882213985138 0.09795202174883003
1 0.6716692574260301 0.7956760310660078 0.12907740870767306 0.21121602570316256
1 0.8681746912766286 0.6202436550588342 0.13565479092165802 0.22084569368794008
1 0.9755741965916972 0.6499072973404492 0.04885160681660565 0.1962330128515813
1 0.9341691580747007 0.23496538825292027 0.13166168385059862 0.2160308596955513
1 0.8234872177703163 0.8192196659332491 0.12907740870767306 0.21121602570316256
1 0.8764807869149429 0.9477147390512229 0.10750496515360979 0.040266855741218424
1 0.6251860939090339 0.5847677059708677 0.1307490361123346 0.21440469269935694
1 0.8960020469969259 0.4313429811425576 0.13069447241000381 0.21284219269935695
1 0.780855740550989 0.6065896733476229 0.13247522721932725 0.21915585969555132
1 0.7280282854793625 0.057177263765802344 0.097514895460829 0.11163251977166348
1 0.7087079220393349 0.6017058551725649 0.12907740870767306 0.21121602570316256
1 0.7163691769334763 0.9331150226630509 0.10897818511654264 0.08245435574121843
1 0.7803050920101173 0.2099547538799706 0.1273512176006804 0.20646485870696818
1 0.8149330962712865 0.4174343314465688 0.1307490361123346 0.21440469269935694
1 0.9367882323451369 0.6336893897357949 0.12642353530972628 0.22084569368794008
1 0.8505456701404184 0.2274340725493202 0.13080359981466572 0.21596719269935694
1 0.9751761039910167 0.2557116283670885 0.04964779201796645 0.21479201186299815
1 0.562643976207837 0.9221668882901014 0.11017858656782167 0.11682935574121842
1 0.9546255018140986 0.10178813232142118 0.09074899637180281 0.11319501977166349
1 0.5903002063375711 0.773173631370019 0.1307490361123346 0.21440469269935675
1 0.6971106460938012 0.20239160467827336 0.12589784500534212 0.20952619171077372
1 0.662061067415346 0.38611003007742467 0.1292956635169963 0.21746602570316256
1 0.8010988409986268 0.9398332548685537 0.11139385698624187 0.06226918973360753
1 0.743199517044677 0.805279182739163 0.12902284500534195 0.20965352570316256
1 0.7433209910991433 0.40548742977341357 0.12751490870767307 0.2111523587069682
1 0.8768849369306413 0.08553573262543235 0.10381945916316013 0.11344968775644104
1 0.807671145460829 0.07505583045798557 0.10554565027015243 0.11820085475263545