1 0.84609375 0.7109375 0.09765625 0.23359375
1 0.55078125 0.9109375 0.0984375 0.178125
1 0.9375 0.4859375 0.0953125 0.2296875
1 0.65390625 0.91171875 0.096875 0.17578125
1 0.7546875 0.06640625 0.090625 0.1328125
1 0.85078125 0.4828125 0.09765625 0.2296875
1 0.7390625 0.91171875 0.096875 0.1765625
1 0.9953125 0.4859375 0.009375 0.23046875
1 0.74375 0.7078125 0.09921875 0.23125
1 0.8546875 0.06875 0.096875 0.13671875
1 0.93359375 0.7125 0.0953125 0.23203125
1 0.65546875 0.70625 0.09765625 0.23203125
1 0.9421875 0.0703125 0.096875 0.140625
1 0.74609375 0.48046875 0.09765625 0.23203125
1 0.8421875 0.9140625 0.096875 0.171875
1 0.940625 0.25390625 0.096875 0.23046875
1 0.85390625 0.2390625 0.096875 0.2296875
1 0.659375 0.478125 0.09609375 0.2328125
1 0.9921875 0.7125 0.015625 0.23046875
1 0.56875 0.70546875 0.09609375 0.2328125
1 0.58125 0.0640625 0.1 0.128125
1 0.9953125 0.25390625 0.009375 0.2265625
1 0.4625 0.91015625 0.0953125 0.17890625
1 0.7515625 0.2359375 0.09375 0.22890625
1 0.9296875 0.9140625 0.096875 0.171875
1 0.5734375 0.4765625 0.0953125 0.2328125
1 0.665625 0.23203125 0.09375 0.23125
1 0.66875 0.0640625 0.09375 0.128125
1 0.4796875 0.0640625 0.096875 0.128125
1 0.47578125 0.228125 0.0984375 0.2328125
1 0.56796875 0.23671875 0.09453125 0.23125
1 0.9921875 0.9140625 0.015625 0.171875
1 0.46875 0.465625 0.09375 0.23515625
1 0.4625 0.6984375 0.09921875 0.2296875
0 0.97890625 0.3296875 0.03125 0.0390625
0 0.50625 0.778125 0.02734375 0.03984375