0 0.009375 0.0328125 0.01875 0.02734375
0 0.20078125 0.2515625 0.0203125 0.025
0 0.3421875 0.08671875 0.021875 0.025
0 0.346875 0.43671875 0.01953125 0.0265625
0 0.3453125 0.78984375 0.021875 0.03046875
1 0.24375 0.55 0.06875 0.17734375
1 0.24375 0.72734375 0.06796875 0.17734375
1 0.24296875 0.203125 0.06953125 0.17578125
1 0.24296875 0.3703125 0.0703125 0.17734375
1 0.028125 0.7203125 0.05625 0.18359375
1 0.17421875 0.9015625 0.071875 0.1859375
1 0.24375 0.55 0.06875 0.17734375
1 0.24375 0.72734375 0.06796875 0.17734375
1 0.24296875 0.203125 0.06953125 0.17578125
1 0.24296875 0.3703125 0.0703125 0.17734375
1 0.028125 0.7203125 0.05625 0.18359375
1 0.17421875 0.9015625 0.071875 0.1859375
1 0.096875 0.99375 0.075 0.01171875
1 0.24375 0.90234375 0.06875 0.1921875
1 0.24453125 0.059375 0.0703125 0.11171875
1 0.1734375 0.7265625 0.0734375 0.1890625
1 0.028125 0.9921875 0.05625 0.015625
1 0.2453125 0.99609375 0.071875 0.0078125
1 0.171875 0.99609375 0.06875 0.0078125
1 0.175 0.54609375 0.07265625 0.17421875
1 0.32109375 0.5453125 0.07109375 0.184375
1 0.3171875 0.99765625 0.071875 0.0046875
1 0.0375 0.896875 0.075 0.18359375
1 0.175 0.3671875 0.07109375 0.18203125
1 0.31796875 0.3703125 0.06875 0.171875
1 0.1015625 0.71953125 0.07421875 0.1765625
1 0.1 0.365625 0.0734375 0.17734375
1 0.09765625 0.8984375 0.0765625 0.184375
1 0.175 0.2 0.071875 0.178125
1 0.32109375 0.20234375 0.06953125 0.1796875
1 0.0984375 0.54375 0.07421875 0.1796875
1 0.0296875 0.365625 0.059375 0.18359375
1 0.03125 0.1953125 0.0625 0.1796875
1 0.31953125 0.72421875 0.08125 0.18828125
1 0.17578125 0.05390625 0.0703125 0.1078125
1 0.10390625 0.19296875 0.08203125 0.1859375
1 0.1046875 0.059375 0.0765625 0.11796875
1 0.0359375 0.053125 0.071875 0.10546875
1 0.034375 0.5390625 0.06875 0.1953125
1 0.315625 0.90390625 0.08125 0.1921875
1 0.3171875 0.05703125 0.0796875 0.1140625