1 0.125 0.734375 0.0671875 0.171875
1 0.196875 0.403125 0.065625 0.16484375
1 0.1234375 0.98828125 0.065625 0.0234375
1 0.19765625 0.565625 0.06796875 0.16015625
1 0.009375 0.98984375 0.01875 0.0203125
1 0.125 0.9015625 0.0671875 0.17109375
1 0.1953125 0.9921875 0.071875 0.015625
1 0.1984375 0.903125 0.06875 0.16796875
1 0.12421875 0.40859375 0.06875 0.1671875
1 0.1984375 0.73515625 0.06875 0.1734375
1 0.009375 0.89453125 0.01875 0.171875
1 0.125 0.5703125 0.0671875 0.1625
1 0.125 0.2421875 0.0671875 0.159375
1 0.0125 0.4046875 0.025 0.16796875
1 0.0609375 0.98828125 0.065625 0.0234375
1 0.009375 0.2359375 0.01875 0.16015625
1 0.0640625 0.8921875 0.06796875 0.1703125
1 0.0125 0.56640625 0.025 0.15625
1 0.0125 0.7328125 0.025 0.14453125
1 0.0625 0.4046875 0.0671875 0.1625
1 0.0625 0.56171875 0.06640625 0.16171875
1 0.06328125 0.73203125 0.0671875 0.1640625
1 0.0625 0.24140625 0.06640625 0.15859375
1 0.1953125 0.24921875 0.06171875 0.1671875