1 0.0046875 0.3984375 0.009375 0.171875
1 0.1796875 0.38828125 0.071875 0.16484375
1 0.04453125 0.74140625 0.06953125 0.1734375
1 0.38203125 0.2203125 0.06953125 0.1671875
1 0.24609375 0.39375 0.06953125 0.1671875
1 0.32578125 0.56015625 0.07578125 0.16953125
1 0.3796875 0.55859375 0.0734375 0.16953125
1 0.1046875 0.0703125 0.071875 0.140625
1 0.3046875 0.06640625 0.071875 0.1328125
1 0.25 0.56015625 0.07265625 0.16953125
1 0.009375 0.9078125 0.01875 0.16796875
1 0.05625 0.915625 0.075 0.16796875
1 0.53046875 0.89453125 0.0703125 0.1703125
1 0.44609375 0.2171875 0.06796875 0.16640625
1 0.52734375 0.72265625 0.06953125 0.17109375
1 0.12109375 0.9015625 0.06640625 0.171875
1 0.003125 0.56875 0.00625 0.17578125
1 0.0390625 0.071875 0.071875 0.14375
1 0.45390625 0.55546875 0.0703125 0.16875
1 0.00625 0.740625 0.0125 0.17578125
1 0.1828125 0.56171875 0.07109375 0.16953125
1 0.32265625 0.7328125 0.06953125 0.16953125
1 0.325 0.89921875 0.0703125 0.17109375
1 0.384375 0.384375 0.06953125 0.16484375
1 0.1703125 0.0703125 0.071875 0.140625
1 0.18203125 0.9015625 0.071875 0.1734375
1 0.4328125 0.0703125 0.071875 0.140625
1 0.04140625 0.56484375 0.071875 0.171875
1 0.1859375 0.734375 0.06953125 0.16796875
1 0.371875 0.06875 0.06875 0.13671875
1 0.03828125 0.39765625 0.0703125 0.1671875
1 0.17265625 0.22265625 0.0734375 0.16875
1 0.2296875 0.0703125 0.071875 0.140625
1 0.23515625 0.21484375 0.07109375 0.171875
1 0.25 0.73515625 0.0703125 0.16953125
1 0.109375 0.3953125 0.06953125 0.16875
1 0.10546875 0.22578125 0.071875 0.165625
1 0.4546875 0.721875 0.0703125 0.16796875
1 0.31171875 0.221875 0.06875 0.16484375
1 0.38828125 0.89296875 0.06953125 0.16953125
1 0.4515625 0.390625 0.06953125 0.1703125
1 0.25625 0.903125 0.07109375 0.1734375
1 0.52109375 0.38671875 0.06796875 0.16875
1 0.04375 0.21875 0.071875 0.17265625
1 0.515625 0.215625 0.06796875 0.1671875
1 0.509375 0.06640625 0.06875 0.1328125
1 0.11953125 0.56484375 0.08125 0.17265625
1 0.31796875 0.3875 0.07421875 0.171875
1 0.1140625 0.7375 0.071875 0.17265625
1 0.5265625 0.553125 0.06796875 0.171875
1 0.38515625 0.73359375 0.071875 0.171875
1 0.45859375 0.89140625 0.06796875 0.165625
0 0.48515625 0.9578125 0.0234375 0.0234375