1 0.10764688620854157 0.11165924101432531 0.11595622758291686 0.21949902286549078
1 0.193220710296736 0.1302852446425224 0.176058579406528 0.25282244355406325
1 0.2945286371584721 0.14476938529402802 0.17969272568305578 0.27480657095872496
1 0.3950553140202082 0.15922624409436822 0.17704050436840307 0.2950099435540633
1 0.059954268617361015 0.3584325480932342 0.11990853723472203 0.27936509618646843
1 0.729283537234722 0.24439494009550225 0.17863937195958357 0.2966270072563941
1 0.3463580151988886 0.4374405241314351 0.18176437195958356 0.2967361346610559
1 0.8666770473027082 0.11939991849595584 0.11853310087368066 0.06190477767481419
1 0.7648969949660069 0.09160724599328478 0.11853310087368066 0.06190477767481419
1 0.4309954268617361 0.025997081843316207 0.11925914627652782 0.026021841377145048
1 0.8326806409581943 0.2698984263005041 0.17707687195958358 0.29657244355406326
1 0.6483277440160764 0.060952468318470586 0.11853310087368066 0.06190477767481419
1 0.13106097672989553 0.38222720135861155 0.17536890159486132 0.2902678798517324
1 0.513205248765729 0.18915433547151328 0.17707687195958358 0.29657244355406326
1 0.6126779186936109 0.21530266242068805 0.18183710714194473 0.29986113466105585
1 0.5525431185411112 0.04431555062512296 0.1199137629177777 0.05414684137714504
1 0.4593301406738538 0.45467764255042215 0.1818734747331252 0.30142363466105593
1 0.23921831563572882 0.4047693786706061 0.17682229882131967 0.28563494355406327
1 0.5648346050546523 0.4904192243089204 0.18002003400368077 0.288869070958725
1 0.7826572314795481 0.5379018926352401 0.17903941546256963 0.3138145072563941
1 0.6682862601648955 0.5135789605139223 0.18009276918604195 0.291994070958725
0 0.6451234767298955 0.4001786594254632 0.03691942496187508 0.04344246515360974
0 0.7267871315557981 0.6203944449048256 0.06275587955902787 0.08025298439090349