1 0.7399716513865624 0.9871792237831947 0.2271897913958579 0.02564155243361057
1 0.740980772327725 0.9371513479269797 0.2331046006486231 0.11163240349472262
1 0.2726007394532838 0.770717769186042 0.23779210064862308 0.11174150626826389
1 0.9193024155900218 0.8404796357303826 0.13461255357072233 0.10621624525034727
1 0.08666283401282691 0.9509449041603126 0.17332566802565383 0.09811019167937474
1 0.27267465179030415 0.6769314015948613 0.23622960064862308 0.11170513867708358
1 0.49788493182207627 0.580569467133681 0.23935460064862307 0.11177787385944456
1 0.27357072443575003 0.5808194677992711 0.2346671006486231 0.11166877108590292
1 0.27038326907801874 0.4947728650257295 0.2315148271096728 0.11003353590354195
1 0.07501977069957655 0.5002740633546181 0.1500395413991531 0.10992312670923621
1 0.28743303247399465 0.9479306399598091 0.2268273271096728 0.10413872008038183
1 0.921694984178278 0.9272893047083342 0.12671823295387127 0.10134690729444458
1 0.7255344192401745 0.4787933340592715 0.22997960064862327 0.11155966831236128
1 0.08308188941027335 0.871767856857604 0.1661637788205467 0.10392769984750032
1 0.9221665426202644 0.9852192931217365 0.12250229139585755 0.02956141375652699
1 0.08237850588720905 0.7756013716752431 0.1647570117744181 0.10861519984750032
1 0.4879446903434929 0.38885409260864623 0.23622960064862308 0.11170513867708358
1 0.28268307711626334 0.864740526119896 0.22997960064862308 0.11155966831236128
1 0.9169916676186167 0.7489824667524314 0.14234323295387127 0.10171058320625015
1 0.4979337504103324 0.6673245847248616 0.2362023271096728 0.11014263867708358
1 0.4924900941590966 0.48665581297336846 0.2331046006486232 0.11163240349472243
1 0.7147117418856205 0.38240864332982694 0.22529210064862326 0.11145056553881964
1 0.07966745028624408 0.6809428351061111 0.15933490057248817 0.103854964665139
1 0.7317593254914103 0.6594802896063549 0.23313187418757336 0.11319490349472225
1 0.0785666233784422 0.5871019161281599 0.1571332467568844 0.111667464665139
1 0.731696870133679 0.5735064220151742 0.23313187418757336 0.11319490349472243
1 0.9171064902640627 0.6528523491612508 0.14555005357072232 0.1064708183886113
1 0.506325128658391 0.8582223416587157 0.2362568741875734 0.11326763867708359
1 0.5001763145343616 0.762728003702813 0.23313187418757342 0.11319490349472243
1 0.5079500840161222 0.9442325768410769 0.23776482710967278 0.11017900626826424
1 0.07349422686808675 0.4049070119678473 0.1469884537361735 0.10668902393569457
1 0.7369984302005185 0.8518678113578477 0.2361750535707225 0.10858013867708358
1 0.9140747678602029 0.4683318787965286 0.15805005357072233 0.10676175911805572
1 0.7347695028459643 0.7556831423798964 0.23310460064862326 0.11163240349472225
1 0.2881636895360093 0.9936428568576042 0.22686250892845372 0.012714286284791498
1 0.2689219549539895 0.3993876298433683 0.2362023271096728 0.11014263867708349
1 0.9055276566582728 0.3759079894538549 0.17055005357072234 0.10705269984750014
1 0.5093528969223355 0.990701654444653 0.2348659237011061 0.018596691110694154
1 0.917180402601083 0.5590659815700703 0.14867505357072233 0.10654355357097245
0 0.355730839291128 0.7992259353142017 0.04125229139585782 0.036883057370694416
0 0.3503360016281484 0.7053122811538892 0.039635244317957154 0.03372168977951393
0 0.5756201939969409 0.5151639791015283 0.041225017856907444 0.035320557370694415
0 0.11964115503671502 0.6233491938635766 0.03968979139585782 0.036846689779513754
0 0.18546279829901197 0.5240590151019793 0.04755683847375849 0.040153527735416715
0 0.8680474273578493 0.597782336243473 0.0333306972400564 0.030451219414791807
0 0.8812353997617093 0.7825391959508687 0.0489556972400564 0.03081489532659738
0 0.10696169724335176 0.454235517951771 0.030151150162155804 0.02725348423243048
0 0.1188110864484589 0.5365758924768057 0.04922843262955987 0.04643989532659738
0 0.5863302284962352 0.8866577726045144 0.05720457386326192 0.05599673328249999
0 0.6427689634787014 0.6980505207046533 0.03810001785690744 0.035247822188333444