1 0.05703125 0.59140625 0.07109375 0.16328125
1 0.0078125 0.7515625 0.015625 0.16796875
1 0.3859375 0.60078125 0.06953125 0.16796875
1 0.1828125 0.6015625 0.06953125 0.16640625
1 0.171875 0.10078125 0.0703125 0.16015625
1 0.12109375 0.76171875 0.06953125 0.16484375
1 0.1234375 0.60078125 0.06640625 0.16640625
1 0.18359375 0.2640625 0.06875 0.15859375
1 0.00625 0.59765625 0.0125 0.1640625
1 0.384375 0.2640625 0.0671875 0.1578125
1 0.2484375 0.26875 0.06875 0.159375
1 0.328125 0.921875 0.06875 0.15625
1 0.25234375 0.5921875 0.06875 0.16171875
1 0.32734375 0.75703125 0.06875 0.1671875
1 0.009375 0.26171875 0.01875 0.1640625
1 0.18671875 0.753125 0.0703125 0.16875
1 0.32578125 0.60078125 0.06640625 0.1671875
1 0.0453125 0.2625 0.06875 0.1625
1 0.453125 0.425 0.06796875 0.16328125
1 0.4 0.91796875 0.06875 0.1640625
1 0.3984375 0.7609375 0.06796875 0.1640625
1 0.23828125 0.10078125 0.0734375 0.1625
1 0.321875 0.4296875 0.06796875 0.1640625
1 0.1203125 0.43125 0.06953125 0.1625
1 0.12265625 0.26328125 0.078125 0.165625
1 0.459375 0.759375 0.06796875 0.16875
1 0.1265625 0.91953125 0.071875 0.1609375
1 0.25 0.43203125 0.06875 0.165625
1 0.0578125 0.76015625 0.06875 0.16640625
1 0.053125 0.91953125 0.06875 0.1609375
1 0.4484375 0.271875 0.06796875 0.16640625
1 0.44453125 0.1046875 0.06640625 0.16328125
1 0.04453125 0.10234375 0.06953125 0.1609375
1 0.00625 0.4296875 0.0125 0.1640625
1 0.38203125 0.43125 0.0703125 0.16484375
1 0.0546875 0.43125 0.06875 0.16328125
1 0.321875 0.26328125 0.07109375 0.16171875
1 0.0078125 0.91953125 0.015625 0.1609375
1 0.1953125 0.91953125 0.071875 0.1609375
1 0.4625 0.91796875 0.06875 0.1640625
1 0.00625 0.1 0.0125 0.16015625
1 0.38125 0.10625 0.0671875 0.16328125
1 0.12109375 0.1 0.08203125 0.159375
1 0.18046875 0.43203125 0.06953125 0.16484375
1 0.45390625 0.58828125 0.06875 0.16640625
1 0.31640625 0.10078125 0.075 0.1625
1 0.25625 0.7609375 0.0671875 0.16328125
1 0.2578125 0.91953125 0.071875 0.1609375
0 0.0984375 0.0796875 0.0390625 0.0546875
0 0.1484375 0.76484375 0.02890625 0.0421875