1 0.18019523376065888 0.9780629686969888 0.11006598423243057 0.033506959163160134
1 0.10162217097472166 0.6646577223251858 0.13808580072118076 0.23120041469812272
1 0.04222256117041661 0.246128466334736 0.08444512234083322 0.23586806733052795
1 0.18253582380385397 0.2067336057202973 0.13964830072118076 0.23125497840045356
1 0.06856620241295129 0.10611110154394605 0.10305357123840284 0.06760914065150563
1 0.06394103927675333 0.45541169709744234 0.12788207855350667 0.22812997840045365
1 0.144532450325659 0.8668997794040948 0.13972103590354185 0.2343799784004535
1 0.016859538468993015 0.12359126742319515 0.03371907693798603 0.0590674651536097
1 0.04382627479190949 0.6716096159719164 0.08765254958381898 0.2221329495445131
1 0.27053647834541616 0.6181671243246188 0.14299150626826407 0.24073910580511537
1 0.22378419244187428 0.8493005624363865 0.14600740349472244 0.2361607332097769
1 0.13656478790031212 0.43783976198089947 0.14277330072118075 0.23136410580511532
1 0.18181881725124946 0.6399999735063122 0.14459037385944465 0.24235616950744615
1 0.31709843455808956 0.8312102721477006 0.14124716831236128 0.23287204210278462
1 0.25619468930774225 0.9660416291339423 0.11518989532659722 0.052420650270152434
1 0.08161422302708259 0.887051077497329 0.10040396276527797 0.22207838584218215
1 0.09149259650527759 0.22786705045548694 0.14295513867708354 0.2391766058051153
1 0.3470742624460061 0.9519394343987526 0.11569904160312508 0.07429565027015243
1 0.2268813165856594 0.4143898490968754 0.13964830072118078 0.23125497840045353
1 0.16040886350711797 0.08416912495759099 0.0952774388295834 0.06889882213985135
1 0.02238022701423596 0.4678224170603754 0.04476045402847192 0.2206051658792491
0 0.21455204996506866 0.9776438172457098 0.041279616641250017 0.02954365626060209
0 0.09221668227697885 0.3644493911996598 0.03372168977951393 0.040208337748947984
0 0.012151241831874847 0.3829935492743606 0.024302483663749694 0.03702877404661713
0 0.09685932295083266 0.8022122860275166 0.03364895459715282 0.0370833377489479
0 0.3108276379209714 0.9664756495523623 0.03528418977951393 0.04026290145127902