1 0.026690811283675165 0.34486212064678634 0.02128185775648759 0.07902575870642732
1 0.03094894335042226 0.42611212064678633 0.0212818577564876 0.07902575870642732
1 0.1214766095655099 0.12054379409796323 0.18567190637700656 0.09387390999505123
1 0.3091403838757694 0.11384233548239302 0.18846935775648763 0.08778768430531071
1 0.8863158740376884 0.4690245646786365 0.20080558344622795 0.08531778154634875
1 0.878430373699004 0.2438198467908121 0.19315685775648755 0.08803334577069996
1 0.3085395183173657 0.04323932666239443 0.18846935775648763 0.08647865332478887
1 0.6853387929663095 0.25158916044933644 0.1946374706013579 0.08655273292582973
1 0.3186370511069098 0.4893746019907364 0.19151247060135787 0.08638895861557021
1 0.12784055348175904 0.34661164914091736 0.18518058344622812 0.08449890999505119
1 0.31027351594251645 0.19525610979265254 0.18986808344622813 0.08474457146044045
1 0.31737776628120073 0.4205017712580418 0.18838747060135788 0.0862251843053107
1 0.128859741632257 0.20163001978770376 0.18205558344622813 0.0843351356847917
1 0.5076641723195231 0.2695180461341281 0.19175813206674713 0.0910764586155702
1 0.018969085255250397 0.12278240275896199 0.029094357756487593 0.07943519448207602
1 0.8753961476705794 0.032735098372691784 0.19159435775648745 0.06547019674538357
1 0.49129446460846404 0.10664623190977691 0.18526247060135786 0.0860614099950512
1 0.8747122314554918 0.3223542825664608 0.19784435775648754 0.08827900723608924
1 0.6856420081406004 0.18263444256151207 0.1946374706013579 0.08655273292582973
1 0.49702548620519005 0.039847653777044446 0.1868249706013579 0.07969530755408889
1 0.5021334673219975 0.17893398971169305 0.1918400192218769 0.09263895861557021
1 0.11044285504295412 0.004648217435568803 0.1879913229307785 0.009296434871137606
1 0.6924430433049937 0.4768348219147257 0.19307497060135786 0.08647084577069997
1 0.13119460481581152 0.4255588427184822 0.18378185775648764 0.08754202283992148
1 0.3013135165083434 0.004731225972653939 0.18856453301668682 0.009462451945307877
1 0.02162377374443262 0.20333303991409174 0.025805583446228093 0.0761464201718165
1 0.5094999892574078 0.3344436832892579 0.19159435775648764 0.08795145861557022
1 0.1241645183173657 0.05224749547744423 0.1882236962910983 0.08310018430531071
1 0.12608662369900409 0.2832485119857876 0.18896068068726607 0.09716268430531069
1 0.013680719696846685 0.05177053991409174 0.025969357756487593 0.07927142017181651
1 0.022842114992576826 0.27142462064678635 0.021118083446228092 0.07590075870642732
1 0.8777066774079056 0.17021857248055258 0.18986808344622821 0.08474457146044045
1 0.5105102905914602 0.4135137075995174 0.19143058344622813 0.08482645861557021
1 0.31941057779201854 0.33970547263752277 0.19471935775648763 0.08811523292582972
1 0.13874483321908546 0.4948853748306579 0.18518058344622806 0.08449890999505136
1 0.31552093792335534 0.26548672263752277 0.19159435775648764 0.08795145861557022
1 0.5125508254171693 0.48234559475464717 0.1961180834462281 0.08507212008095948
1 0.68949842774659 0.40570012833716085 0.19768058344622813 0.08515400723608924
1 0.6813429324962884 0.10060319256151207 0.19471935775648763 0.08811523292582972
1 0.6793023976705793 0.037955404512213464 0.19784435775648762 0.07591080902442693
1 0.6878297071452322 0.3290147976044662 0.19143058344622793 0.08482645861557021
1 0.981189124264831 0.16444552804390505 0.03762175147033808 0.08058161465389255
1 0.9812466779737328 0.027163449797601304 0.037506644052534455 0.05432689959520261
1 0.9852015948661889 0.31600802804390504 0.02959681026762233 0.0774566146538925
1 0.9831748877767275 0.24335177804390504 0.033650224446544995 0.08683161465389252
1 0.9829253646538927 0.0853345601560807 0.03414927069221463 0.08798467887824382
1 0.9871668865893028 0.3941330280439051 0.02566622682139439 0.08370661465389259
1 0.8826309520568495 0.3987120646786365 0.1946374706013579 0.08655273292582973
1 0.9842399604245926 0.4584411895092943 0.031520079150814694 0.07794793758467104
1 0.8759970132289829 0.09275199174785795 0.1851805834462282 0.08449890999505123
1 0.9829087545225559 0.27382052804390505 0.034182490954888324 0.16808161465389254
1 0.9793261914856292 0.12225802804390509 0.04134761702874172 0.13839411465389256
0 0.05273657564431198 0.0794927481909777 0.04209896879233553 0.03025406603337355
0 0.18321529172311404 0.028001090004948787 0.04604284034363304 0.046042840343633054
0 0.03336461442674994 0.47220587064678643 0.018661468792335534 0.02902575870642714