1 0.7245959999018041 0.05923163162397924 0.1913340480082102 0.11846326324795849
1 0.5576403040583344 0.09820585459104894 0.18975336729005096 0.12094994135899881
1 0.7367419967785461 0.1297178419000955 0.19287836729005098 0.12098630402608972
1 0.8662522347764938 0.09774004121582358 0.10680451190385654 0.09654883068109026
1 0.2257595658639952 0.26223472863622865 0.1929056383672898 0.1256738040260897
1 0.38288574375348405 0.14242966394813877 0.20071813836728988 0.12576471069381695
1 0.21047947862817354 0.18740745130491038 0.19288745764913057 0.12254880402608972
1 0.39895162616884555 0.2180291006126843 0.1975931383672898 0.12572834802672608
1 0.36843690349260033 0.07618704595004774 0.1991556383672898 0.12574652936027148
1 0.36112839754067194 0.031239814648319025 0.18163179508134392 0.06247962929663805
1 0.544817596311008 0.046618819303001394 0.19588519262201592 0.09323763860600279
1 0.8525710089769906 0.03438080661204797 0.09576701795398108 0.06876161322409594
1 0.06542605386194265 0.2336295653246368 0.12885222872636942 0.12649086935072645
1 0.18325792759490125 0.07443528397518297 0.18005111436318472 0.06459085335772616
1 0.5344431776930971 0.009146091303319562 0.18451135538619426 0.018292182606639125
1 0.5721345961146163 0.17226097258913992 0.18975336729005096 0.12094994135899881
1 0.19055734318775 0.12044721797422846 0.1975931383672898 0.12572834802672603
1 0.05069541246959075 0.11894944732654578 0.10035452400410509 0.06210110534690846
1 0.05956187324197929 0.16572444999204583 0.11792381908544905 0.12792610001590835
1 0.07602318627730412 0.3092926366565914 0.1491556383672898 0.12516472668681722
1 0.886201641294156 0.1693877745465055 0.1067863311856975 0.09342383068109025
1 0.705636921642973 0.025351799291865547 0.18939884328594586 0.050703598583731094
1 0.08268225243588692 0.37953241132240956 0.16163745764913057 0.12218517735518084
1 0.23714703863843628 0.33945120930141054 0.1960215480082102 0.12414766669318063
1 0.4103254634046672 0.2929018312778662 0.18975336729005096 0.12094994135899881
1 0.7543703791939077 0.2052990972310956 0.19289654800821018 0.12411130402608972
1 0.5858567285299777 0.24788768125400368 0.19288745764913068 0.12254880402608972
0 0.4647766140685971 0.25164048460377564 0.05024543969514976 0.042769302673454225