1 0.44751277454650557 0.8949008214604405 0.17454765603118041 0.2101983570791191
1 0.6181681973265458 0.08242731343138174 0.15116360534690845 0.1078611668924562
1 0.7653239133115919 0.20036284316870817 0.17309424403245294 0.24798819990914298
1 0.19085862062382014 0.3258199508136541 0.18728401336727116 0.2596626843053107
1 0.3802772986553187 0.10357421585165945 0.15496131468808994 0.16583744120271565
1 0.23850413792968506 0.5307840897778062 0.18259651336727112 0.2594170228399214
1 0.92249459321296 0.9356053816124618 0.13562951201463563 0.11485479534115868
1 0.8959513692314138 0.7981939128201263 0.16678970003181667 0.24297315128862387
1 0.4036280565722771 0.7168897653766896 0.1778544693666348 0.2544838613745323
1 0.5404415446371832 0.24564328640758876 0.17625560669954404 0.2512769742194025
1 0.9424103879296851 0.5676742531637593 0.10576129336408968 0.23196705223856356
1 0.31309724729472904 0.30095714891377473 0.17460220003181676 0.24338258706427265
1 0.26751366931890974 0.1203345906823173 0.15659654002227172 0.17216932835784543
1 0.05586819199554566 0.17013543758467106 0.11173638399109131 0.20902087516934215
1 0.5235956585773678 0.6856541327441156 0.16835220003181667 0.24305503844375362
1 0.9635024959023226 0.7704650604907057 0.05877720536281679 0.22013543758467086
1 0.7830604705601868 0.8258917876507841 0.15890447469763486 0.236313715512975
1 0.5810285399427298 0.45258268317365696 0.16368288136536221 0.2443718769783644
1 0.4290858739656379 0.27576679839337637 0.173130606699544 0.251113199909143
1 0.8364642113303639 0.06572557157198214 0.14269657733927232 0.05120173111680741
1 0.3607791272676849 0.5027962878779269 0.16842492536599848 0.24930503844375376
1 0.6272024639163221 0.6496524349826792 0.1824874253659985 0.25004202283992144
1 0.2759843145687772 0.7359972122336148 0.17156810669954395 0.25103131275401314
1 0.16070421256368655 0.7674785063315781 0.18891923870145294 0.2659945714604405
1 0.2033355132081876 0.925191429782755 0.1768181333545445 0.14961714043448993
1 0.14918129264800087 0.14540211047002105 0.1709135786919079 0.19478131275401317
1 0.8161762466184113 0.3984595064431197 0.16366470003181668 0.24280937697836444
1 0.5000267246578641 0.09108858321908547 0.15932155068427178 0.13795810266810496
1 0.7369774532543218 0.6210095358417618 0.1699147000318167 0.2431369255988834
1 0.5658542418841872 0.8788104929890238 0.17781810669954404 0.24237901402195244
1 0.6963177326145933 0.4203201390756937 0.17145901869827113 0.24165631275401314
1 0.47365184460536647 0.47666091304726893 0.17789083203372566 0.25760886137453215
1 0.3317150518778238 0.9066328595655099 0.1804522106938169 0.1867342808689802
1 0.7323943293284547 0.07434257575585364 0.14458634134309048 0.07940861827193717
1 0.879740949315728 0.17587185549318005 0.15899538136536223 0.24412621551297517
1 0.1145575605904126 0.5680650045225557 0.19180788136536214 0.24584584577069996
1 0.8514490332590944 0.5918310481662339 0.16055788136536223 0.24420810266810483
1 0.9782815165500054 0.911168625619568 0.024855644016544786 0.12310330732694616
1 0.6740303685550961 0.8577006303692665 0.16826129336408932 0.2352425384437538
1 0.6478182399745466 0.22156505653397676 0.17313060669954403 0.251113199909143
1 0.07765173798536432 0.34866655133405244 0.15530347597072863 0.2660831026681049
1 0.9165216919557748 0.3740127843714238 0.1479851560311804 0.23730300542706698
1 0.7085769965388695 0.969108483999683 0.13056020401018137 0.061783032000634105
1 0.818297441876233 0.951950300485312 0.138609061346272 0.09609939902937584
1 0.592642913868597 0.9820738124710997 0.1319954346753633 0.0358523750578005