1 0.3703125 0.96640625 0.115625 0.0671875
1 0.0328125 0.98828125 0.065625 0.0234375
1 0.37265625 0.90234375 0.1171875 0.075
1 0.2515625 0.96484375 0.121875 0.0703125
1 0.0359375 0.94140625 0.071875 0.078125
1 0.6859375 0.1296875 0.10546875 0.06171875
1 0.2453125 0.99375 0.121875 0.01171875
1 0.0375 0.8765625 0.075 0.07421875
1 0.37578125 0.83671875 0.115625 0.0765625
1 0.2625 0.09609375 0.1078125 0.06015625
1 0.1328125 0.88203125 0.115625 0.075
1 0.1359375 0.81484375 0.11875 0.078125
1 0.371875 0.76484375 0.11328125 0.07421875
1 0.25703125 0.8234375 0.11875 0.07265625
1 0.128125 0.98984375 0.11875 0.0203125
1 0.15859375 0.02890625 0.1140625 0.0578125
1 0.25 0.89375 0.121875 0.07734375
1 0.040625 0.80078125 0.08125 0.0703125
1 0.15625 0.090625 0.11484375 0.06171875
1 0.4734375 0.11015625 0.1046875 0.06328125
1 0.2609375 0.759375 0.11484375 0.071875
1 0.0515625 0.0703125 0.103125 0.0625
1 0.790625 0.09296875 0.10390625 0.071875
1 0.13125 0.95078125 0.115625 0.07421875
1 0.3734375 0.10390625 0.10625 0.06328125
1 0.14375 0.75234375 0.11328125 0.07265625
1 0.68671875 0.0890625 0.109375 0.0796875
1 0.79375 0.0265625 0.103125 0.053125
1 0.58828125 0.0609375 0.10546875 0.06875
1 0.78984375 0.1359375 0.10546875 0.0671875
1 0.5828125 0.1125 0.11171875 0.078125
1 0.971875 0.13203125 0.05546875 0.11484375
1 0.05 0.740625 0.1 0.07421875
1 0.89296875 0.125 0.11015625 0.10625
1 0.26796875 0.03515625 0.1109375 0.06640625
1 0.053125 0.025 0.10625 0.05
1 0.68671875 0.025 0.11484375 0.04921875
1 0.58828125 0.01875 0.109375 0.0375
1 0.3703125 0.04375 0.109375 0.07265625
1 0.9140625 0.03515625 0.15625 0.0703125
1 0.89765625 0.0984375 0.1125 0.0625
1 0.48203125 0.01484375 0.11015625 0.0296875
1 0.4828125 0.06484375 0.1125 0.04921875
1 0.9203125 0.0140625 0.153125 0.02734375
0 0.18203125 0.90859375 0.028125 0.02265625
0 0.090625 0.97890625 0.01796875 0.01875
0 0.29296875 0.915625 0.0203125 0.02578125
0 0.334375 0.784375 0.0234375 0.0234375