0 0.78671875 0.23125 0.02109375 0.02890625
0 0.78671875 0.0671875 0.021875 0.02890625
0 0.71484375 0.06796875 0.01875 0.025
0 0.60546875 0.771875 0.025 0.028125
0 0.996875 0.94140625 0.00625 0.0234375
0 0.65078125 0.8375 0.0265625 0.03359375
0 0.91875 0.11875 0.02265625 0.02890625
0 0.65078125 0.28671875 0.0234375 0.028125
0 0.65390625 0.73515625 0.02109375 0.028125
0 0.6546875 0.56328125 0.01875 0.02421875
0 0.65390625 0.6125 0.01953125 0.0234375
0 0.92109375 0.065625 0.01484375 0.0234375
0 0.65546875 0.95546875 0.01953125 0.0234375
0 0.85859375 0.06796875 0.0171875 0.02578125
1 0.9984375 0.171875 0.003125 0.1640625
1 0.76484375 0.1765625 0.07109375 0.16015625
1 0.8265625 0.17421875 0.07109375 0.16484375
1 0.9671875 0.5 0.065625 0.1640625
1 0.76484375 0.67578125 0.07109375 0.17109375
1 0.8328125 0.675 0.07265625 0.16953125
1 0.965625 0.171875 0.06875 0.1640625
1 0.89609375 0.17578125 0.0703125 0.1640625
1 0.6921875 0.67734375 0.07265625 0.17421875
1 0.765625 0.3421875 0.071875 0.16875
1 0.83359375 0.846875 0.0734375 0.165625
1 0.96875 0.834375 0.0625 0.16796875
1 0.76875 0.84140625 0.0703125 0.16484375
1 0.68984375 0.51484375 0.0734375 0.15859375
1 0.82890625 0.3421875 0.07265625 0.16328125
1 0.9046875 0.9625 0.071875 0.07421875
1 0.9671875 0.33984375 0.065625 0.1640625
1 0.834375 0.9625 0.075 0.07421875
1 0.69375 0.9625 0.075 0.07421875
1 0.90546875 0.84453125 0.07421875 0.1734375
1 0.96875 0.66796875 0.0625 0.1640625
1 0.9984375 0.3421875 0.003125 0.16015625
1 0.69140625 0.3453125 0.0703125 0.17109375
1 0.8984375 0.34375 0.071875 0.1609375
1 0.903125 0.6734375 0.07265625 0.16328125
1 0.69453125 0.84921875 0.07265625 0.16953125
1 0.83125 0.51015625 0.0703125 0.1703125
1 0.765625 0.9609375 0.06875 0.078125
1 0.96875 0.9609375 0.0625 0.078125
1 0.6921875 0.178125 0.06953125 0.1609375
1 0.62734375 0.68203125 0.07265625 0.1734375
1 0.62734375 0.5140625 0.07265625 0.159375
1 0.8296875 0.0453125 0.071875 0.08984375
1 0.89609375 0.04609375 0.06953125 0.0921875
1 0.62734375 0.35 0.07265625 0.175
1 0.76328125 0.51015625 0.07265625 0.1703125
1 0.9015625 0.50546875 0.071875 0.1703125
1 0.965625 0.0453125 0.06875 0.08984375
1 0.6203125 0.96875 0.071875 0.0625
1 0.628125 0.05078125 0.07265625 0.1015625
1 0.996875 0.0453125 0.00625 0.08984375
1 0.76171875 0.04765625 0.0703125 0.0953125
1 0.628125 0.18203125 0.07265625 0.16328125
1 0.69375 0.05 0.07109375 0.1
1 0.63046875 0.85625 0.075 0.1765625