1 0.7515625 0.9296875 0.071875 0.140625
1 0.99375 0.9296875 0.0125 0.140625
1 0.6078125 0.92734375 0.065625 0.1453125
1 0.9921875 0.4453125 0.015625 0.1640625
1 0.55546875 0.1109375 0.07265625 0.1625
1 0.82890625 0.609375 0.06875 0.165625
1 0.678125 0.9296875 0.06875 0.140625
1 0.815625 0.9296875 0.06875 0.140625
1 0.5421875 0.92578125 0.071875 0.1484375
1 0.95859375 0.440625 0.06875 0.1625
1 0.6140625 0.43515625 0.06875 0.16328125
1 0.61875 0.11328125 0.06875 0.1578125
1 0.61640625 0.27578125 0.0671875 0.159375
1 0.75625 0.1109375 0.06796875 0.1578125
1 0.959375 0.9296875 0.06875 0.140625
1 0.8265625 0.76640625 0.0671875 0.16796875
1 0.8859375 0.9296875 0.071875 0.140625
1 0.75390625 0.4390625 0.06875 0.16171875
1 0.890625 0.6109375 0.0703125 0.16640625
1 0.55390625 0.27421875 0.07265625 0.1578125
1 0.6234375 0.60625 0.07265625 0.16484375
1 0.82421875 0.440625 0.06796875 0.16171875
1 0.8921875 0.115625 0.0671875 0.15625
1 0.6234375 0.76328125 0.08125 0.1671875
1 0.8203125 0.11328125 0.06953125 0.15859375
1 0.68203125 0.6078125 0.06875 0.165625
1 0.55078125 0.434375 0.071875 0.16640625
1 0.8890625 0.44296875 0.07109375 0.1671875
1 0.959375 0.77890625 0.06953125 0.16640625
1 0.88828125 0.7671875 0.071875 0.16796875
1 0.5453125 0.765625 0.07109375 0.1640625
1 0.5484375 0.6015625 0.06953125 0.16640625
1 0.75234375 0.6015625 0.071875 0.1671875
1 0.68203125 0.76953125 0.06796875 0.1625
1 0.9984375 0.615625 0.003125 0.16796875
1 0.95859375 0.61015625 0.06875 0.16484375
1 0.99375 0.77734375 0.0125 0.1640625
1 0.6859375 0.27109375 0.07265625 0.1625
1 0.99375 0.115625 0.0125 0.16015625
1 0.99375 0.2828125 0.0125 0.16015625
1 0.68515625 0.43828125 0.07109375 0.165625
1 0.75859375 0.27734375 0.06953125 0.1625
1 0.7546875 0.77109375 0.07265625 0.16484375
1 0.6875 0.109375 0.0703125 0.1578125
1 0.8296875 0.275 0.0671875 0.1640625
1 0.89140625 0.28203125 0.06953125 0.16171875
1 0.959375 0.11875 0.06796875 0.15625
1 0.959375 0.2828125 0.06953125 0.159375
1 0.9921875 0.0171875 0.015625 0.034375
1 0.95703125 0.01796875 0.071875 0.0359375
1 0.75703125 0.015625 0.075 0.03125
1 0.83125 0.01484375 0.07265625 0.02890625
1 0.5875 0.015625 0.13671875 0.03046875
1 0.8890625 0.01640625 0.071875 0.0328125
1 0.62421875 0.0140625 0.07890625 0.028125
1 0.690625 0.0140625 0.08046875 0.02734375
0 0.640625 0.21171875 0.0265625 0.0328125
0 0.7046875 0.54375 0.025 0.03828125
0 0.63984375 0.37265625 0.02890625 0.03515625
0 0.9390625 0.13046875 0.02421875 0.03828125