1 0.6765625 0.02734375 0.121875 0.0546875
1 0.559375 0.02734375 0.125 0.0546875
1 0.9921875 0.02734375 0.015625 0.0546875
1 0.9921875 0.0921875 0.015625 0.07421875
1 0.440625 0.025 0.11875 0.05
1 0.79609375 0.09453125 0.1203125 0.078125
1 0.91875 0.02734375 0.11875 0.0546875
1 0.43828125 0.0890625 0.12265625 0.07578125
1 0.92109375 0.16640625 0.1234375 0.075
1 0.67421875 0.09375 0.1203125 0.07578125
1 0.91796875 0.09453125 0.12265625 0.078125
1 0.796875 0.02734375 0.11875 0.0546875
1 0.2 0.0234375 0.11875 0.046875
1 0.07578125 0.153125 0.12109375 0.0765625
1 0.9921875 0.1578125 0.015625 0.07421875
1 0.31875 0.025 0.125 0.05
1 0.4390625 0.15625 0.125 0.07421875
1 0.79609375 0.1609375 0.12109375 0.07421875
1 0.0859375 0.0234375 0.121875 0.046875
1 0.19453125 0.1546875 0.11953125 0.07578125
1 0.675 0.16015625 0.12109375 0.0734375
1 0.5515625 0.15625 0.1265625 0.07734375
1 0.3203125 0.15546875 0.12734375 0.075
1 0.321875 0.08828125 0.121875 0.078125
1 0.08359375 0.08671875 0.11875 0.075
1 0.55703125 0.0921875 0.11796875 0.075
1 0.20390625 0.0890625 0.11953125 0.07421875
1 0.01328125 0.08515625 0.0265625 0.07578125
1 0.0140625 0.0234375 0.028125 0.046875
1 0.01171875 0.15234375 0.0234375 0.0796875
0 0.60234375 0.11328125 0.02890625 0.025
0 0.88359375 0.0390625 0.02734375 0.02578125