1 0.471875 0.0296875 0.06875 0.05859375
1 0.4765625 0.14296875 0.0703125 0.16015625
1 0.959375 0.640625 0.06875 0.165625
1 0.42109375 0.465625 0.07109375 0.1640625
1 0.828125 0.6390625 0.065625 0.165625
1 0.54921875 0.14140625 0.06875 0.16015625
1 0.55703125 0.640625 0.06796875 0.16484375
1 0.4234375 0.94296875 0.071875 0.1140625
1 0.75 0.3140625 0.06796875 0.16015625
1 0.42421875 0.63125 0.0734375 0.16640625
1 0.49921875 0.8 0.0703125 0.175
1 0.62734375 0.634375 0.06953125 0.165625
1 0.5546875 0.4734375 0.06875 0.16640625
1 0.88125 0.64765625 0.06953125 0.16875
1 0.821875 0.80390625 0.071875 0.1671875
1 0.74765625 0.15 0.06796875 0.1578125
1 0.87734375 0.32109375 0.0671875 0.15859375
1 0.69921875 0.64453125 0.0703125 0.16875
1 0.77421875 0.815625 0.08359375 0.16875
1 0.88828125 0.8046875 0.071875 0.16875
1 0.5015625 0.94140625 0.071875 0.1171875
1 0.61015625 0.13984375 0.065625 0.1609375
1 0.6296875 0.81171875 0.0703125 0.16796875
1 0.703125 0.80234375 0.0734375 0.17109375
1 0.55390625 0.31015625 0.07109375 0.16328125
1 0.56640625 0.81328125 0.07890625 0.1703125
1 0.9359375 0.1546875 0.071875 0.16328125
1 0.5671875 0.94140625 0.078125 0.1171875
1 0.68515625 0.30859375 0.07421875 0.16328125
1 0.9640625 0.81484375 0.06640625 0.165625
1 0.49296875 0.4703125 0.071875 0.16875
1 0.95625 0.4796875 0.06875 0.16484375
1 0.675 0.146875 0.06953125 0.15703125
1 0.67109375 0.03359375 0.0671875 0.0671875
1 0.62734375 0.4703125 0.0703125 0.16640625
1 0.946875 0.3203125 0.06328125 0.15859375
1 0.42578125 0.8046875 0.075 0.17109375
1 0.8734375 0.15625 0.065625 0.16171875
1 0.4890625 0.6390625 0.06796875 0.1625
1 0.69453125 0.47421875 0.071875 0.1671875
1 0.6234375 0.94140625 0.071875 0.1171875
1 0.76015625 0.63671875 0.06640625 0.1625
1 0.540625 0.03125 0.06875 0.0625
1 0.76875 0.9453125 0.06875 0.109375
1 0.6234375 0.30703125 0.08046875 0.16328125
1 0.7984375 0.0359375 0.065625 0.071875
1 0.48671875 0.3046875 0.06953125 0.165625
1 0.61171875 0.0328125 0.06875 0.065625
1 0.6953125 0.9453125 0.071875 0.109375
1 0.75546875 0.47421875 0.06875 0.165625
1 0.965625 0.946875 0.0625 0.10546875
1 0.41875 0.30703125 0.071875 0.16640625
1 0.8359375 0.946875 0.065625 0.10546875
1 0.8046875 0.1515625 0.0640625 0.16015625
1 0.81796875 0.47578125 0.0671875 0.16328125
1 0.415625 0.13828125 0.06875 0.16015625
1 0.81640625 0.3109375 0.06796875 0.1625
1 0.41171875 0.0296875 0.071875 0.059375
1 0.896875 0.946875 0.0625 0.10546875
1 0.88515625 0.47890625 0.06484375 0.16484375
1 0.86875 0.0390625 0.0625 0.078125
1 0.9265625 0.040625 0.06640625 0.08125
1 0.74296875 0.0359375 0.065625 0.071875
1 0.9828125 0.153125 0.03359375 0.16875
1 0.7046875 0.0359375 0.1375 0.071875
1 0.9859375 0.31875 0.02578125 0.1625
1 0.96484375 0.1578125 0.0703125 0.16875
1 0.96875 0.0421875 0.0609375 0.084375
1 0.9890625 0.48125 0.02109375 0.1625
1 0.76796875 0.14609375 0.05390625 0.16171875
0 0.634375 0.0921875 0.02578125 0.03671875
0 0.646875 0.4171875 0.02421875 0.04921875
0 0.51484375 0.57265625 0.02578125 0.03125
0 0.45078125 0.7390625 0.01953125 0.0390625
0 0.44375 0.40546875 0.0234375 0.02890625
0 0.440625 0.196875 0.0234375 0.0265625