0 0.3242980401190499 0.5590311289975158 0.02296627404661713 0.03137726502711473
0 0.32209813385844765 0.5996515838179761 0.032450401451278844 0.034556807181592396
0 0.15051082133724314 0.6799198250373774 0.02921627404661713 0.031413626463433174
0 0.26778013377362964 0.9244015989432866 0.029161710344286274 0.029851126463433176
0 0.11568447586856487 0.3569954094445286 0.024419646641955416 0.028261355386194252
0 0.0383680077197303 0.3557641866700876 0.02759921034428626 0.029842036104353476
0 0.20264132804548313 0.3059283340143678 0.024419646641955416 0.028261355386194252
0 0.14340771570176386 0.16727437929210348 0.024310519237293705 0.025136355386194253
0 0.35861850953382884 0.3146498699223296 0.027599210344286272 0.029842036104353476
0 0.3528025299522489 0.36931464402463055 0.027599210344286185 0.029842036104353476
0 0.37904511533894414 0.17724077351312578 0.0293799651536097 0.03610112646343313
0 0.0025495588081894203 0.6750818132317166 0.0050991176163788406 0.031413626463433174
0 0.14156984175566317 0.7345664184215192 0.025982146641955417 0.028270445745273775
1 0.029481624957590997 0.4275482830792914 0.058963249915181995 0.20509656615858277
1 0.11002471979329709 0.6085760901626879 0.1575297909216581 0.21649767447164336
1 0.3748660137101801 0.4311742945903646 0.16087304573098155 0.22276585518980258
1 0.3416194601746502 0.6224260084860112 0.15607641832631974 0.21961358411256365
1 0.08018093005276533 0.9037749606741926 0.09705853847458738 0.050554511903856535
1 0.45508922704969124 0.43867369808296497 0.1641617368379741 0.22747153590796182
1 0.09025294465037162 0.23494769262201592 0.1467014183263198 0.219559041958086
1 0.08165663921592523 0.7943863251355732 0.15585816351699638 0.21336358411256368
1 0.14933023413644936 0.9151169816532356 0.10379961179556511 0.06465337334017533
1 0.1636904446503716 0.23537493949875796 0.15763891832631982 0.21962267447164327
1 0.19194684238863538 0.6121783340143677 0.1542956635169964 0.21335449375348398
1 0.026991508900856654 0.8908704396951496 0.05398301780171331 0.04111587939029917
1 0.27063483757931195 0.6188873971478885 0.16238098202865067 0.22121244554888211
1 0.40390621688289025 0.24849360479701907 0.15763891832631988 0.21962267447164327
1 0.1610986025554364 0.8018811834486337 0.1542956635169964 0.21335449375348398
1 0.0036755491895425737 0.7860284035907962 0.007351098379085147 0.20330680718159239
1 0.13585807741251094 0.4282209696511831 0.15925598202865068 0.22119426483072288
1 0.3226809432996093 0.8067282856133741 0.155967290921658 0.21648858411256375
1 0.3204761579898828 0.24331977058625953 0.16249010943331238 0.2243374455488822
1 0.3094765604526519 0.9387095386384363 0.1127579495445131 0.0975113251355733
1 0.21705351371018006 0.43025616832332325 0.15758435462398895 0.21806017447164333
1 0.2929711729660072 0.4267908007386847 0.1641617368379741 0.22747153590796182
1 0.2394444127992062 0.2365970719141194 0.15435022721932726 0.21491699375348405
1 0.4234051735141614 0.629934502337691 0.15763891832631988 0.21962267447164335
1 0.07036580254366256 0.41919997277444104 0.14073160508732513 0.21805108411256366
1 0.24304800700194013 0.8047021773003136 0.15747522721932725 0.21493517447164337
1 0.39520078404378206 0.8110572373105764 0.15591272721932725 0.21492608411256375
1 0.01546127577589764 0.606390900565734 0.03092255155179528 0.20965680113146803
1 0.4796056213293939 0.2512782372123805 0.16254467313564333 0.2258999455488821
1 0.05178072169221363 0.2401937288245653 0.07567959019601869 0.19883747579950314
1 0.05616812132939393 0.6058459999018041 0.11233624265878786 0.21794199980360815
1 0.04271076733837715 0.7932869125677866 0.0854215346767543 0.2146988251355733
1 0.22871763377362964 0.9241743399662962 0.10757937622353539 0.08342155405833437
1 0.37868042823866677 0.9471164153964569 0.12407739546082901 0.1057671692070862