1 0.32007275144774205 0.054682433939613063 0.10985449710451593 0.10936486787922613
1 0.11495075785788285 0.031027286202549364 0.0825984842842343 0.06205457240509873
1 0.023987501862026823 0.5083983072797882 0.047975003724053646 0.19257838544042355
1 0.07944128928941427 0.1557454850710812 0.10135710049533804 0.19741133118569745
1 0.42318698118386233 0.22091492535540608 0.1200343258882322 0.19595791549465283
1 0.35360222725492096 0.2056989915139889 0.11996155128112633 0.19439541549465283
1 0.27112990570991496 0.5677995365953328 0.1200343258882322 0.19595791549465283
1 0.3427865818885974 0.5720688800776704 0.11683655128112633 0.19437723477649377
1 0.13748922973612032 0.16712334660559555 0.12010710049533806 0.19752041549465282
1 0.1724357721259065 0.0379221808163551 0.10512845574818704 0.0758443616327102
1 0.3156184220448532 0.38399670833650157 0.1200343258882322 0.19595791549465283
1 0.05595453556761522 0.5284562772255589 0.11190907113523044 0.1943863251355733
1 0.3900941530193186 0.06073244603986148 0.11356169396136276 0.12146489207972296
1 0.281183571754403 0.18425123839073093 0.1184718258882322 0.1959488251355732
1 0.011983999795112221 0.8560727379979476 0.023967999590224442 0.12535452400410502
1 0.4569541672873423 0.0675637081401099 0.11109166542531543 0.1351274162802198
1 0.2989701536430004 0.7582109131569619 0.11861737510244393 0.1990738251355733
1 0.33213575641465 0.9181308138208918 0.1127269400324213 0.1396806444174139
1 0.00012616273922830807 0.6944494367682834 0.00025232547845661614 0.19235112646343316
1 0.035808951614357806 0.7083028585094523 0.07161790322871561 0.19901928298109545
1 0.04515929580425354 0.8721790061483201 0.09031859160850708 0.1224113311856975
1 0.0957447237402643 0.34231878932580734 0.11832627667402047 0.1928238251355733
1 0.3709714321790477 0.7718507114597596 0.1153468258882322 0.1959306444174139
1 0.12273094706624384 0.5342972110669761 0.12330487510244392 0.19910109621281222
1 0.247181061001036 0.04316821701890446 0.10251287799792799 0.08633643403780893
1 0.21034453287927346 0.17919609972885353 0.11839905128112634 0.19438632513557322
1 0.20158153908452645 0.5518023527539156 0.12166960049533804 0.19752950585373236
1 0.49380769623767434 0.2306575640172835 0.11527405128112633 0.19436814441741398
1 0.22856776241050603 0.7437807744950844 0.1184718258882322 0.1959488251355733
1 0.04180752946706069 0.3301733133299124 0.08361505893412138 0.19269656010845856
1 0.5287200053766835 0.06968928952219906 0.10505998924663303 0.13937857904439813
1 0.23896603081235884 0.3696029311109427 0.1200343258882322 0.19595791549465283
1 0.07884174421354095 0.7220017441462676 0.1218879243166556 0.20221700585373253
1 0.12588791046742592 0.8857460815784808 0.10425946856846861 0.12557269262201592
1 0.4233452231210918 0.5864399314055303 0.1184718258882322 0.1959488251355733
1 0.38098871091998265 0.38908366325515764 0.11698210049533805 0.1975022347764936
1 0.19093071361057906 0.897864286497137 0.10425946856846861 0.12557269262201592
1 0.16099927274958822 0.7355824551150478 0.12181514970954979 0.20065450585373235
1 0.2622599040572851 0.9091648799794745 0.09822779238978611 0.1302238311856975
1 0.45426139102760654 0.40896437119887585 0.1153468258882322 0.1959306444174141
1 0.17157947766920573 0.3574983617309061 0.1200343258882322 0.1959579154946529
0 0.4777395864367113 0.3408774465308408 0.054036836641598994 0.05342498184962743
0 0.459002394956548 0.4245575549420971 0.02809076674922295 0.032967036104353475
0 0.30115973821768494 0.8956609161820239 0.0346318651776464 0.0392533975406721
0 0.27083869148467254 0.8591285185431561 0.04059076674922295 0.03303975897699054