1 0.46015625 0.02734375 0.071875 0.0546875
1 0.2015625 0.615625 0.0703125 0.16328125
1 0.40234375 0.29765625 0.06953125 0.16328125
1 0.40625 0.62109375 0.0703125 0.1671875
1 0.20078125 0.29296875 0.06953125 0.159375
1 0.26796875 0.621875 0.06953125 0.16484375
1 0.0703125 0.93125 0.071875 0.13671875
1 0.015625 0.6171875 0.03125 0.1640625
1 0.0140625 0.29296875 0.028125 0.1640625
1 0.328125 0.02578125 0.065625 0.0515625
1 0.13046875 0.6203125 0.06953125 0.16171875
1 0.396875 0.0265625 0.065625 0.053125
1 0.0171875 0.7828125 0.034375 0.16796875
1 0.33046875 0.290625 0.06796875 0.16015625
1 0.26953125 0.7828125 0.0703125 0.16796875
1 0.3265625 0.134375 0.0671875 0.1609375
1 0.128125 0.2875 0.06875 0.16484375
1 0.06875 0.62109375 0.07109375 0.1609375
1 0.26875 0.93359375 0.06875 0.1328125
1 0.39921875 0.13515625 0.0671875 0.15859375
1 0.3421875 0.93125 0.071875 0.13671875
1 0.0140625 0.9296875 0.028125 0.140625
1 0.47109375 0.62421875 0.06875 0.1671875
1 0.071875 0.78359375 0.06875 0.16484375
1 0.13125 0.93125 0.06875 0.13671875
1 0.20703125 0.78359375 0.06953125 0.16953125
1 0.203125 0.93359375 0.06875 0.1328125
1 0.27109375 0.290625 0.07109375 0.16328125
1 0.19765625 0.1296875 0.06796875 0.1625
1 0.40703125 0.4578125 0.0703125 0.165625
1 0.015625 0.44921875 0.03125 0.1640625
1 0.259375 0.02421875 0.07265625 0.0484375
1 0.203125 0.453125 0.06953125 0.1671875
1 0.46875 0.45625 0.0671875 0.1671875
1 0.475 0.93515625 0.06875 0.1296875
1 0.33359375 0.45546875 0.06875 0.165625
1 0.12578125 0.1265625 0.0671875 0.16171875
1 0.0109375 0.11875 0.021875 0.16015625
1 0.27421875 0.45703125 0.06875 0.16484375
1 0.409375 0.78515625 0.0671875 0.16640625
1 0.0578125 0.0234375 0.075 0.046875
1 0.45859375 0.1328125 0.0671875 0.1609375
1 0.33671875 0.62421875 0.071875 0.16875
1 0.46328125 0.29375 0.06640625 0.1625
1 0.128125 0.4578125 0.06953125 0.16640625
1 0.475 0.7859375 0.07109375 0.1703125
1 0.134375 0.77734375 0.07109375 0.16953125
1 0.19375 0.0234375 0.06875 0.046875
1 0.0703125 0.45390625 0.07265625 0.165625
1 0.4109375 0.93515625 0.071875 0.1296875
1 0.06484375 0.1265625 0.06953125 0.1609375
1 0.33984375 0.77890625 0.071875 0.16875
1 0.0125 0.021875 0.025 0.04296875
1 0.1265625 0.02265625 0.06484375 0.0453125
1 0.259375 0.13203125 0.065625 0.165625
1 0.06796875 0.2875 0.07265625 0.16953125
1 0.3625 0.025 0.125 0.05
1 0.1609375 0.0234375 0.13125 0.046875