1 0.9481722286362286 0.22421875 0.09969201201463562 0.1078125
1 0.9544864106460919 0.1515625 0.08880905601527189 0.1125
1 0.41176256130650124 0.19765625 0.20450678134945371 0.11875
1 0.42915060331795524 0.11328125 0.2092306440165448 0.121875
1 0.24132388665659138 0.07421875 0.21077496268299925 0.1203125
1 0.3937296292966381 0.2703125 0.21081132535009015 0.1234375
1 0.6247716386457738 0.15390625 0.2076681440165448 0.121875
1 0.4494636506604094 0.04609375 0.21044769867918128 0.0921875
1 0.9228893232813661 0.3828125 0.14665791868236297 0.115625
1 0.21613243531191006 0.1578125 0.21077496268299925 0.1203125
1 0.0961108366486372 0.1328125 0.07610906134627213 0.0953125
1 0.6003796186346378 0.2359375 0.21073860001590833 0.1171875
1 0.5839455492918656 0.30546875 0.2139181440165448 0.121875
1 0.8071296053071375 0.19296875 0.20764996268299923 0.1203125
1 0.8236363999840917 0.1171875 0.20764996268299923 0.1203125
1 0.9142041192711847 0.4578125 0.16228291868236297 0.115625
1 0.4599653459977729 0.01640625 0.1988193080044543 0.0328125
1 0.11507955999363666 0.046875 0.07609088001272668 0.09375
1 0.642050592655955 0.07890625 0.20764996268299923 0.1203125
1 0.19656427530236506 0.228125 0.21551700668363555 0.125
1 0.0741625639720013 0.20625 0.06826019867918123 0.0921875
1 0.7780222659532294 0.34453125 0.20450678134945371 0.11875
1 0.5642319386139569 0.38828125 0.21231928134945388 0.11875
1 0.1823285052912292 0.31015625 0.21389996268299924 0.1203125
1 0.751304677275639 0.425 0.20764996268299923 0.1203125
1 0.2519892139958638 0.03046875 0.2116465720082724 0.0609375
1 0.3725080626193658 0.3484375 0.20921246268299926 0.1203125
1 0.6511261479949093 0.0375 0.19929202267663584 0.0734375
1 0.794447244629229 0.27578125 0.20606928134945388 0.11875
1 0.059190997294729056 0.284375 0.0713670173456358 0.090625
1 0.9324103212921837 0.303125 0.12947041868236298 0.115625
0 0.6112818506524552 0.1046875 0.025290901336727067 0.025
0 0.2670853132956835 0.27734375 0.0330852200031817 0.0234375