1 0.2465678351061112 0.10174232345164438 0.26406511284152795 0.14957287869919883
1 0.922204267951771 0.35043159649388317 0.15559146409645805 0.14374854195220044
1 0.09589503466927088 0.06409956833114687 0.09179006933854177 0.1223747999152954
1 0.7392839715989932 0.220161725616605 0.2764923776591667 0.14717592079257358
1 0.9288893726251736 0.25010537280224243 0.1422212547496528 0.1350259893354819
1 0.5006747600679862 0.15867267584248393 0.2671901128415278 0.1497548892225425
1 0.7596490633546182 0.12304380191084681 0.2701696424768055 0.14368689974588617
1 0.9318136976632985 0.16205163595642202 0.13637260467340298 0.1267584630271227
1 0.5114109318957292 0.08361946793585871 0.2696968637914584 0.1233743997458862
1 0.25228985182361113 0.0459018471291677 0.2670797036472223 0.07797089448421433
1 0.49522615349472243 0.25978014953412465 0.2639196424768056 0.14332287869919877
1 0.1064863893426736 0.016344607793685736 0.08484777868534722 0.02522678413027985
1 0.739085909478646 0.3122127177240972 0.2639923776591669 0.14644787869919879
1 0.08659472948277791 0.167323278868608 0.09462412860909733 0.1100568104386391
1 0.2403925299196182 0.20514804451244922 0.27325827488562515 0.1423064102692299
0 0.7154821424768056 0.16962339932236317 0.049528527735416716 0.0496961631118273