1 0.0046875 0.0453125 0.009375 0.08984375
1 0.17109375 0.046875 0.0671875 0.09375
1 0.38359375 0.34453125 0.0671875 0.16640625
1 0.3265625 0.9625 0.071875 0.07421875
1 0.03984375 0.3375 0.06953125 0.16171875
1 0.00625 0.83203125 0.0125 0.171875
1 0.18046875 0.34296875 0.06875 0.159375
1 0.0078125 0.95859375 0.015625 0.0828125
1 0.2484375 0.8328125 0.06875 0.1671875
1 0.04375 0.6671875 0.0671875 0.16328125
1 0.24375 0.51015625 0.0671875 0.165625
1 0.32109375 0.66953125 0.06796875 0.16640625
1 0.24296875 0.3421875 0.0671875 0.165625
1 0.246875 0.67265625 0.07109375 0.16640625
1 0.253125 0.95859375 0.06875 0.0828125
1 0.3890625 0.9625 0.071875 0.07421875
1 0.11875 0.9625 0.075 0.07421875
1 0.371875 0.0484375 0.06875 0.096875
1 0.44765625 0.346875 0.0671875 0.1640625
1 0.184375 0.66875 0.06953125 0.159375
1 0.05234375 0.84140625 0.07578125 0.1734375
1 0.1796875 0.9625 0.071875 0.07421875
1 0.3234375 0.84140625 0.07109375 0.16484375
1 0.38671875 0.84453125 0.0703125 0.165625
1 0.00625 0.66796875 0.0125 0.1640625
1 0.38046875 0.18125 0.06796875 0.159375
1 0.003125 0.3359375 0.00625 0.1640625
1 0.24296875 0.18203125 0.06875 0.159375
1 0.0375 0.04609375 0.0703125 0.0921875
1 0.4546875 0.6765625 0.06796875 0.17109375
1 0.053125 0.9625 0.075 0.07421875
1 0.109375 0.04609375 0.07421875 0.0921875
1 0.046875 0.509375 0.071875 0.165625
1 0.390625 0.67109375 0.0703125 0.16640625
1 0.03984375 0.18125 0.0703125 0.16328125
1 0.0046875 0.50625 0.009375 0.16796875
1 0.31953125 0.50234375 0.07109375 0.1671875
1 0.378125 0.50703125 0.06796875 0.1671875
1 0.17890625 0.1765625 0.06796875 0.16484375
1 0.1171875 0.5015625 0.0765625 0.16875
1 0.11640625 0.8390625 0.06875 0.1671875
1 0.17421875 0.50546875 0.06875 0.17109375
1 0.45234375 0.51015625 0.0703125 0.16796875
1 0.3078125 0.0484375 0.06875 0.09609375
1 0.00625 0.178125 0.0125 0.16015625
1 0.44453125 0.1796875 0.06484375 0.165625
1 0.109375 0.18359375 0.06875 0.16796875
1 0.17890625 0.84140625 0.0703125 0.17109375
1 0.1140625 0.66875 0.0703125 0.16015625
1 0.240625 0.0484375 0.06953125 0.09609375
1 0.4546875 0.84453125 0.06875 0.16328125
1 0.4578125 0.95859375 0.071875 0.0828125
1 0.11328125 0.33515625 0.07578125 0.1625
1 0.31484375 0.33515625 0.06953125 0.16953125
1 0.3109375 0.1765625 0.0671875 0.1625
1 0.44140625 0.05 0.06796875 0.1
0 0.3640625 0.778125 0.02421875 0.03359375
0 0.45234375 0.775 0.0265625 0.0296875