1 0.52578125 0.84765625 0.121875 0.075
1 0.9734375 0.7171875 0.053125 0.07421875
1 0.7671875 0.8515625 0.1265625 0.0734375
1 0.7609375 0.9234375 0.12578125 0.075
1 0.64375 0.85078125 0.1203125 0.075
1 0.2796875 0.96640625 0.121875 0.0671875
1 0.77265625 0.77734375 0.1171875 0.0703125
1 0.75625 0.978125 0.125 0.04296875
1 0.3046875 0.69140625 0.11875 0.0734375
1 0.9703125 0.790625 0.059375 0.07421875
1 0.640625 0.91796875 0.12265625 0.07734375
1 0.165625 0.96484375 0.11875 0.0703125
1 0.05859375 0.89375 0.1125 0.07734375
1 0.8796875 0.9265625 0.1203125 0.071875
1 0.88828125 0.7140625 0.125 0.07578125
1 0.96875 0.86328125 0.0625 0.078125
1 0.64921875 0.77734375 0.12265625 0.07109375
1 0.6375 0.9765625 0.125 0.046875
1 0.53671875 0.6984375 0.11640625 0.07109375
1 0.2875 0.90078125 0.1203125 0.0703125
1 0.06328125 0.81953125 0.11875 0.07421875
1 0.53046875 0.77265625 0.121875 0.07578125
1 0.090625 0.54921875 0.1234375 0.07265625
1 0.775 0.7046875 0.11953125 0.0734375
1 0.65 0.70390625 0.1203125 0.07265625
1 0.4203125 0.69609375 0.12109375 0.0734375
1 0.9703125 0.98203125 0.059375 0.0359375
1 0.39375 0.9703125 0.125 0.05859375
1 0.05625 0.96484375 0.10625 0.0703125
1 0.8875 0.7859375 0.1203125 0.0765625
1 0.878125 0.98046875 0.125 0.0390625
1 0.19921875 0.61640625 0.12421875 0.07421875
1 0.975 0.65 0.05 0.06640625
1 0.425 0.55859375 0.12890625 0.06875
1 0.51875 0.97265625 0.11875 0.0546875
1 0.09765625 0.47734375 0.13046875 0.06640625
1 0.42265625 0.63046875 0.1203125 0.07109375
1 0.54921875 0.5609375 0.11484375 0.07265625
1 0.31875 0.553125 0.1125 0.06796875
1 0.96875 0.93125 0.0625 0.07421875
1 0.7765625 0.57265625 0.128125 0.071875
1 0.659375 0.49765625 0.10546875 0.06953125
1 0.203125 0.54921875 0.1125 0.06796875
1 0.3125 0.62265625 0.10703125 0.071875
1 0.2140625 0.47890625 0.10703125 0.0671875
1 0.5265625 0.91015625 0.11796875 0.078125
1 0.06328125 0.753125 0.1234375 0.0734375
1 0.65703125 0.63828125 0.11328125 0.07109375
1 0.884375 0.8609375 0.121875 0.07421875
1 0.29609375 0.834375 0.11875 0.07421875
1 0.5453125 0.63359375 0.11796875 0.071875
1 0.89140625 0.6484375 0.12578125 0.07578125
1 0.40859375 0.840625 0.1234375 0.0734375
1 0.40625 0.90703125 0.12109375 0.07421875
1 0.16953125 0.8953125 0.12109375 0.078125
1 0.06875 0.6796875 0.11640625 0.07109375
1 0.76953125 0.64296875 0.1171875 0.07265625
1 0.303125 0.7609375 0.1203125 0.07421875
1 0.19453125 0.68515625 0.11328125 0.075
1 0.41640625 0.7671875 0.1203125 0.075
1 0.9078125 0.5109375 0.12734375 0.07109375
1 0.9796875 0.57421875 0.040625 0.0703125
1 0.1796875 0.75703125 0.11484375 0.07421875
1 0.17734375 0.82421875 0.1203125 0.07421875
1 0.0515625 0.99609375 0.096875 0.0078125
1 0.984375 0.51171875 0.03125 0.0703125
1 0.66171875 0.5671875 0.121875 0.07578125
1 0.78203125 0.5078125 0.14140625 0.071875
1 0.3234375 0.48203125 0.1234375 0.07265625
1 0.078125 0.61015625 0.11640625 0.07421875
1 0.9015625 0.575 0.12734375 0.07109375
1 0.434375 0.48671875 0.10859375 0.0734375
1 0.5453125 0.4921875 0.125 0.07109375
1 0.01484375 0.5453125 0.0296875 0.06953125
1 0.01640625 0.4765625 0.0328125 0.0625
1 0.01328125 0.60703125 0.0265625 0.0734375
0 0.80703125 0.803125 0.03359375 0.02578125
0 0.35625 0.57578125 0.03125 0.0265625
0 0.11953125 0.63046875 0.03046875 0.0359375
0 0.24296875 0.57421875 0.0234375 0.03203125
0 0.115625 0.7078125 0.025 0.03203125
0 0.09765625 0.846875 0.0296875 0.0296875
0 0.39375 0.8890625 0.028125 0.03828125
0 0.815625 0.66484375 0.0234375 0.02890625
0 0.709375 0.5234375 0.01796875 0.025