1 0.03241833539045162 0.2842559489115409 0.057708622909514104 0.2658631021769183
1 0.18120002108590297 0.22667408348777873 0.16722909327423635 0.27593256134007815
1 0.11954627383878538 0.7691096093484944 0.1610154608654169 0.2772768065307547
1 0.1789609074818758 0.936703847915749 0.14487870174736123 0.12059029691210768
1 0.24157904910566014 0.4692956039061988 0.1671563580918752 0.2728075613400781
1 0.06859679720579906 0.5285044567160891 0.11850065254479189 0.2617410865678217
1 0.30726317296510475 0.7046949013664608 0.16879159327423637 0.2759871250424091
1 0.22650413544604228 0.7286259638876653 0.172025696047778 0.28078375244707077
1 0.15075468056454905 0.49748758049255387 0.17180749050069463 0.27140875244707063
1 0.08494327013597244 0.2566195330322918 0.164213196047778 0.28051093393541643
1 0.2917693787965286 0.912435479496762 0.15676175911805573 0.16159724282842375
1 0.37212902602298686 0.904937948826723 0.155417464665139 0.170917679126093