1 0.3619920797721238 0.876788544071667 0.1541708314853265 0.10189242116215276
1 0.5107025955571393 0.87555596523382 0.15738683674699844 0.10352765634451408
1 0.8042104008752808 0.9402783075581258 0.16648882096198286 0.09905836189159736
1 0.8116819956559613 0.9830200336708858 0.1584341262801246 0.033959932658228456
1 0.3692592772259925 0.9611953391901737 0.1393802893919517 0.0776093216196525
1 0.6546584509317507 0.9902587642942191 0.14538809471009326 0.019482471411561876
1 0.36723258759404437 0.8002442278672574 0.17255681043863919 0.09607883225631966
1 0.22063976670264873 0.9624292244487848 0.1671412683452643 0.07514155110243052
1 0.6550811980891532 0.7740869970532993 0.15104583148532652 0.10181968597979178
1 0.7973064954441998 0.7633157640551396 0.17604583148532668 0.10240156743868063
1 0.011555795147733732 0.9120103439398264 0.023111590295467464 0.09502286569131968
1 0.6510476035202343 0.9503786467030384 0.14314232622365458 0.0992427065939232
1 0.6553171455430219 0.864058033622431 0.1479208314853265 0.10174695079743046
1 0.21489727189373342 0.8905756742962849 0.1619833314853265 0.10207425911805572
1 0.7984146981597404 0.8517424844198619 0.17448333148532652 0.10236519984750032
1 0.5072598061651876 0.9544741935307816 0.16060284200867017 0.09105161293843693
1 0.911043500776459 0.8387177671892717 0.08818181043863901 0.0941149823325695
1 0.5121201533649424 0.7840587962558685 0.15729583148532633 0.10196515634451409
1 0.21494204550066956 0.8092165715227433 0.16023882096198283 0.09891289152687506
1 0.07827723243119457 0.8991304438635765 0.1539888209619828 0.09876742116215312
1 0.9145409561228354 0.9264177889407648 0.07099431043863902 0.09371493882958362
1 0.009992930635783846 0.8306148735751042 0.019985861271567693 0.09338763050895835
1 0.9123245506917541 0.7495643482113202 0.0961763209619825 0.09742182028847246
1 0.07674117939095305 0.9670790504368403 0.1534823587819061 0.06584189912631935
1 0.07993370431330717 0.8224406572944446 0.15986740862661433 0.10370949430041669
0 0.02490233247354686 0.9424797471502085 0.035922089448421436 0.027362587005972473
0 0.9275792824170772 0.9040342958746189 0.04189907366340577 0.022820557370694418