1 0.11037853453641253 0.787867376022532 0.19758143713693718 0.25541022868809904
1 0.35187898387445876 0.7424796343358022 0.1876970148871962 0.2441999440483631
1 0.32284884098482536 0.12282871239076303 0.17152405128112633 0.19847826708875882
1 0.039830767784934905 0.8075600989046434 0.07966153556986981 0.23669366943775677
1 0.4186641852794196 0.5011248601209074 0.19274838792272536 0.25214883636823093
1 0.04539592907416655 0.35929008346523716 0.0907918581483331 0.2560801669304743
1 0.7727479478948134 0.8603373533904829 0.1745420434232436 0.22977373119538164
1 0.4727929514094701 0.7162701384924374 0.19274838792272536 0.2521488363682309
1 0.3705307080244986 0.29163018817586817 0.19267561331561964 0.2505863363682311
1 0.6639126426802364 0.08972567352788482 0.16592471463952715 0.14526233887551349
1 0.6000660808551401 0.6878987490755631 0.18784256410140793 0.24732494404836292
1 0.07883766770162703 0.5705602040774929 0.15767533540325407 0.2629954081549856
1 0.5517208577340483 0.09663123990436315 0.1715582845319034 0.1657112311953815
1 0.714438949961728 0.6677573968057076 0.18657116252983136 0.25352947994174035
1 0.24031451509659316 0.31600439937949704 0.1927483879227255 0.252148836368231
1 0.08242470079029748 0.9488155847188784 0.09862589867609244 0.10236883056224322
1 0.5403594028144308 0.47493809633085393 0.18813366252983138 0.25357494404836306
1 0.7650897291169478 0.4368854815245859 0.17959341645877275 0.2377226235152495
1 0.5992764462376743 0.251347483636157 0.18642561331561963 0.2504044799417403
1 0.8802715035191658 0.8360851626408252 0.17483314185166704 0.23602373119538136
1 0.30083883044085535 0.5282065341775176 0.1927483879227255 0.2521488363682309
1 0.29080228102175587 0.9222962003165691 0.18725605913900917 0.15540759936686185
1 0.1809972113342675 0.5481887620741939 0.19772698635114888 0.25853522868809903
1 0.6549677123677248 0.46653822611430956 0.18798811331561965 0.2504499440483629
1 0.4014679532714968 0.9129954081549856 0.18358740363849116 0.17400918369002874
1 0.19583042266402578 0.14573135180763722 0.1807535020669146 0.19562605172849495
1 0.16514730955780316 0.9345401360516619 0.1859461162111037 0.13091972789667636
1 0.23676125207142382 0.7618170045523465 0.19921671174404307 0.25701819279472177
1 0.4433261608772015 0.10599421654739813 0.172722678245597 0.1907112311953815
1 0.7158111288264976 0.23518057752623536 0.1801028387085138 0.24866012351524952
1 0.07957618403656527 0.1648641335443794 0.15915236807313055 0.1859782670887588
1 0.8181654174967392 0.6410477957894931 0.18337338792272542 0.2518760517284949
1 0.6464016176633549 0.8853598046314888 0.1745420434232436 0.22928039073702244
1 0.9130434239068801 0.6195568921868541 0.12966619106587843 0.2378302721033238
1 0.1230713571148758 0.3305860734361073 0.20219616252983133 0.2539841210079671
1 0.8886920490093239 0.4201419138944664 0.18322783870851386 0.24875105172849493
1 0.9347428337506243 0.8087246922659963 0.06880146567298447 0.2376196719450391
1 0.8316737233259796 0.21664718936300242 0.17817646567298445 0.24080215940862687
1 0.5350445866461083 0.8985668467930722 0.17886567038771412 0.20286630641385556
1 0.021926349876165492 0.18586094365265154 0.043852699752330984 0.17484688730530312
1 0.4902995525239806 0.273210460279192 0.1874786910658786 0.23951244404836292
1 0.7753959522335304 0.0812348750980952 0.1710830955329392 0.12200669530200421
1 0.9088184201828262 0.20637493058751383 0.10252149420903152 0.22455738229073816
1 0.8585723252690596 0.0758319727490973 0.11723034946188085 0.10483591567683304
1 0.9486128585626179 0.41015079994612835 0.07744871960192583 0.22226745658477537
0 0.939606039703699 0.3347870870931468 0.041536836641599 0.05426160266556703
0 0.6621810146823084 0.17729386968781885 0.04793238585581072 0.05756845909205777
0 0.4232790264691326 0.21728105753448265 0.057525709677128445 0.06252874373179385
0 0.43737791377268564 0.2169089844940868 0.06704625889134022 0.06592652837152997
0 0.8524678744832712 0.07252511632260658 0.046442660462916764 0.05908549498543507
0 0.4401280388796387 0.9640938730530312 0.06711903349844608 0.06748902837152997