1 0.16136949214662635 0.9085352793509373 0.22671666542531543 0.14262783035645868
1 0.17170337055883914 0.9715074048259027 0.22354881596343473 0.041101697947639335
1 0.028221121797184206 0.9761618032866319 0.05644224359436841 0.019551393426736043
1 0.564030073411542 0.7750791611910758 0.25171666542531546 0.14320971181534753
1 0.1587796472328596 0.7798290511024304 0.22969611621110375 0.13957556553881964
1 0.033403081474312646 0.908919751899861 0.06680616294862529 0.12903549620027804
1 0.36255100248570854 0.8952682938842358 0.20654971463952715 0.14528005167111147
1 0.3801515713446274 0.9697773314032982 0.21282963978475228 0.04553462480937505
1 0.7771721205588391 0.9574149632434368 0.2193707382131757 0.05193009517409734
1 0.36452884119422235 0.6517364994313191 0.21556084160399785 0.13768575721819473
1 0.3573626964470713 0.7720853670224997 0.1984461162111037 0.1388482137152085
1 0.5776645419800106 0.6498973232351731 0.2611644400324213 0.1449904173624308
1 0.17003397849777524 0.6554830145332985 0.21392556699689202 0.13608688962701407
1 0.5680925270928144 0.8889234556439926 0.24583053846084474 0.1508767414506252
1 0.04405809925699295 0.6556856491263193 0.0881161985139859 0.13550370174736132
1 0.578771007862392 0.9612523973233674 0.21944351282028157 0.053492595174097345
1 0.03653238957986451 0.776888501899861 0.07306477915972902 0.13372299620027786
1 0.7778464784977753 0.6413360215640618 0.1855822431755744 0.1307447729857641
1 0.7776130763070261 0.880925198425798 0.2017166654253156 0.14204594889756947
1 0.7823626964470713 0.7621933822213882 0.19561221463952716 0.14502547853284736