1 0.76015625 0.903125 0.07421875 0.18046875
1 0.8296875 0.9 0.078125 0.1796875
1 0.95234375 0.3578125 0.0734375 0.1734375
1 0.684375 0.90703125 0.07578125 0.18046875
1 0.6578125 0.05625 0.0796875 0.1125
1 0.72578125 0.05625 0.078125 0.11171875
1 0.90234375 0.89765625 0.078125 0.18125
1 0.9640625 0.709375 0.071875 0.17578125
1 0.9984375 0.3609375 0.003125 0.17578125
1 0.9703125 0.890625 0.059375 0.1796875
1 0.60234375 0.73671875 0.075 0.18046875
1 0.7546875 0.7296875 0.07734375 0.178125
1 0.74765625 0.54609375 0.0765625 0.18046875
1 0.80390625 0.196875 0.075 0.17265625
1 0.946875 0.18984375 0.07734375 0.17109375
1 0.6734375 0.55859375 0.07578125 0.18046875
1 0.678125 0.73203125 0.078125 0.18046875
1 0.88671875 0.37109375 0.071875 0.175
1 0.87578125 0.19296875 0.07578125 0.17265625
1 0.596875 0.55625 0.07734375 0.178125
1 0.82421875 0.72578125 0.0796875 0.178125
1 0.52109375 0.3796875 0.0734375 0.18125
1 0.9 0.72109375 0.07890625 0.1765625
1 0.7296875 0.203125 0.07421875 0.17265625
1 0.81640625 0.54296875 0.075 0.17890625
1 0.52578125 0.5609375 0.0765625 0.17578125
1 0.53125 0.734375 0.07734375 0.18046875
1 0.684375 0.99765625 0.08125 0.0046875
1 0.87421875 0.05 0.07734375 0.1
1 0.5171875 0.2109375 0.07421875 0.17109375
1 0.5359375 0.91171875 0.078125 0.1765625
1 0.66640625 0.3703125 0.078125 0.1734375
1 0.7609375 0.99609375 0.078125 0.0078125
1 0.8390625 0.99609375 0.078125 0.0078125
1 0.9734375 0.9921875 0.053125 0.015625
1 0.89140625 0.53828125 0.07578125 0.1765625
1 0.6125 0.91015625 0.08125 0.1796875
1 0.9640625 0.5328125 0.071875 0.17578125
1 0.73984375 0.36875 0.07578125 0.1734375
1 0.990625 0.1875 0.01875 0.171875
1 0.809375 0.3640625 0.078125 0.17265625
1 0.9109375 0.99375 0.078125 0.01171875
1 0.5890625 0.37578125 0.0765625 0.1765625
1 0.996875 0.53125 0.00625 0.1796875
1 0.93984375 0.04921875 0.0765625 0.0984375
1 0.66328125 0.20390625 0.0765625 0.17421875
1 0.796875 0.05078125 0.08125 0.1015625
1 0.58515625 0.20703125 0.0765625 0.175
1 0.51484375 0.059375 0.0765625 0.11875
1 0.58125 0.05703125 0.07578125 0.11328125
1 0.984375 0.046875 0.03125 0.09375
0 0.7578125 0.0859375 0.02421875 0.0328125
0 0.6328125 0.7921875 0.02265625 0.03671875
0 0.61015625 0.2625 0.02421875 0.034375
0 0.63125 0.61171875 0.0234375 0.03828125
0 0.69921875 0.6109375 0.02265625 0.03125