1 0.29761147639306385 0.07069192359897938 0.16877936305535765 0.11348712504240901
1 0.4532314158132504 0.0184523557202973 0.1622871683734992 0.0369047114405946
1 0.3019874342291019 0.015629945283343806 0.16165013154179625 0.03125989056668761
1 0.45129021323888424 0.06922364891939009 0.1688703683170294 0.11504962504240901
1 0.2895798975385733 0.16843001915247569 0.1704328683170294 0.11510418874473985
1 0.7544298947665631 0.013954567519786997 0.16017863680346806 0.027909135039573995
1 0.7461931895613609 0.06594235917885835 0.17190436305535747 0.11359625244707072
1 0.8944486790380172 0.06388380745742704 0.16262036831702958 0.11483137023308558
1 0.5979461343843937 0.16155993794213167 0.17190436305535747 0.1135962524470707
1 0.5875253028990672 0.26016112904912425 0.17199536831702938 0.1151587524470707
1 0.5999244052899068 0.018594954859581646 0.1594351841585148 0.03718990971916329
1 0.1383814185852607 0.1674726982785687 0.16262036831702945 0.11483137023308561
1 0.8900965660532467 0.24569680264810362 0.17190436305535783 0.1135962524470707
1 0.6021169658697202 0.06317700164446251 0.16877936305535748 0.11348712504240901
1 0.28003132131491865 0.2654414284083028 0.1689613735787013 0.11661212504240899
1 0.9805681895613609 0.05775780382922997 0.033949336746998425 0.10098214664195541
1 0.8927581054451984 0.15984114820159992 0.1689613735787013 0.11661212504240899
1 0.7398690528990672 0.2548411680718658 0.1689613735787013 0.11661212504240906
1 0.14429676059393087 0.06591019827856869 0.16252936305535756 0.11326887023308559
1 0.1281881002541138 0.2621676393855613 0.17226838410204498 0.11984625244707078
1 0.15106967633659413 0.020592752995224888 0.16036064732681177 0.041185505990449775
1 0.4450941501694092 0.16221968077055554 0.17226838410204498 0.11984625244707074
1 0.048203010593930874 0.06926586597191633 0.058949336746998336 0.10185516587924907
1 0.038009692262784 0.16396080707890887 0.06336382096198279 0.0973313569862417
1 0.43467331868408277 0.2608208718775481 0.17190436305535753 0.11359625244707079
1 0.7501988791227218 0.1578024769648732 0.16905237884037305 0.11817462504240903
1 0.05216944475244558 0.01586061297669144 0.045661110495108834 0.03172122595338288
1 0.9788321133377063 0.15449639457340286 0.026500857793685738 0.10695932813030114
1 0.03234700931380649 0.26563243448357066 0.06469401862761298 0.10229167549789597
0 0.07828608176767518 0.1953000871159758 0.03719616311182734 0.049637901451278846
0 0.047436442121609655 0.016587299274360586 0.030127115756780686 0.03317459854872117