1 0.47904012604435475 0.5923654819382757 0.22996602570316255 0.12449311203054414
1 0.46587693977078837 0.4995058199395482 0.22671369171077377 0.12133174936345306
1 0.18915268330781676 0.07674267130809206 0.2327726907221906 0.11671697469763495
1 0.5228033493897901 0.8607336739338212 0.23159219269935694 0.1260737933640897
1 0.6751962485543063 0.3806087272438223 0.22346135771838505 0.11817038669636233
1 0.08663245015091178 0.5531608153246367 0.13239068874502422 0.1061783693507266
1 0.23986092642491558 0.4388245006365469 0.2329636917107738 0.12140447469763486
1 0.6873871838392894 0.46878997990932236 0.22346135771838505 0.11817038669636233
1 0.05005037403000735 0.192477853994273 0.08864068874502422 0.105669292011454
1 0.059402810797865226 0.2877267193268639 0.09957818874502422 0.10579656134627217
1 0.06596582859236237 0.372065356659773 0.10582818874502423 0.1058692866804539
1 0.03998035425834386 0.09880057932845478 0.07588602076024667 0.09927384134309045
1 0.6630053132693232 0.29242747457832224 0.22665002471457943 0.11976924936345315
1 0.6981429531166613 0.5601144139083678 0.23152852570316257 0.1245112933640895
1 0.13844027824898258 0.9230460539863188 0.11657468775644104 0.10130905601527189
1 0.1997811185927999 0.16494210530713754 0.22983869171077376 0.12136811203054405
1 0.646286045474826 0.20820701591345853 0.22990235870696818 0.12293061203054405
1 0.8900851250185905 0.4460502718810055 0.21982974996281895 0.1244931120305441
1 0.8885657401327588 0.3507468625477782 0.22286851973448235 0.12133174936345323
1 0.4614666709877081 0.4104524106063209 0.2298386917107738 0.12136811203054414
1 0.421482363649884 0.13891376527691168 0.23615235870696819 0.12300333736472586
1 0.6425933596955513 0.11758201591345854 0.23290002471457943 0.11984197469763495
1 0.10135813642447808 0.6460022959898186 0.13420785672980182 0.11244655068427178
1 0.6314065088972486 0.039187579965001614 0.23156301779449712 0.07837515993000323
1 0.2659644644853678 0.6190750746340015 0.23465352570316256 0.12454765603118041
1 0.44908473471414184 0.3175836579408209 0.23602502471457942 0.11987833736472578
1 0.8528888725471326 0.17610139855191437 0.22846719269935675 0.1260374306969986
1 0.4100090113687065 0.05219720464672819 0.23251802273741298 0.10439440929345638
1 0.07477709589256792 0.45403297199236403 0.11682935574121862 0.1075590560152719
1 0.11464865669043316 0.741986957988546 0.13108285672980177 0.11241018801718106
1 0.849850102775469 0.08234230788514166 0.22814885771838506 0.1182249306969986
1 0.21469780585494935 0.2624710859723195 0.2298386917107737 0.12136811203054405
1 0.426338301406325 0.23890467461013895 0.22990235870696818 0.12293061203054405
1 0.12599467497922187 0.8286148013208188 0.12470552273741302 0.10921246268299925
1 0.2251034066532521 0.345201769971365 0.23602502471457934 0.11987833736472586
1 0.8318057569200821 0.0286307932845477 0.2261115138401643 0.0572615865690954
1 0.2538371961965791 0.5324563219685015 0.23309102570316256 0.12452947469763487
1 0.7128049723940333 0.6513933945735497 0.22502385771838504 0.1181885680299077
1 0.4953919793141154 0.686751281269912 0.228148857718385 0.1182249306969986
1 0.9020240509120334 0.528680958545551 0.1959518981759331 0.11500902402927124
1 0.2777561517475173 0.7166404179662743 0.23621602570316255 0.12456583736472596
1 0.8758581403416297 0.2602491318825963 0.22639535672980174 0.11351924936345315
1 0.2907283370325004 0.8048125799650017 0.23302735870696817 0.12296697469763487
1 0.738844843458291 0.8300814685710044 0.22196252471457925 0.11971470536281678
1 0.3054540233060667 0.8976540606301835 0.23446252471457943 0.11986015603118041
1 0.9190908285923622 0.7957320985439602 0.16181834281527543 0.12411130402608972
1 0.9013038093149905 0.6123019805458692 0.1973923813700189 0.12287606802990769
1 0.9111218196951139 0.7051798238781419 0.1777563606097722 0.11175675469445316
1 0.7310867401885304 0.735595671904868 0.22540585969555132 0.1275635680299077
1 0.5104850801124182 0.7694274212683212 0.2454636917107738 0.12154992536599848
0 0.6560495895039583 0.8122859885821402 0.05002917490485981 0.03962612133990895
0 0.21921543437076205 0.8720824433084102 0.052963173916276585 0.03497498400699968
0 0.2055256660819733 0.7854818719764556 0.05640650889724856 0.04282384667409058
0 0.20342199661432098 0.772218803310001 0.05159167490485981 0.03964430267345413
0 0.5428731798849566 0.4517126625955033 0.054716674904859805 0.03968066534054522
0 0.5741098869187697 0.6428461925923216 0.04196200692008212 0.033285214672181596
0 0.7493858236494464 0.34066443256686824 0.04495967292769336 0.0301965773392725