1 0.4830696859797918 0.14421711173090607 0.21301437195958356 0.28843422346181213
1 0.7086379561157642 0.4006195643118711 0.2209736487450698 0.36529878883482797
1 0.5578937269173269 0.436657579142594 0.22417138392743077 0.3684419695529872
1 0.8376708394745143 0.3717400645082628 0.21930204597152816 0.3606021984757485
1 0.6334690762723959 0.12735634377692517 0.20131315254479176 0.25471268755385035
1 0.789767201650452 0.730661067435129 0.2192656783803475 0.3590396984757483
1 0.6925694658025008 0.9523502359548441 0.14996493882958345 0.06648858411256384
1 0.6436559210652437 0.7643280611886131 0.21610431078916684 0.35745901775758904
1 0.9053830567051044 0.70336224834968 0.1892338865897912 0.3589851563212708
1 0.351511214665139 0.16360239510478508 0.20244054787138915 0.3073862948849522
1 0.7620662017473612 0.11370693423420067 0.20538240349472242 0.22741386846840134
1 0.4311864097629865 0.46474219340758277 0.2194475163362503 0.36685219847574835
1 0.9247837540840627 0.3532258929634858 0.15043249183187477 0.3524624455488821
1 0.9723887187492016 0.6818776129092564 0.05522256250159678 0.3472658854404237
1 0.5610655458746189 0.9757746212970716 0.14941942496187507 0.043051084112563844
1 0.8742207096311458 0.09845411807561785 0.14844141926229176 0.1969082361512357
1 0.9397613227570144 0.8938099863476274 0.12047735448597123 0.06800563231716553
1 0.5161673539109034 0.7924172206331418 0.217666810789167 0.35746810811666874
1 0.8263625843436119 0.9265684650739969 0.15294446846486132 0.060256764830722884
0 0.7051999123284377 0.18576672395279145 0.05454333605604163 0.061246572208706954
0 0.8666589696022229 0.8450730253788471 0.05312630642076428 0.06748748184962708
0 0.689665831306389 0.18976387754358762 0.06257404160312507 0.0706670240041051