1 0.9515625 0.99609375 0.096875 0.0078125
1 0.521875 0.71875 0.1734375 0.103125
1 0.21171875 0.59765625 0.17109375 0.09921875
1 0.6640625 0.91484375 0.1734375 0.109375
1 0.3234375 0.96875 0.178125 0.0625
1 0.3765625 0.52265625 0.1703125 0.0984375
1 0.9671875 0.55859375 0.065625 0.1015625
1 0.53125 0.6234375 0.175 0.1046875
1 0.69765625 0.5421875 0.16875 0.0984375
1 0.19921875 0.69296875 0.16796875 0.10703125
1 0.2328125 0.42421875 0.16640625 0.0953125
1 0.9625 0.75 0.075 0.1015625
1 0.6765625 0.82578125 0.1734375 0.103125
1 0.9546875 0.946875 0.090625 0.10546875
1 0.9578125 0.84765625 0.084375 0.109375
1 0.85234375 0.64765625 0.165625 0.1015625
1 0.0515625 0.78125 0.103125 0.1015625
1 0.49921875 0.90546875 0.17734375 0.11171875
1 0.07109375 0.5046875 0.14140625 0.0984375
1 0.4859375 0.97265625 0.178125 0.0546875
1 0.6546875 0.978125 0.178125 0.04296875
1 0.04765625 0.878125 0.0953125 0.103125
1 0.3859375 0.4328125 0.17890625 0.0953125
1 0.68125 0.7296875 0.1765625 0.10546875
1 0.06875 0.590625 0.13359375 0.10078125
1 0.36875 0.60859375 0.17109375 0.10078125
1 0.33515625 0.89375 0.17421875 0.11328125
1 0.86328125 0.5546875 0.17578125 0.1
1 0.85390625 0.740625 0.1703125 0.10234375
1 0.9609375 0.65625 0.078125 0.1015625
1 0.86953125 0.46171875 0.18125 0.09609375
1 0.34609375 0.7984375 0.16953125 0.10859375
1 0.0390625 0.9609375 0.078125 0.078125
1 0.70234375 0.45078125 0.16484375 0.09765625
1 0.83125 0.9859375 0.16875 0.02734375
1 0.51328125 0.81171875 0.175 0.10625
1 0.35859375 0.69921875 0.16484375 0.10390625
1 0.059375 0.68203125 0.11796875 0.10234375
1 0.5390625 0.534375 0.16796875 0.096875
1 0.84296875 0.83828125 0.17734375 0.10703125
1 0.08125 0.4203125 0.159375 0.08984375
1 0.22265625 0.5140625 0.16953125 0.1015625
1 0.175 0.8828125 0.18046875 0.11328125
1 0.68828125 0.6375 0.17734375 0.10234375
1 0.190625 0.78828125 0.1703125 0.1109375
1 0.159375 0.9625 0.18125 0.07421875
1 0.83515625 0.9265625 0.175 0.10703125
1 0.55078125 0.4421875 0.1640625 0.09609375
1 0.96875 0.46875 0.0625 0.1015625
0 0.5890625 0.56640625 0.034375 0.028125
0 0.75234375 0.578125 0.0390625 0.0296875
0 0.42265625 0.6484375 0.0375 0.0328125
0 0.38515625 0.93203125 0.0375 0.02734375
0 0.8015625 0.98984375 0.046875 0.0203125