1 0.45859375 0.89375 0.125 0.0765625
1 0.334375 0.89453125 0.12265625 0.07734375
1 0.09921875 0.9546875 0.1203125 0.07109375
1 0.09921875 0.88046875 0.11875 0.07421875
1 0.453125 0.96640625 0.125 0.0671875
1 0.690625 0.76796875 0.11796875 0.07578125
1 0.0171875 0.94375 0.034375 0.07421875
1 0.5796875 0.96875 0.121875 0.0625
1 0.21875 0.9609375 0.12578125 0.07734375
1 0.68828125 0.6296875 0.115625 0.0703125
1 0.3328125 0.96484375 0.121875 0.0703125
1 0.0234375 0.6640625 0.046875 0.0703125
1 0.10078125 0.80546875 0.11796875 0.0734375
1 0.6875 0.69453125 0.11953125 0.07578125
1 0.69453125 0.83828125 0.1140625 0.07578125
1 0.33984375 0.67890625 0.11328125 0.071875
1 0.33125 0.99765625 0.125 0.0046875
1 0.45078125 0.6140625 0.12578125 0.0734375
1 0.015625 0.98984375 0.03125 0.0203125
1 0.6984375 0.9703125 0.121875 0.05859375
1 0.0203125 0.80078125 0.040625 0.0703125
1 0.2171875 0.99375 0.128125 0.01171875
1 0.696875 0.90625 0.11875 0.07578125
1 0.58046875 0.90390625 0.12109375 0.07265625
1 0.0203125 0.52734375 0.040625 0.0703125
1 0.334375 0.81875 0.1234375 0.07578125
1 0.0953125 0.9921875 0.121875 0.015625
1 0.0203125 0.7328125 0.040625 0.07421875
1 0.0203125 0.875 0.040625 0.0703125
1 0.1015625 0.740625 0.125 0.078125
1 0.1078125 0.59453125 0.12109375 0.07109375
1 0.4546875 0.68125 0.11875 0.0703125
1 0.5765625 0.83359375 0.121875 0.075
1 0.21328125 0.81875 0.1296875 0.0734375
1 0.10390625 0.6703125 0.11953125 0.075
1 0.45703125 0.5484375 0.1234375 0.075
1 0.025 0.5921875 0.05 0.07421875
1 0.4546875 0.83125 0.12109375 0.0734375
1 0.1078125 0.53203125 0.1328125 0.06875
1 0.57109375 0.55078125 0.12109375 0.07109375
1 0.3375 0.75390625 0.125 0.07421875
1 0.21640625 0.75 0.12265625 0.07421875
1 0.575 0.75859375 0.12109375 0.07578125
1 0.21875 0.88828125 0.1265625 0.07265625
1 0.45234375 0.75625 0.11875 0.075
1 0.6921875 0.55859375 0.103125 0.071875
1 0.571875 0.68984375 0.1203125 0.0765625
1 0.340625 0.54296875 0.11484375 0.07265625
1 0.2234375 0.675 0.11953125 0.075
1 0.34609375 0.6046875 0.11171875 0.07265625
1 0.22421875 0.5375 0.1234375 0.07421875
1 0.228125 0.6015625 0.125 0.07265625
1 0.5734375 0.61796875 0.11953125 0.0734375
0 0.03359375 0.5515625 0.02421875 0.03359375
0 0.14375 0.69375 0.02890625 0.03125
0 0.13984375 0.8359375 0.028125 0.0328125
0 0.41640625 0.78125 0.02578125 0.02734375
0 0.5 0.70859375 0.02578125 0.0390625
0 0.6203125 0.71953125 0.028125 0.0234375
0 0.65546875 0.5796875 0.02265625 0.02578125
0 0.73984375 0.859375 0.02265625 0.0390625