1 0.9394276701718166 0.11090123850392439 0.12114465965636682 0.09349803970326401
1 0.43388807835784543 0.16459766859670175 0.19413950361804472 0.10127547853284735
1 0.7839024457252715 0.29212978865642425 0.19422139077317446 0.10283797853284735
1 0.4289383067611194 0.23392889684520868 0.1910145036180447 0.10120274335048629
1 0.7916386233603199 0.08240994975059093 0.1825469063770065 0.08852090539458349
1 0.7910731365893029 0.22050936179468814 0.1972645036180447 0.1013482137152085
1 0.9335162641334943 0.3926233639788897 0.13296747173301143 0.09567878875333351
1 0.936954445386587 0.168622819525973 0.1260911092268259 0.09992987765916679
1 0.4456234384891822 0.09074259450850732 0.19734639077317442 0.10291071371520848
1 0.44707307383528966 0.043958513486458704 0.19102114767057934 0.07155161094166682
1 0.26008540818602893 0.13870404977125023 0.18155761646291485 0.09942203780340293
1 0.9366578742648309 0.24513076813920218 0.12668425147033807 0.09691398043270842
1 0.6107172512431955 0.263129353626563 0.19101450361804453 0.10120274335048629
1 0.09778788330994251 0.3323416809457987 0.1373981806872661 0.09059124525034737
1 0.7816239727490645 0.36776556829170204 0.19726450361804454 0.1013482137152085
1 0.43439044662978266 0.3081840144363892 0.19290455223856356 0.10748911094166687
1 0.7940919159879452 0.14411051595500066 0.19430327792830404 0.1044004785328474
1 0.4236001108087054 0.385182272320174 0.1909326164629149 0.0996402433504862
1 0.5989818911118586 0.33698442771475745 0.19430327792830404 0.10440047853284735
1 0.9364431902982044 0.3255449667524314 0.12711361940359112 0.09546058320625014
1 0.6148448292623566 0.1929986915824658 0.19101450361804453 0.10120274335048629
1 0.2583015801668677 0.20888926320211826 0.18624511646291486 0.0995311405769446
1 0.263104187584671 0.06230520393156271 0.18163950361804462 0.10098453780340293
1 0.108734270126388 0.10943151101791675 0.12974945499752563 0.09353440729444457
1 0.6224825096109384 0.05584418369868107 0.18698874491161738 0.08394250816812514
1 0.9283684187014785 0.4674597098185772 0.143263162597043 0.10225609707395851
1 0.6116954958161285 0.11801687537805608 0.19109639077317447 0.10276524335048629
1 0.25433777645796607 0.2821449252462155 0.18788950361804463 0.10113000816812523
1 0.2513599406368888 0.359325021085903 0.19101450361804462 0.10120274335048629
1 0.7807851690401628 0.4410939655181604 0.1957020036180447 0.10131184612402788
1 0.10434442051050079 0.24900250408406258 0.14191526232447188 0.11722648043270842
1 0.6021312245580868 0.41196624391916714 0.19562011646291494 0.09974934612402801
1 0.267388895861557 0.024950674296284947 0.17227779172311405 0.041464067438680696
1 0.10863577283992147 0.18199684203996536 0.13739818068726609 0.09059124525034737
1 0.11458812245580867 0.04246221656500009 0.12917624491161733 0.08259690729444455