1 0.5324609585328933 0.46328125 0.1377283007386847 0.3078125
1 0.8124736279363711 0.94453125 0.12554542154477702 0.09375
1 0.6750054441931498 0.9390625 0.12566359621281223 0.1140625
1 0.40062619301479935 0.1609375 0.13774648145684393 0.3109375
1 0.4065933501216369 0.478125 0.13773739109776426 0.309375
1 0.5510826517440844 0.75390625 0.13927262002052548 0.3046875
1 0.8811722110669761 0.14765625 0.1407805778660478 0.2953125
1 0.6590870910464506 0.45234375 0.13776466217500313 0.3140625
1 0.42289856441006696 0.7640625 0.1344942164297292 0.2890625
1 0.898994473560008 0.44140625 0.1346214814568441 0.3109375
1 0.5139210785534188 0.15859375 0.13925443930236625 0.3015625
1 0.5514861309614332 0.953125 0.130232921544777 0.09375
1 0.9187645345522293 0.9375 0.13026928298109547 0.1
1 0.7694307351692771 0.1515625 0.13613852966144577 0.303125
1 0.9671369821442151 0.14296875 0.050101035711569965 0.2859375
1 0.783369473560008 0.44140625 0.14089875253408266 0.315625
1 0.6413193707078965 0.14921875 0.14079875858420704 0.2984375
1 0.9716461783804682 0.4421875 0.05332602966144577 0.303125
1 0.9801525282075175 0.72578125 0.03296807786604781 0.2953125
1 0.6769048083599427 0.746875 0.13458512002052547 0.3046875
1 0.7964951456939602 0.73671875 0.14081693930236625 0.3015625
1 0.9113707119507388 0.73125 0.13455784894328673 0.3
1 0.44444124542281377 0.95546875 0.12551815046753828 0.0890625
0 0.5538779371610669 0.2734375 0.04876475292686635 0.05625