1 0.196875 0.77734375 0.0890625 0.21796875
1 0.1953125 0.57734375 0.08984375 0.215625
1 0.09921875 0.78125 0.08984375 0.2171875
1 0.2 0.94921875 0.09375 0.1015625
1 0.096875 0.5796875 0.0921875 0.215625
1 0.19140625 0.1375 0.0875 0.20703125
1 0.09296875 0.140625 0.090625 0.20625
1 0.28203125 0.7765625 0.09375 0.22109375
1 0.2859375 0.94140625 0.090625 0.1171875
1 0.1015625 0.95078125 0.090625 0.0984375
1 0.19296875 0.36015625 0.0890625 0.2125
1 0.10390625 0.35625 0.0859375 0.2140625
1 0.278125 0.571875 0.09140625 0.2140625
1 0.27265625 0.34765625 0.0875 0.2140625
1 0.27109375 0.13515625 0.0875 0.20859375
1 0.0328125 0.94921875 0.065625 0.1015625
1 0.0296875 0.7890625 0.059375 0.21875
1 0.0296875 0.5734375 0.059375 0.215625
1 0.028125 0.146875 0.05625 0.20703125
1 0.0296875 0.3609375 0.059375 0.2125
1 0.103125 0.021875 0.0875 0.04375
1 0.184375 0.01953125 0.09140625 0.0390625
1 0.02890625 0.0234375 0.0578125 0.046875
1 0.271875 0.015625 0.09375 0.03125