1 0.8874889341183583 0.8258953623946443 0.1485295013526354 0.14988489258219673
1 0.8642974294636758 0.9154458632991556 0.15405224801081766 0.08771244120271575
1 0.9073645347708134 0.7201023858003927 0.14226132001909023 0.1479948439616777
1 0.679185538112631 0.7945988540269013 0.29725790268936264 0.18266417231952303
1 0.702167957431541 0.6870796031223902 0.3035442653564534 0.18611672094004206
1 0.1516401514162689 0.603362938150498 0.2910988093570898 0.190149123699004
1 0.6514519841263123 0.8968950163968017 0.2953681386855447 0.15445728516439344
1 0.11992017345635797 0.9005178991409174 0.21991360534690846 0.11146420171816515
1 0.430446951424223 0.6473807745374021 0.30666926535645345 0.18628049525030158
1 0.6357002621339485 0.9540048315256641 0.28312158267027243 0.04138407507848498
1 0.723478788749178 0.5702672393730088 0.30510676535645337 0.186198608095172
1 0.4090179414385406 0.7540368882867835 0.3129556280235445 0.1897330438708206
1 0.16508393873326965 0.4822725101767653 0.3067238093570898 0.19096799525030156
1 0.7447350760661788 0.44876737562362734 0.30201812802354444 0.1891598337849123
1 0.19026465738381587 0.36213042853955957 0.3067419906906353 0.19253049525030158
1 0.38227472278799446 0.874260857079119 0.3067056280235444 0.18940549525030156
1 0.4792186167249973 0.40483474841812034 0.30051017202418073 0.19376544662978254
1 0.451730510741542 0.5282246607880208 0.300401084022908 0.18439044662978255
1 0.14041284476445007 0.713393035391536 0.2660624466899989 0.1857139292169281
1 0.13006678544713113 0.8319759390550091 0.24264312802354437 0.18604812188998174
1 0.9278304814210415 0.5978622156285762 0.14384200135263542 0.14963923111680746
1 0.37127413546303945 0.9365937607425922 0.28697383601209037 0.10404784938874449
1 0.2085413953691802 0.25329433910043764 0.30979426535645355 0.1864442695605611
1 0.7630481767186339 0.34305628618450545 0.2973124466899989 0.18735167231952313
1 0.4975317173774525 0.2991236589789984 0.301963584022908 0.1844723337849123
1 0.9360936833624987 0.47138492480997324 0.1278126332750027 0.1882104081860289
0 0.3479788020766783 0.5469514066041492 0.05212612133990877 0.05113977611928178
0 0.8676907707272246 0.400892040368377 0.050509077339272325 0.04637038896415202
0 0.2940805480585428 0.4161008763009959 0.05681362133990877 0.05138543758467105
0 0.3209964893777707 0.3107206575086604 0.058430665340545127 0.0561548247398008
0 0.3876754593809523 0.33067795341564593 0.05205339600572696 0.04488977611928178
0 0.8202997920909958 0.627731179332529 0.07102157200827222 0.06462242198083885
0 0.9460975813971789 0.42101643261188937 0.07122156667727211 0.08180992198083885