1 0.00625 0.49375 0.0125 0.17578125
1 0.11953125 0.840625 0.06796875 0.16875
1 0.0484375 0.84296875 0.0734375 0.16953125
1 0.00625 0.66796875 0.0125 0.171875
1 0.121875 0.675 0.0734375 0.17421875
1 0.32890625 0.6703125 0.06953125 0.171875
1 0.04609375 0.4984375 0.07265625 0.16953125
1 0.3921875 0.65625 0.07265625 0.17421875
1 0.39296875 0.82890625 0.07578125 0.17421875
1 0.11796875 0.49765625 0.0703125 0.1703125
1 0.18359375 0.67265625 0.07265625 0.17421875
1 0.0078125 0.8421875 0.015625 0.16796875
1 0.2484375 0.0328125 0.071875 0.065625
1 0.2515625 0.3265625 0.07109375 0.1703125
1 0.3265625 0.496875 0.0703125 0.17109375
1 0.25546875 0.8375 0.07109375 0.171875
1 0.32578125 0.3234375 0.06796875 0.17578125
1 0.39765625 0.4921875 0.06875 0.16953125
1 0.046875 0.66796875 0.075 0.17109375
1 0.009375 0.9625 0.01875 0.07421875
1 0.00625 0.32421875 0.0125 0.171875
1 0.3296875 0.834375 0.0703125 0.1734375
1 0.325 0.14765625 0.06953125 0.165625
1 0.2515625 0.1484375 0.07109375 0.1703125
1 0.04453125 0.325 0.07109375 0.17265625
1 0.3953125 0.32265625 0.06875 0.17734375
1 0.1765625 0.0328125 0.071875 0.065625
1 0.2515625 0.4890625 0.06875 0.1703125
1 0.0078125 0.1484375 0.015625 0.171875
1 0.25390625 0.66171875 0.06875 0.16875
1 0.1890625 0.4953125 0.07265625 0.17265625
1 0.11640625 0.14921875 0.07265625 0.17109375
1 0.18046875 0.32421875 0.071875 0.17265625
1 0.11796875 0.32578125 0.0734375 0.175
1 0.184375 0.15234375 0.07109375 0.16953125
1 0.0515625 0.15078125 0.0734375 0.17109375
1 0.3171875 0.03125 0.065625 0.0625
1 0.4 0.95859375 0.071875 0.0828125
1 0.3875 0.0328125 0.06875 0.065625
1 0.003125 0.0328125 0.00625 0.065625
1 0.3296875 0.96015625 0.06953125 0.0796875
1 0.39453125 0.14609375 0.06875 0.165625
1 0.11953125 0.96171875 0.06796875 0.0765625
1 0.1125 0.0328125 0.06875 0.065625
1 0.05390625 0.96328125 0.07421875 0.0734375
1 0.19140625 0.8390625 0.06953125 0.1703125
1 0.0453125 0.0328125 0.071875 0.065625
1 0.25703125 0.96015625 0.0734375 0.0796875
1 0.190625 0.96171875 0.071875 0.0765625
1 0.084375 0.96171875 0.14375 0.0765625
0 0.2859375 0.2109375 0.01796875 0.03203125
0 0.1375 0.04140625 0.02265625 0.034375
0 0.35859375 0.89140625 0.01171875 0.0390625
0 0.00625 0.0390625 0.0125 0.03125
0 0.00625 0.20703125 0.0125 0.03125