1 0.803125 0.99765625 0.11875 0.0046875
1 0.8078125 0.96484375 0.121875 0.0703125
1 0.5609375 0.98828125 0.121875 0.0234375
1 0.99375 0.97265625 0.0125 0.0546875
1 0.3265625 0.978125 0.121875 0.04296875
1 0.68125 0.99375 0.125 0.01171875
1 0.9421875 0.76953125 0.115625 0.078125
1 0.99375 0.915625 0.0125 0.07421875
1 0.9375 0.84140625 0.11875 0.07734375
1 0.22890625 0.8484375 0.11484375 0.0734375
1 0.58046875 0.80625 0.11953125 0.07734375
1 0.22109375 0.9171875 0.12109375 0.07734375
1 0.45 0.9359375 0.121875 0.07890625
1 0.68671875 0.96015625 0.121875 0.07734375
1 0.2125 0.97265625 0.11875 0.0546875
1 0.81875 0.82578125 0.1171875 0.0734375
1 0.390625 0.52421875 0.1125 0.07734375
1 0.81640625 0.89375 0.11953125 0.07578125
1 0.33984375 0.92421875 0.12421875 0.078125
1 0.71796875 0.68046875 0.11796875 0.07265625
1 0.5734375 0.87890625 0.1203125 0.0765625
1 0.459375 0.86953125 0.121875 0.0765625
1 0.2609375 0.64609375 0.11796875 0.07734375
1 0.3609375 0.71953125 0.1203125 0.078125
1 0.471875 0.796875 0.11796875 0.07890625
1 0.99375 0.84375 0.0125 0.078125
1 0.60546875 0.6015625 0.115625 0.06953125
1 0.3671875 0.6546875 0.11796875 0.07109375
1 0.6921875 0.88671875 0.11953125 0.08125
1 0.83828125 0.62109375 0.11328125 0.07578125
1 0.09375 0.96875 0.125 0.0625
1 0.35078125 0.78984375 0.1171875 0.0765625
1 0.38125 0.584375 0.11484375 0.078125
1 0.48515625 0.6625 0.11796875 0.078125
1 0.12421875 0.77109375 0.1171875 0.0765625
1 0.70390625 0.75390625 0.121875 0.075
1 0.45 0.98203125 0.125 0.0359375
1 0.825 0.7578125 0.11875 0.075
1 0.13671875 0.7015625 0.1171875 0.07421875
1 0.928125 0.9046875 0.1203125 0.07734375
1 0.91875 0.96875 0.11875 0.0625
1 0.496875 0.53125 0.11640625 0.07265625
1 0.49609375 0.5921875 0.1203125 0.0734375
1 0.346875 0.8609375 0.1203125 0.0765625
1 0.56953125 0.94375 0.1203125 0.078125
1 0.28671875 0.44921875 0.12109375 0.0734375
1 0.040625 0.69296875 0.08125 0.075
1 0.82890625 0.68828125 0.115625 0.07890625
1 0.59296875 0.66796875 0.11953125 0.07578125
1 0.2734375 0.57890625 0.12265625 0.071875
1 0.2734375 0.515625 0.1265625 0.07265625
1 0.84140625 0.55625 0.11328125 0.0734375
1 0.94375 0.6953125 0.1125 0.0703125
1 0.72734375 0.47890625 0.1109375 0.0703125
1 0.946875 0.56875 0.10625 0.07421875
1 0.23984375 0.7796875 0.1203125 0.075
1 0.59140625 0.7390625 0.1125 0.08046875
1 0.47734375 0.72890625 0.11640625 0.06953125
1 0.1203125 0.83828125 0.11796875 0.08125
1 0.69765625 0.815625 0.11796875 0.0796875
1 0.14375 0.6359375 0.1171875 0.078125
1 0.03359375 0.82734375 0.0671875 0.07578125
1 0.390625 0.453125 0.11328125 0.0703125
1 0.6171875 0.53984375 0.11328125 0.075
1 0.04453125 0.62890625 0.0890625 0.0734375
1 0.06171875 0.49375 0.11015625 0.07109375
1 0.11171875 0.90859375 0.1265625 0.08203125
1 0.7234375 0.61015625 0.12109375 0.0796875
1 0.94296875 0.63359375 0.1109375 0.0734375
1 0.9515625 0.49609375 0.096875 0.0703125
1 0.16640625 0.5 0.10703125 0.06796875
1 0.72578125 0.55 0.115625 0.07578125
1 0.6125 0.4703125 0.125 0.0765625
1 0.06796875 0.434375 0.1140625 0.0734375
1 0.14609375 0.571875 0.11328125 0.0703125
1 0.0390625 0.7625 0.07734375 0.078125
1 0.50078125 0.459375 0.1171875 0.07578125
1 0.17421875 0.440625 0.11484375 0.07578125
1 0.028125 0.89765625 0.05546875 0.07734375
1 0.05078125 0.5609375 0.1015625 0.08125
1 0.84609375 0.48671875 0.12265625 0.0765625
1 0.021875 0.96640625 0.04375 0.0671875
1 0.24921875 0.70859375 0.11640625 0.07421875
1 0.015625 0.99609375 0.03125 0.0078125
1 0.03125 0.86328125 0.0625 0.134375
1 0.0109375 0.43359375 0.021875 0.0703125
0 0.6375 0.76328125 0.03046875 0.02578125
0 0.20859375 0.53046875 0.03046875 0.02734375
0 0.54296875 0.48359375 0.0328125 0.02421875
0 0.2234375 0.8265625 0.02578125 0.021875
0 0.9890625 0.65 0.021875 0.03515625
0 0.90390625 0.721875 0.01875 0.01953125