0 0.11283382183796228 0.5158414139618734 0.04610343262955987 0.04610343262955983
1 0.09756200893504433 0.9433215316566251 0.0925341477265238 0.11095686525912
1 0.06496947159637627 0.7970601862830078 0.09888533360249455 0.2063511858759707
1 0.03857771022899527 0.6062812276788657 0.07715542045799054 0.20931254464226862
1 0.01995616964391634 0.4105420336852201 0.03991233928783268 0.20391593262955982
1 0.15705973986032085 0.9352538871765124 0.1240296095770769 0.12556483603812651
1 0.12383595698587968 0.78041242857237 0.12552965421934553 0.21150233603812651
1 0.284496767456461 0.7487106408299603 0.1239671542193456 0.21147506249917605
1 0.09039003165992046 0.593553356737703 0.12873647483619657 0.2162443831160271
1 0.24887073336420382 0.5525174793037188 0.12396715421934557 0.21147506249917605
1 0.05919594764709355 0.3950164452114616 0.1183918952941871 0.2162171095770768
1 0.17118606412732454 0.5733987694817605 0.12402170129724625 0.21460006249917604
1 0.04135565706201463 0.20395111444834085 0.08271131412402925 0.2202227711033183
1 0.20618085268380856 0.7610118177774773 0.1255296542193456 0.21150233603812651
1 0.21556117573299627 0.35784590746905176 0.12396715421934557 0.21147506249917622
1 0.31677565909720007 0.9129407362035774 0.11846144805083539 0.16451824188232536
1 0.13793105357401775 0.37560219764709357 0.12714670129724626 0.2146546095770768
1 0.24006315463297323 0.9228708896121443 0.12128643912238157 0.14738528896022557
1 0.10296353855648403 0.18642664935137687 0.12552965421934553 0.21150233603812651
1 0.1829783210238881 0.16628569886490957 0.12254102191409726 0.21926028896022584
0 0.23626518790786094 0.2903174882321725 0.027353432629559825 0.04577615016215582