1 0.5959264210043351 0.05423104127071493 0.11685284200867016 0.10220791549465284
1 0.5102619367893506 0.05841857152133595 0.10802387357870132 0.11152837334017514
1 0.13576985701722685 0.9227562439498758 0.10432202090551304 0.1544875121002484
1 0.35014535722898843 0.7017998910977644 0.13065627872743368 0.23193177693097128
1 0.09952300192496423 0.7432960029268663 0.10253127872743366 0.23176815046753826
1 0.626947449802356 0.21138955629782957 0.13727029977412109 0.2382181383672898
1 0.06348897845920243 0.5134766927202118 0.08074728398910551 0.23320338544042354
1 0.24291481306947502 0.0943504845801019 0.10984397881213823 0.14277837334017515
1 0.5424737392648948 0.22261288172799043 0.13083828925077726 0.23505677693097127
1 0.12231794688917133 0.5044471263652373 0.13258279977412105 0.23819086729005096
1 0.5760275048381488 0.4500748063960254 0.14039529977412107 0.23823631908544907
1 0.44394856513561354 0.6898498578220812 0.13056527346576186 0.23036927693097126
1 0.2225076626883043 0.49487720452587264 0.13056527346576183 0.2303692769309713
1 0.7170374546405047 0.6586372610200939 0.12762228398910552 0.23347609621281223
1 0.39618808639406244 0.4732390747427898 0.1341452997741211 0.2381999576491305
1 0.05517188936371683 0.11590680113146816 0.10561150512049752 0.15056360226293633
1 0.15504308674699835 0.1008681292921035 0.1160029735504664 0.14125223477649365
1 0.319667028868608 0.08464420735454298 0.1175654735504664 0.14126132513557324
1 0.49702254430068765 0.46132994808296496 0.1305652734657617 0.23036927693097126
1 0.18178613922254247 0.2650306232419793 0.12918478398910552 0.23348518657189174
1 0.6194190019955513 0.672127068398078 0.13396328925077725 0.23507495764913067
1 0.3177368627024217 0.48059251160926914 0.13056527346576186 0.2303692769309713
1 0.20893434123221133 0.9182596414905477 0.12049305247554418 0.16348071701890454
1 0.2632823940606913 0.7122283309893057 0.12744027346576184 0.23035109621281205
1 0.5388060388272544 0.6825918697259379 0.12753127872743378 0.2319135962128122
1 0.4149872341443973 0.07192201443793947 0.117201452503779 0.13501132513557326
1 0.6749354416980866 0.431906589377121 0.13092929451244933 0.23661927693097126
1 0.47737352809214906 0.900291412371395 0.12423967875566859 0.19941717525721003
1 0.5708050096762977 0.8950953731437835 0.12487671558737148 0.2098092537124331
1 0.16354770456991757 0.7296107528286704 0.13258279977412107 0.2381908672900508
1 0.45331252872743366 0.2338089360809124 0.13056527346576186 0.23036927693097126
1 0.2748535997600036 0.25385729478675634 0.12891176820408995 0.22879768657189176
1 0.7532611939053996 0.8783048664062882 0.1253317418957307 0.22096700585373236
1 0.038665470778456154 0.2884085150271146 0.05712777346576181 0.22994203005422928
1 0.6595944938912821 0.8925986496819712 0.13268921558737148 0.21319995764913066
1 0.386649817554688 0.9117329064194666 0.13068709983059074 0.17653418716106692
1 0.3008488254471958 0.9138403070833965 0.12103908404557533 0.17231938583320705
1 0.014175163041240151 0.1226971566158583 0.022525989335481965 0.1453943132317166
1 0.3585915629283007 0.2434106741770557 0.13056527346576186 0.23036927693097126
1 0.09262492868508136 0.27622667759490127 0.1307472839891055 0.23349427693097136