1 0.8601119843961678 0.007039563720287456 0.1108489687923356 0.014079127440574912
1 0.24085737336031982 0.05991692207954833 0.1868249706013579 0.07975350405718977
1 0.2809688755080264 0.3329044086868677 0.2110680540475859 0.15510806006354425
1 0.601642144391219 0.18498946550729634 0.21246677973732647 0.15201033360249455
1 0.7841481071906606 0.2654740320669576 0.20966932835784532 0.15820578652459388
1 0.6297615796010408 0.3932832065788426 0.21591932835784533 0.1583148806803953
1 0.26396840400215743 0.23232771022899526 0.20473616689245625 0.15343646590774282
1 0.4300094838303409 0.2075344415613089 0.21090427973732648 0.15198306006354423
1 0.11813468283497268 0.3592056302766534 0.2064624412027157 0.15658873944669321
1 0.8981552962456698 0.14306146956778137 0.13212418249628827 0.13811938311602717
1 0.4005665660333735 0.03796582995234185 0.19175813206674702 0.0759316599046837
1 0.9366445861597615 0.3479165649413988 0.12671082768047698 0.1398455243497292
1 0.30550960933836724 0.5475163336057898 0.2159193283578454 0.15831488068039512
1 0.5837375921526553 0.08208265381889904 0.20457239258219673 0.15031146590774286
1 0.5672217995250302 0.026350445618498662 0.1906935990500603 0.052700891236997324
1 0.2507104081860289 0.12855782792374695 0.2026823439616777 0.1440341923687925
1 0.4801853827441157 0.5233543104738766 0.21419305404758587 0.155162607141445
1 0.8766720426276251 0.05461399310343643 0.12521908525525022 0.10922798620687287
1 0.7482980591359686 0.0662430142067548 0.2059711182719372 0.1324860284135096
1 0.8250132038658717 0.4782370848269011 0.21411116689245624 0.15360010714144484
1 0.10557604986371442 0.25385961120192996 0.1921542797373264 0.15165577759614007
1 0.1324372795101838 0.5724323331987528 0.20958744120271566 0.15664328652459378
1 0.444952810379164 0.3136208003276068 0.20786116689245623 0.1534910129856435
1 0.1241157671857119 0.45841074350717825 0.20843437697836445 0.16442851298564348
1 0.7686282485296619 0.16330756007013478 0.21114994120271574 0.1566705600635442
1 0.09790963478028056 0.15233802151035544 0.18746677973732645 0.1515739569792891
1 0.4605954997728574 0.41813102232442956 0.20958744120271572 0.15664328652459392
1 0.6582727611928181 0.5046064902640627 0.21443871551297528 0.15985010714144482
1 0.9450612737444327 0.46337792370769665 0.10987745251113452 0.1460409772718286
1 0.7432929765942516 0.015407217128854114 0.18346095318850325 0.030814434257708228
1 0.8061636273170487 0.372218909907979 0.21279432835784534 0.15826033360249453
1 0.6220132773624772 0.29019911688726807 0.21287621551297525 0.15982283360249455
1 0.41448962516934207 0.1053679695644861 0.20457239258219667 0.15031146590774283
1 0.28974408921197925 0.44066236160896705 0.21295810266810494 0.16138533360249455
1 0.0875619549975256 0.08917950243563197 0.16922803482570908 0.07164099512873605
1 0.9217742599496226 0.2505603238698525 0.1401823439616777 0.1429432508107789
1 0.02845470714523219 0.36389885876629796 0.024809649479601636 0.1159522824674041
1 0.04019114653892556 0.46847726461049655 0.038128521030899164 0.13179547077900686
1 0.05081546528583256 0.5816766939936455 0.04709408525525039 0.12414661201270896