1 0.690625 0.9100740239426921 0.146875 0.1798519521146158
1 0.915625 0.8027010438248994 0.1015625 0.20177278003177213
1 0.5546875 0.9777330823846786 0.125 0.044533835230642894
1 0.51796875 0.16841617816203772 0.134375 0.18828302434972924
1 0.9625 0.2699254999934094 0.075 0.2013091298696163
1 0.70234375 0.21147820575817783 0.1375 0.18677507142762992
1 0.7953125 0.5810697313257231 0.1453125 0.19472393912238176
1 0.74296875 0.7543748177708867 0.15 0.19949325973923263
1 0.734375 0.09328731330665979 0.1171875 0.09892051542127549
1 0.7890625 0.9234331404196279 0.146875 0.15313371916074417
1 0.84375 0.7819152110331835 0.153125 0.20736030681713338
1 0.934375 0.44677832629230335 0.13125 0.19760347727182856
1 0.05390625 0.7368784370937866 0.1078125 0.18938187418757338
1 0.74609375 0.3997418648487873 0.140625 0.19464211850553062
1 0.134375 0.7632830243497292 0.1359375 0.19299779788867966
1 0.275 0.6227688928552599 0.1359375 0.19299779788867966
1 0.2328125 0.44625125730360066 0.134375 0.1929705243497292
1 0.61171875 0.1872400904990581 0.1375 0.18833757142762994
1 0.98359375 0.46091869276923897 0.0328125 0.18494774431795716
1 0.64140625 0.7276020377391145 0.14375 0.19782166558343128
1 0.59140625 0.8923542844927038 0.1515625 0.204208033278183
1 0.3625 0.950858711036479 0.1171875 0.09579551542127547
1 0.6984375 0.558285021910802 0.1453125 0.19784893912238175
1 0.6015625 0.5355003124958809 0.134375 0.18828302434972918
1 0.36875 0.6486240551922802 0.1375 0.19302507142762995
1 0.65 0.07384579220334143 0.11875 0.10363528896022582
1 0.18046875 0.9015875937487643 0.115625 0.10201824188232536
1 0.56171875 0.3551173372526472 0.1375 0.19302507142762995
1 0.80078125 0.23038393871204926 0.14375 0.19000916558343128
1 0.41796875 0.49010817166921594 0.1375 0.18990007142762994
1 0.45703125 0.6736025101429745 0.1390625 0.19305234496658025
1 0.40390625 0.835956459818663 0.1390625 0.19305234496658025
1 0.15078125 0.42372564650870775 0.1328125 0.1898182508107789
1 0.54609375 0.7032821018631438 0.1484375 0.19790348620028234
1 0.26796875 0.9249899119299834 0.121875 0.10056483603812652
1 0.5 0.8673212824641088 0.1421875 0.1962318920444809
1 0.89609375 0.24689137458802 0.14375 0.19157166558343128
1 0.01484375 0.7190090986200282 0.0296875 0.1848931972400564
1 0.4609375 0.04788944399035029 0.125 0.08186938311602719
1 0.5125 0.5136332207757116 0.140625 0.1962046185055307
1 0.89375 0.6101317142795943 0.146875 0.20568871266133187
1 0.34140625 0.13252176826064926 0.1375 0.1867750714276299
1 0.096875 0.575909709414921 0.1328125 0.1976307508107789
1 0.42890625 0.15436158644186831 0.13125 0.18354097727182853
1 0.55546875 0.056570743096845864 0.1234375 0.09590460957707685
1 0.28359375 0.2924501473194867 0.1359375 0.19299779788867957
1 0.25234375 0.11456092654047992 0.134375 0.18359552434972923
1 0.3796875 0.040221219964932615 0.11875 0.06926028896022583
1 0.18671875 0.6009154379045656 0.1328125 0.1882557508107789
1 0.9578125 0.6253124293765584 0.084375 0.19366027110331832
1 0.37578125 0.3135905361175568 0.134375 0.18828302434972918
1 0.11328125 0.25275858157389963 0.128125 0.18192393019392786
1 0.19765625 0.272200102677218 0.1296875 0.18351370373287823
1 0.0953125 0.8774449358759707 0.1203125 0.1083500624991764
1 0.29296875 0.03167628855318874 0.1234375 0.05527960957707686
1 0.64921875 0.3761759054338663 0.14375 0.1946966655834313
1 0.45625 0.9635790791382677 0.128125 0.07284184172346464
1 0.32578125 0.46974903287114583 0.1359375 0.1929977978886796
1 0.653125 0.9895160620921392 0.128125 0.020967875815721727
1 0.20078125 0.02459839975511869 0.1171875 0.0442330154212755
1 0.84453125 0.42333509780265877 0.1515625 0.20108303327818294
1 0.22890625 0.7914955734562248 0.1390625 0.19461484496658024
1 0.3140625 0.8156382313290184 0.134375 0.1945330243497292
1 0.03125 0.8552329707790068 0.0625 0.10734094155801373
1 0.8328125 0.11609929626053121 0.1140625 0.09574096834337481
1 0.06484375 0.40503810186643907 0.1296875 0.1882012037328782
1 0.03828125 0.5584807017042833 0.0765625 0.1825864034085667
1 0.16640625 0.10056088189821119 0.1296875 0.17882620373287822
1 0.46875 0.332400811685102 0.1453125 0.19628643912238167
1 0.93046875 0.13811639244492746 0.1203125 0.09272506249917618
1 0.86328125 0.9327632759712869 0.1265625 0.13447344805742603
1 0.98515625 0.15938346630818936 0.0296875 0.08801819724005648
1 0.10390625 0.0979074403401976 0.084375 0.18272277110331836
1 0.05390625 0.24937843709378674 0.0578125 0.1806966209411626
0 0.24765625 0.2183853559236289 0.0359375 0.04125229139585782
0 0.42421875 0.25740476582501726 0.04375 0.05232615909060954
0 0.0296875 0.3411431972400565 0.0203125 0.04097955600635448
0 0.375 0.8479518993480817 0.0359375 0.03343979139585755