1 0.9556228965430101 0.31002963195953115 0.058961126022531826 0.1487847295815799
1 0.9448709161390514 0.16992298713167422 0.058824733702664035 0.14409722958157997
1 0.8561240355641729 0.591346608545886 0.10569973370266403 0.14573414065150558
1 0.6986836086045688 0.6108927606301371 0.0977963054894186 0.1423363221398514
1 0.7723711611909935 0.599734516620587 0.10579066191590929 0.14885914065150557
1 0.9343399637774183 0.5854934234293434 0.09931334138279624 0.14082838584218216
1 0.7244303840065978 0.20883918730915946 0.09770537727617316 0.13921132213985138
1 0.6611682028903585 0.344506357997732 0.10284751834239998 0.15500001324684395
1 0.9727576060972863 0.5794691127222374 0.02284176959604132 0.14127976442797027
1 0.9695453410535915 0.44846464938272634 0.03690426959604132 0.14177083774894794
1 0.8836833635526269 0.1806447215225776 0.10588159012915455 0.15198414065150562
1 0.7745680909870846 0.002130407356910591 0.09461381802583091 0.004260814713821182
1 0.6102100742940371 0.015096688026949667 0.08895485141192587 0.030193376053899334
1 0.737821631103604 0.3387077365835201 0.09949519780928676 0.14707838584218216
1 0.9218208948936575 0.4524725923038174 0.10427362602253183 0.15036707694917478
1 0.8727949908288 0.06137643258465406 0.10441001834239998 0.12275286516930813
1 0.6955481807205278 0.00737346806401656 0.09015363855894432 0.01474693612803312
1 0.5865402759307544 0.36116063385844765 0.10275659012915472 0.15187501324684397
1 0.907898450383076 0.31403757488062223 0.10266566191590912 0.14875001324684387
1 0.537349235814235 0.02338290318055935 0.08780152837152996 0.0467658063611187
1 0.5983690230277606 0.49108374683513906 0.0995406619159093 0.14864088584218216
1 0.809927614806268 0.19414671553212784 0.10284751834239998 0.15500001324684387
1 0.7959597061890639 0.0666058523661773 0.10275659012915454 0.1332117047323546
1 0.8356788064138554 0.4625048459320144 0.10579066191590947 0.14885914065150557
1 0.9322381869887341 0.057641308175217246 0.06364862602253182 0.11528261635043449
1 0.8233415939565853 0.32323401480648845 0.10413723370266403 0.14567957694917483
1 0.618609663698276 0.6269567594490109 0.09743259263643722 0.12983632213985138
1 0.7566361640939874 0.46994781289972265 0.10579066191590947 0.14885914065150557
1 0.5692427788337484 0.2314284938399142 0.0993588054894186 0.14239088584218218
1 0.7103033510162143 0.07743541988596432 0.10422816191590947 0.14880457694917476
1 0.6403592608870596 0.2281645953838603 0.09926787727617317 0.1392658858421822
1 0.5543117637900535 0.10083325826788447 0.10275659012915472 0.1518750132468439
1 0.6270816740566103 0.09438979610949967 0.10128501834239997 0.15494544954451306
1 0.6750906474009399 0.4829413754209272 0.10262019780928675 0.14718751324684387
0 0.723809573040396 0.0017583851243920105 0.03988085391920819 0.003516770248784021
0 0.8472708389420205 0.278692841122691 0.035284282132453625 0.032450401451278844
0 0.7723724758516122 0.3851090214299104 0.04782974623907634 0.034449411069925696
0 0.7957608485754389 0.5200916566391204 0.0307331744523216 0.036974210344286364
0 0.6386326586837111 0.5825519950210406 0.03367631802583091 0.0308333377489479
0 0.9610783085254265 0.6321675267873881 0.03992631802583091 0.031051592558271324