1 0.04535986607256914 0.7946407926276252 0.09071973214513827 0.11889384215265526
1 0.9387779852792704 0.6663574146291487 0.09662303970326391 0.12835072930778502
1 0.03822789893888816 0.8780707683173657 0.07587412860909731 0.10853619629109837
1 0.9306368705378812 0.7472798660086296 0.10934124525034719 0.13838082654882305
1 0.5939551413394438 0.6944359905006032 0.23742987765916687 0.1435330732694627
1 0.05255542344326362 0.7127733169378847 0.10511084688652723 0.11831398801421233
1 0.7997323626540966 0.7255575949777304 0.23121624525034717 0.1447680246489437
1 0.7814531817082979 0.805166529848868 0.23281511284152784 0.14641241180407363
1 0.9096476508387493 0.9632258548158117 0.13968205547083343 0.0735482903683767
1 0.7361003948548255 0.9880853346894234 0.22143989532659739 0.02382933062115313
1 0.8126155287822565 0.6425370550636387 0.22976284802388883 0.1493736374938141
1 0.5855958210509715 0.7847334418800842 0.22652874525034736 0.14452236318355444
1 0.7518351508387493 0.9505222583099424 0.22787303970326392 0.09895548338011509
1 0.17512979331555487 0.8101540072360892 0.2234401128415279 0.14592108887329508
1 0.21039971856177037 0.5718661131835545 0.2202423776591668 0.14263231456303557
1 0.030995320766631147 0.9515182343961678 0.05229115824437508 0.09696353120766439
1 0.5576312091593743 0.9364199361143332 0.22961737765916687 0.12716012777133373
1 0.19090157010104108 0.737453491632257 0.22347648043270843 0.1474835888732951
1 0.38198051178041603 0.7615471681356516 0.22972648043270844 0.1478111374938141
1 0.35715908368440896 0.9205979415414 0.22489351006798622 0.14131547602842467
1 0.6066201019205203 0.6207904505865114 0.232887848023889 0.14953741180407362
1 0.40389514542350646 0.5929576204196437 0.21715374525034736 0.14403104025277608
1 0.3700422498125687 0.8375774016273082 0.2264923776591668 0.1429598631835546
1 0.5727126549228118 0.867753981794176 0.2328514804327085 0.14797491180407354
1 0.20300348622920086 0.6543920081406004 0.22340374525034729 0.14435858887329509
1 0.1457845193798603 0.9546808559474652 0.21936955547083342 0.09063828810506962
1 0.7669529641933673 0.89044893260783 0.23445034802388917 0.1496192989592032
1 0.3925744792953466 0.6760600474888653 0.22652874525034736 0.1445223631835546
1 0.3440947328107284 0.9653084967206397 0.2222399823325695 0.06938300655872069
1 0.9247667706141313 0.8314501481208051 0.11729921561506948 0.14504026232447192
1 0.9166802072595133 0.9100288495002861 0.12961737765916653 0.13788285956551008
1 0.054581936836006706 0.6385136233603198 0.10916387367201341 0.11707903663473136
1 0.5407697110592353 0.9789792503386842 0.22808993882958326 0.04204149932263164
1 0.154361392005034 0.8958901113745323 0.22191398043270846 0.14740170171816516
1 0.05769882475378452 0.550972679782755 0.11539764950756903 0.1425703595655099
1 0.13397419719152695 0.9919761380596409 0.21137391109416667 0.016047723880718224
0 0.65710845155993 0.736855863860923 0.05403418977951393 0.041846663274411534
0 0.8166055124460062 0.996701757122518 0.05221711664124991 0.006596485754964121
0 0.8638487608304855 0.7602059119156153 0.05556032218833344 0.04036605042954129
0 0.26010681820118 0.6878905828804012 0.053925087005972296 0.03715916327441171