0 0.6765625 0.04375 0.01953125 0.02421875
0 0.48203125 0.15078125 0.01796875 0.02578125
0 0.4875 0.3546875 0.01953125 0.028125
0 0.68671875 0.36484375 0.02265625 0.0296875
0 0.55703125 0.52421875 0.01953125 0.02578125
0 0.4921875 0.690625 0.01953125 0.028125
0 0.56171875 0.8609375 0.01640625 0.0296875
0 0.69921875 0.86328125 0.02109375 0.02265625
0 0.6609375 0.25546875 0.04140625 0.16953125
1 0.78359375 0.10625 0.06875 0.15625
1 0.80625 0.921875 0.06875 0.15625
1 0.66015625 0.259375 0.06953125 0.16171875
1 0.46171875 0.759375 0.071875 0.171875
1 0.8625 0.43046875 0.06875 0.159375
1 0.80234375 0.76171875 0.06953125 0.16484375
1 0.6015625 0.91953125 0.071875 0.1609375
1 0.528125 0.25625 0.0703125 0.1625
1 0.66328125 0.4265625 0.0703125 0.16328125
1 0.59921875 0.759375 0.07109375 0.16640625
1 0.66875 0.76015625 0.06875 0.16640625
1 0.465625 0.91953125 0.06875 0.1609375
1 0.93359375 0.7625 0.0703125 0.1671875
1 0.72421875 0.42890625 0.07109375 0.1625
1 0.72109375 0.10546875 0.06640625 0.1578125
1 0.53671875 0.76015625 0.0734375 0.16875
1 0.59609375 0.2578125 0.06640625 0.1625
1 0.65390625 0.1015625 0.0703125 0.159375
1 0.86953125 0.7625 0.06796875 0.16796875
1 0.5390625 0.91953125 0.071875 0.1609375
1 0.740625 0.91953125 0.06875 0.1609375
1 0.72109375 0.26171875 0.06875 0.15859375
1 0.79140625 0.43046875 0.06640625 0.159375
1 0.978125 0.4359375 0.04375 0.16015625
1 0.603125 0.5890625 0.07109375 0.1671875
1 0.8734375 0.921875 0.065625 0.15625
1 0.7296875 0.58984375 0.06875 0.16171875
1 0.5984375 0.4265625 0.06875 0.16328125
1 0.928125 0.59140625 0.06640625 0.16015625
1 0.92265625 0.43359375 0.06640625 0.159375
1 0.46015625 0.5875 0.07109375 0.16640625
1 0.6671875 0.590625 0.06796875 0.16328125
1 0.79609375 0.59140625 0.06953125 0.16484375
1 0.73359375 0.7609375 0.06953125 0.165625
1 0.6703125 0.91953125 0.071875 0.1609375
1 0.53046875 0.42421875 0.07109375 0.16484375
1 0.8671875 0.59296875 0.0671875 0.1640625
1 0.521875 0.09921875 0.06875 0.16015625
1 0.53125 0.5890625 0.07109375 0.1671875
1 0.8484375 0.109375 0.0671875 0.15390625
1 0.78828125 0.26328125 0.06640625 0.15859375
1 0.85625 0.26484375 0.06875 0.15625
1 0.5859375 0.09921875 0.06875 0.15859375
1 0.9421875 0.921875 0.065625 0.15625
1 0.45703125 0.2546875 0.071875 0.1640625
1 0.453125 0.09453125 0.071875 0.1546875
1 0.4578125 0.425 0.0703125 0.16796875
1 0.975 0.26953125 0.05 0.1640625
1 0.921875 0.2765625 0.06328125 0.16328125
1 0.909375 0.11328125 0.0703125 0.1546875
1 0.9703125 0.115625 0.059375 0.15234375
1 0.98046875 0.596875 0.0375 0.159375
1 0.98359375 0.76328125 0.0328125 0.165625
1 0.9828125 0.921875 0.028125 0.15625
1 0.78125 0.0140625 0.0671875 0.02734375
1 0.84609375 0.01640625 0.0640625 0.03203125
1 0.72109375 0.0125 0.0671875 0.025
1 0.90859375 0.01796875 0.07421875 0.03359375
1 0.6546875 0.01015625 0.06875 0.01953125
1 0.58359375 0.01015625 0.06796875 0.0203125
1 0.95703125 0.021875 0.0859375 0.0421875
1 0.5234375 0.009375 0.0671875 0.01796875