1 0.9541570556224326 0.7627454041920497 0.04913148495630537 0.13283234736759475
1 0.9198649044605689 0.22464769266663706 0.10579066191590947 0.14885914065150557
1 0.7571914082214926 0.26310753585788066 0.10243834138279588 0.1409375132468439
1 0.8290062914366677 0.7991144685273527 0.09458037727617316 0.1391021947351895
1 0.6070406440357277 0.30034961943047733 0.10119409012915473 0.1518204495445131
1 0.912541800937072 0.10081088858295306 0.10574519780928675 0.14729664065150563
1 0.7460757149645525 0.13550089103002377 0.09926787727617317 0.1392658858421822
1 0.8269536419241567 0.1186283603599847 0.09770537727617316 0.13921132213985135
1 0.7612073745061935 0.9029413621740833 0.09169941818411545 0.09373513103285873
1 0.8389187813410308 0.24386397333667614 0.09797816191590947 0.1485863221398514
1 0.5340434132360576 0.3146055815888622 0.09655205423577744 0.15321925843752043
1 0.8120309870678764 0.02965520663127118 0.10406302586424739 0.05931041326254236
1 0.9021399145562057 0.780171006368968 0.1057906619159091 0.14885914065150557
1 0.807248614872775 0.6617335196158118 0.10284751834239998 0.15500001324684404
1 0.9432723460681565 0.49308766862001996 0.08708612602253182 0.1497668762235353
1 0.9497379240566103 0.08312239157817794 0.03667694906292773 0.13395833774894797
1 0.7923857959890143 0.5287945340437821 0.10409176959604131 0.1441170769491748
1 0.7458073465303748 0.815287594750888 0.09922241316955045 0.13770338584218217
1 0.7310581879131708 0.6784423591788583 0.09985891066226812 0.15957838584218215
1 0.9171307655724202 0.881887273792163 0.09165395407749273 0.09217263103285873
1 0.9360140563473485 0.008177021514728386 0.03734688730530315 0.016354043029456772
1 0.548951696226441 0.44598206716089195 0.09944973370266404 0.14551588584218217
1 0.6044345372800326 0.9263664824071688 0.09160848997087019 0.09061013103285873
1 0.9363356874509524 0.3559696145363359 0.10427362602253218 0.1503670769491748
1 0.8379517309326842 0.8940177407598714 0.09473348997087001 0.09071925843752027
1 0.965105264318779 0.869285580871072 0.019960810503983593 0.09591270072563951
1 0.4999114202956866 0.06937744945969505 0.09632473370266403 0.1387548989193901
1 0.7297269524281402 0.040367017338377144 0.09367109514371955 0.08073403467675429
1 0.6220171231860452 0.42938235500250715 0.09940426959604132 0.14395338584218215
1 0.8936219678675463 0.01646323666833807 0.09713106426490725 0.03292647333667614
1 0.7035626398790926 0.4163887924813026 0.10413723370266403 0.14567957694917483
1 0.6319340292959668 0.5445435635326948 0.09784176959604132 0.1438988221398514
1 0.6487768853267462 0.6899007035512282 0.104728267088759 0.1659920769491748
1 0.5158510058724948 0.18880697342149416 0.09458037727617316 0.13910219473518967
1 0.6772953757598346 0.916798020248784 0.0947334899708702 0.09071925843752027
1 0.6561303280549609 0.04717257804548312 0.10023934389007838 0.09434515609096623
1 0.8740449729486184 0.5118947215225776 0.10266566191590912 0.14875001324684387
1 0.6713113956850802 0.15684266689073942 0.09944973370266404 0.1455158858421822
1 0.683435659475134 0.2766095298674308 0.09458037727617316 0.13910219473518967
1 0.7173175998290802 0.5337573417556631 0.10087584138279589 0.1408829495445131
1 0.7735030668386967 0.39989820772757956 0.10284751834239998 0.15500001324684387
1 0.5788137263138305 0.7071725383049514 0.10472826708875882 0.1659920769491748
1 0.9509902546853606 0.6301784408525386 0.06373955423577726 0.15207342068857255
1 0.5935357366721649 0.17438732015611677 0.10073944906292791 0.13619544954451307
1 0.5784910613619134 0.05866563875258908 0.09926787727617317 0.11733127750517816
1 0.6642390977840161 0.8290624072720926 0.0977963054894186 0.1423363221398514
1 0.8568156720115463 0.37981883150404416 0.10284751834239998 0.15500001324684395
1 0.888771399512511 0.6495212070946074 0.10105769780928639 0.14713294954451311
1 0.5944350631442801 0.8408654920258158 0.10083037727617317 0.1393204495445132
1 0.5602037818032493 0.5689012119887489 0.09954066191590946 0.14864088584218216
0 0.7156882183297648 0.32153016026731746 0.03859113855894432 0.03880952885594056
0 0.6527526461472988 0.47279504910472453 0.03514788981258547 0.027762901451278844
0 0.6700501432443049 0.602527189123258 0.03519335391920819 0.02932540145127884
0 0.9536572312618885 0.2702950093641928 0.03992631802583091 0.03105159255827141
0 0.7926144311827462 0.30635653885310554 0.041716138558944495 0.03891865626060227
0 0.7082370826738144 0.22891607433246802 0.028943353919208194 0.029107146641955416