0 0.4234375 0.008562555044322748 0.0359375 0.017125110088645496
0 0.37734375 0.5419984767298954 0.0328125 0.04138871941479181
0 0.5140625 0.8849100625015968 0.0328125 0.044513719414791805
0 0.6875 0.223842009880555 0.034375 0.05080008700597227
0 0.3203125 0.016763393807985843 0.0390625 0.018096689779513918
0 0.5109375 0.8029515476839579 0.034375 0.04142508700597212
0 0.93671875 0.4758538790872562 0.0328125 0.044513719414791805
1 0.68515625 0.6926465612673258 0.15625 0.3036367591180557
1 0.771875 0.40156565995680493 0.153125 0.29731402393569456
1 0.65703125 0.4143949279085758 0.1546875 0.2942253915268751
1 0.95546875 0.37463621799308944 0.0890625 0.2801979526972918
1 0.859375 0.13462173461368024 0.15 0.2692434692273605
1 0.36328125 0.9290445350505205 0.1359375 0.12816398043270852
1 0.8875 0.38793695820944374 0.153125 0.30043902393569455
1 0.465625 0.721193707828194 0.15625 0.3005117591180557
1 0.9296875 0.1264267216959024 0.090625 0.2528534433918048
1 0.58046875 0.6997706898764232 0.15625 0.3005117591180557
1 0.59375 0.9018053153513883 0.1421875 0.16893445079743047
1 0.7453125 0.1414269935895657 0.1515625 0.2828539871791314
1 0.91796875 0.6661340401814229 0.1546875 0.29110039152687506
1 0.55234375 0.4254253065176732 0.153125 0.28481402393569455
1 0.48125 0.9184862819163884 0.140625 0.14389808320625014
1 0.9875 0.8535781823738879 0.025 0.13495688145888912
1 0.9703125 0.6539782258768743 0.059375 0.2857569684648613
1 0.35 0.7379474095755553 0.1515625 0.2988401563445141
1 0.43671875 0.4421790082650343 0.1515625 0.29415265634451404
1 0.8015625 0.6789996757243743 0.1578125 0.2958606267092362
1 0.93203125 0.8642442318607978 0.1359375 0.14378898043270852
1 0.7109375 0.8975152460128466 0.1390625 0.1438617156150695
1 0.8203125 0.8785632646302076 0.140625 0.15014808320625014
1 0.3 0.19692367249333306 0.153125 0.30043902393569455
1 0.628125 0.14709897834541613 0.15 0.2941162887533334
1 0.4015625 0.1742472790665969 0.153125 0.3035640239356946
1 0.3203125 0.46129464380798585 0.146875 0.28466855357097226
1 0.5234375 0.15969185695451343 0.1515625 0.29727765634451403
0 0.8515625 0.7629921628065965 0.053125 0.054361498100139016