1 0.27011260853806174 0.16956865319801273 0.16998485721791354 0.3118738069852006
1 0.06773776629733602 0.1426056565176624 0.09889946740532796 0.2849022408266178
1 0.1611922496042886 0.15330732806243946 0.1744905007914228 0.30565107806243946
1 0.30499137688046185 0.018183415200065264 0.12751724623907634 0.03354881908544904
1 0.005097710807917398 0.7141397680521767 0.010195421615834796 0.3032795361043535
1 0.03113267656389272 0.4252045330792914 0.06226535312778544 0.29728406615858277
1 0.06661187232811533 0.7293425872358217 0.13322374465623066 0.30556017447164335
1 0.10360810398571525 0.4405209817514315 0.16993939311129083 0.3103113069852007
1 0.41407086018741446 0.028975990335638507 0.12810827962517113 0.053861319085449035
1 0.26825665954164085 0.7704408067888089 0.1745814290046682 0.3087760780624397
1 0.1254517309326841 0.9251050600102626 0.13513116943775674 0.0804601805217672
1 0.4012366441022347 0.7923117824901162 0.17467235721791355 0.31190107806243966
1 0.38124032515196693 0.1905311138722054 0.1714564290046682 0.3087578973442803
1 0.551207147334433 0.042275941934644866 0.13508570533113406 0.07889768052176752
1 0.45656796793405335 0.5019594932625047 0.17154735721791353 0.31188289734428026
1 0.21402276675955445 0.4591351472460844 0.17154735721791353 0.31188289734428026
1 0.32505955516021423 0.4832226079202771 0.18087689311129082 0.31037493949875794
1 0.15942722882111307 0.7510544816532356 0.17292800079142284 0.30564198770335993
1 0.2349942154932779 0.9468396803253757 0.13325042069139797 0.06951359016268768
1 0.36732934237373976 0.9634544877033597 0.136511813011266 0.07309102459328046
1 0.037520102732074026 0.9026346414905477 0.07504020546414805 0.08964428298109546
1 0.512612345605938 0.2139554992144331 0.1760984648980454 0.3072226684215191