1 0.9309590173683955 0.5912976943417354 0.13808196526320912 0.11286628875333342
1 0.708014054586386 0.8610335385659023 0.14706339867609247 0.10799695079743081
1 0.7221172499954908 0.9287477154276382 0.14306510339082212 0.08917421561506948
1 0.936494137715583 0.6770533563858325 0.12701172456883397 0.11134015634451408
1 0.8279754900706934 0.766736065067048 0.1533133986760923 0.10814242116215275
1 0.640963371792675 0.4457365000969092 0.1536772717116218 0.11595492116215293
1 0.9484269613297582 0.8353925332475687 0.10314607734048345 0.10796058320625015
1 0.8466078277457498 0.9149008081331939 0.1409204065339754 0.07663784802388918
1 0.994837426797855 0.5067941013518394 0.010325146404289854 0.09451371941479181
1 0.6940371377133285 0.7792386779085758 0.1455008986760923 0.10796058320625015
1 0.9258509093247611 0.5055238485020478 0.14829818135047787 0.11126742116215275
1 0.793784464844415 0.519607145139166 0.1470633986760923 0.10799695079743081
1 0.9999273411897132 0.5903151161694783 0.00014531762057359287 0.09280574905006951
1 0.6559034751834971 0.5314194269586453 0.1536772717116218 0.11595492116215293
1 0.6692810785743193 0.617138721411562 0.14735449710451576 0.11424695079743064
1 0.8383008680686214 0.8540905947023256 0.15004284946188093 0.10494468597979179
1 0.7619607684018528 0.3568895928024647 0.1550214478903042 0.11130378875333342
1 0.9028939834556649 0.34344207580062425 0.15680227171162145 0.116027656344514
1 0.8026201174494488 0.6085605423656244 0.15502144789030403 0.11130378875333342
1 0.7789171360606986 0.4354867182774299 0.15353172249741007 0.11282992116215293
1 0.9430010028932294 0.7534703860211103 0.11399799421354118 0.10806968597979179
1 0.6256058914373821 0.3678842570307634 0.1552397717116218 0.1159912887533335
1 0.8150345343225063 0.6903917706141313 0.1548758986760924 0.10817878875333342
1 0.6830760589296122 0.6950273320688883 0.1472089478903042 0.11112195079743063
1 0.9832042599247973 0.34300435828569364 0.03359148015040532 0.09469555737069442
1 0.9566782630251695 0.8993095628828464 0.08664347394966114 0.0639196424768059
1 0.9207771503287223 0.4251460174799993 0.15687504631872748 0.11759015634451404
1 0.9906743116202085 0.4287236527386103 0.018651376759583015 0.09462282218833344
0 0.8338807719165097 0.49051840397288127 0.03455909057054072 0.03826371941479181
0 0.6652486658350909 0.9167756987101384 0.03590326674922295 0.03361258700597247