1 0.9865285333860949 0.21729579488687345 0.02694293322781007 0.2514739687923355
1 0.851929122986524 0.9721194979638351 0.14183581050398358 0.055761004072329715
1 0.9084753927155795 0.20440296924256146 0.15750157759274258 0.26567366689245614
1 0.730630784506722 0.9618946489137749 0.14380748746358768 0.07621070217245034
1 0.8909087741483879 0.45856152476048545 0.1690133906040085 0.3396024898232347
1 0.9741542170096166 0.4766331733355759 0.05169156598076689 0.3265492118949306
1 0.8687432352855096 0.7959453380803255 0.16731449828414036 0.33483310266810484
1 0.7679570074553403 0.44197713308279984 0.1674054264973858 0.3379581026681049
1 0.7472630403792169 0.7763178335577697 0.16414403417751763 0.33310682835784533
1 0.9650927687381115 0.8163164710515838 0.06981446252377702 0.3213637449116174
1 0.788648626022532 0.18798235187513543 0.15750157759274258 0.26567366689245614