1 0.29140625 0.63046875 0.1140625 0.07265625
1 0.2890625 0.84140625 0.11953125 0.07578125
1 0.28984375 0.76875 0.11640625 0.07578125
1 0.29140625 0.6953125 0.11484375 0.07421875
1 0.1625 0.96875 0.125 0.0625
1 0.16640625 0.90546875 0.11796875 0.0734375
1 0.28828125 0.90859375 0.121875 0.0765625
1 0.1703125 0.76640625 0.12109375 0.0765625
1 0.0484375 0.9 0.096875 0.07421875
1 0.0515625 0.96875 0.103125 0.0625
1 0.1703125 0.62109375 0.11796875 0.07421875
1 0.2859375 0.97265625 0.121875 0.0546875
1 0.0515625 0.7578125 0.103125 0.0703125
1 0.053125 0.834375 0.10625 0.07421875
1 0.16875 0.83984375 0.11953125 0.075
1 0.1703125 0.69296875 0.1171875 0.0765625
1 0.17265625 0.5546875 0.115625 0.071875
1 0.05 0.615625 0.1 0.07421875
1 0.053125 0.6859375 0.10625 0.07421875
1 0.053125 0.5484375 0.10625 0.06640625
1 0.29140625 0.55859375 0.11171875 0.0703125
1 0.29375 0.48828125 0.10859375 0.071875
1 0.175 0.48359375 0.1140625 0.0734375
1 0.05625 0.478125 0.1125 0.07421875
0 0.09453125 0.64296875 0.03046875 0.0265625
0 0.01171875 0.71328125 0.01953125 0.03203125
0 0.2125 0.6515625 0.0234375 0.028125
0 0.24921875 0.5125 0.0203125 0.0203125