1 0.1045139845605394 0.7137202488188736 0.08599704210278447 0.13877481252120455
1 0.1253126125981733 0.8400744176933476 0.08906747840045358 0.13732143992586635
1 0.14790935361249863 0.9481845288559405 0.0833978317584982 0.1036309422881189
1 0.14399802586071567 0.07915676506094246 0.07553076805616735 0.10719743030721937
1 0.1581151557972661 0.5727976376562808 0.09230160580511533 0.14055556733052796
1 0.2218775554344464 0.5664409994518458 0.09235616950744614 0.14211806733052795
1 0.24440237457907282 0.6975372320286507 0.08912204210278445 0.13888393992586626
1 0.1821479112395617 0.7023859339354164 0.09548116950744619 0.1422271947351897
1 0.06283488293177533 0.4586681610699257 0.09553573320977704 0.14378969473518968
1 0.21638653510084435 0.9415451484560539 0.08706846878180671 0.11690970308789232
1 0.19714539554564708 0.43916917132154476 0.08912204210278443 0.13888393992586612
1 0.9685404408329156 0.3194668950823109 0.0629191183341689 0.1505654843909033
1 0.025066976586355066 0.09217014183263197 0.047951405079475894 0.12184028366526396
1 0.2843007213985135 0.9411557680561673 0.08874009618646843 0.1176884638876654
1 0.09026054471949121 0.9520262914698122 0.06432044954451306 0.09594741706037553
1 0.1801984538056823 0.3113889117028979 0.08588791469812271 0.13564981252120453
1 0.9920511238612827 0.5960666006172737 0.015897752277434663 0.1558333377489479
1 0.09203127649368784 0.19984872177703164 0.09219247840045361 0.13743056733052797
1 0.9817559754052286 0.4536062821056195 0.036488049189542696 0.15637897477225646
1 0.05319702122102825 0.7189508966419554 0.04213791469812275 0.13412202885594054
1 0.05224706859647229 0.3342311562606023 0.08583335099579188 0.13408731252120454
1 0.0361359405588384 0.2080406784931208 0.06266866950744616 0.14108135698624164
1 0.16430558057737185 0.19144843393541644 0.08276291469812276 0.13554068511654277
1 0.26137659817020303 0.8260987416472976 0.08599704210278443 0.13877481252120455
1 0.037839861332228934 0.5920064507256393 0.03745041469812275 0.1339583377489479
1 0.10959577712666002 0.3229687632468439 0.09537204210278444 0.13910219473518967
1 0.20211072557486473 0.827150320958725 0.09542660580511528 0.1406646947351895
1 0.13801593220613592 0.44412700063297217 0.08621529691210786 0.14502481252120453
1 0.9535664880191004 0.17999516731482948 0.07064486061443845 0.14604167549789593
1 0.08433291541591294 0.5827058617955652 0.08281747840045359 0.13710318511654282
1 0.07554812622353535 0.0853497121583848 0.09617065027015248 0.11728175843752049
1 0.0536235740387679 0.46302827885594056 0.07985616950744616 0.14168155771188112
1 0.9343675655164294 0.07710578029152093 0.08123513103285873 0.09179068511654279
1 0.07089793110982757 0.8459771881117677 0.04967759618646848 0.12658234736759474
1 0.047777823405795714 0.3403174651536097 0.07645835099579189 0.1337599303072194