1 0.5654079947785757 0.88203125 0.3099231267092364 0.1578125
1 0.8350490007624993 0.84375 0.294479964665139 0.165625
1 0.8301459080569439 0.71875 0.310104964665139 0.165625
1 0.10321581288284642 0.9359375 0.14048214247680563 0.128125
1 0.2841391577726034 0.91640625 0.2927356267092362 0.1578125
1 0.8326552718484024 0.6109375 0.31032317021222233 0.175
1 0.5584540524336106 0.64375 0.3619584053945834 0.178125
1 0.5563986303215271 0.765625 0.3367765674386806 0.1703125
1 0.25830792885850634 0.68359375 0.3195163322563196 0.1671875
1 0.2665360433155549 0.8 0.32453114057694465 0.18125
1 0.07046085676388862 0.69453125 0.14092171352777724 0.1390625
1 0.08027123499492987 0.8140625 0.13325152393569456 0.153125
1 0.839589723977013 0.9171875 0.2805252610179167 0.103125
1 0.5630265707666312 0.95078125 0.31635365824437506 0.0984375
1 0.29692879208128387 0.97109375 0.32790810087368066 0.0578125
1 0.1121355647827075 0.9890625 0.12707164627652778 0.021875
0 0.725023303383541 0.6703125 0.06344555737069442 0.040625
0 0.6565252636802772 0.79375 0.06042966014423605 0.0453125
0 0.6680056647064576 0.9046875 0.053925087005972296 0.034375
0 0.4429914001731591 0.70390625 0.06671602773541671 0.046875
0 0.3592158122172563 0.71171875 0.06526263050895835 0.0515625
0 0.3881356735401728 0.94609375 0.06984102773541671 0.046875
0 0.9301816224377426 0.75078125 0.05545121941479181 0.0328125
0 0.9171387214115618 0.63984375 0.06206489532659702 0.0484375