1 0.8004126735627185 0.54453125 0.22209408525525057 0.1234375
1 0.44067358265325857 0.7015625 0.21724281094499087 0.1203125
1 0.5857426639517801 0.503125 0.22028592378986112 0.11875
1 0.15456342152655358 0.921875 0.09734639077317438 0.0984375
1 0.26688195782260077 0.8140625 0.21395403663473136 0.1171875
1 0.42321608774164127 0.621875 0.2107471494796016 0.115625
1 0.8165123863621602 0.628125 0.22513719810012062 0.121875
1 0.5008176238105457 0.93984375 0.2155984237898611 0.11875
1 0.4571041660994867 0.7765625 0.21724281094499087 0.1203125
1 0.6641254500206847 0.82109375 0.21707903663473155 0.1171875
1 0.6055848524409624 0.58359375 0.21872342378986112 0.11875
1 0.4746844917437986 0.85859375 0.22201219810012063 0.121875
1 0.508210721956095 0.9765625 0.20089411465389267 0.046875
1 0.24749014868663216 0.7421875 0.2155984237898611 0.11875
1 0.2882866463117829 0.89453125 0.20614153663473136 0.1171875
1 0.402592649252459 0.54140625 0.21082903663473135 0.1171875
1 0.6247276780852743 0.665625 0.21411781094499088 0.1203125
1 0.306405882516973 0.95703125 0.21700379353213642 0.0859375
1 0.7805704850735363 0.4640625 0.22061347241038015 0.125
1 0.17149197195609492 0.9765625 0.0930816146538926 0.046875
1 0.8367673326532585 0.7015625 0.21716092378986113 0.11875
1 0.6445289229968917 0.7453125 0.21880531094499087 0.1203125
1 0.9416839682265087 0.5125 0.11663206354698268 0.109375
1 0.9339428496716581 0.42578125 0.1321143006566839 0.109375
1 0.8598982954527002 0.78515625 0.22044969810012063 0.121875
1 0.13398092661493627 0.8421875 0.09085072930778511 0.09375
1 0.8921862522592482 0.92421875 0.20253185775648747 0.078125
1 0.9598408259829962 0.66875 0.08031834803400742 0.109375
1 0.8797404839418824 0.865625 0.2142815852552503 0.1234375
1 0.6839676385098669 0.9015625 0.2155984237898611 0.11875
1 0.9706045855939347 0.7515625 0.05879082881213051 0.109375
1 0.23077296019744992 0.66171875 0.2107471494796016 0.115625
1 0.1023137675243962 0.68515625 0.09874511646291487 0.0953125
1 0.9523658406823173 0.5921875 0.09526831863536529 0.109375
1 0.21656329601852722 0.584375 0.21551653663473136 0.1171875
1 0.12063439959114328 0.76640625 0.09874511646291487 0.0953125
1 0.6948099632496676 0.959375 0.2119887449116174 0.0796875
1 0.9805461516273082 0.8328125 0.038907696745383545 0.109375
1 0.08123662765573297 0.6109375 0.09282266508343387 0.1015625
1 0.9911461369279871 0.89140625 0.01770772614402567 0.0734375
0 0.8722024643813213 0.5578125 0.04719590456798457 0.0359375
0 0.8560175424004826 0.4875 0.04530585594746554 0.0296875
0 0.7188262381257541 0.76171875 0.06290279172311415 0.0375
0 0.1155474298942966 0.7140625 0.03765713025772479 0.0328125
0 0.35637490501821023 0.91171875 0.042262743102595035 0.03125
0 0.3551145409301445 0.6640625 0.03782090456798422 0.0359375
0 0.5701817774740189 0.9515625 0.041027791723114146 0.0375