1 0.8573681141667929 0.22208840887730902 0.16562604176169415 0.27447918874473987
1 0.9173471021647405 0.5030953614170469 0.165305795670519 0.30115081614940153
1 0.9736561894987579 0.5167784047009578 0.05268762100248416 0.2800347295815799
1 0.7241133118569744 0.9330059952754945 0.1634090359079618 0.1339880094490109
1 0.94242384933607 0.25087066250550605 0.11515230132785988 0.2774752139724833
1 0.7447681202169172 0.2009723223094874 0.16726126463433122 0.2870337524470707
1 0.620147974522957 0.9211582705032381 0.14946471057599683 0.15768345899352382
1 0.8280877395500715 0.94666175670824 0.14921018052176754 0.10667648658352
1 0.813528252337691 0.4736310615097142 0.1720305778660478 0.30125994355406327
1 0.9419360952308533 0.7952382213985135 0.09063513212077368 0.27342263103285874
1 0.6595639567653677 0.726795723127794 0.1720305778660478 0.30125994355406327
1 0.7604679266129426 0.7514088319281342 0.17048625858420702 0.3043303798517325
1 0.870755986819597 0.7779118229424595 0.16890557786604782 0.30115081614940176
1 0.7087453035673551 0.45356904345354687 0.1657623971478884 0.29791668874473987
0 0.7227219660369458 0.5735640849233591 0.048755662567786476 0.056378974772256465
0 0.8939894746211529 0.8779217466262569 0.07072156615858276 0.0727678666048888