0 0.7136826672104147 0.9391997803935649 0.0364102146721816 0.042298815963434676
0 0.6873501705920034 0.5823119255550007 0.03166817067154533 0.03739299214211726
0 0.8468331639083679 0.714807710086904 0.027017033338636053 0.040299668320799495
0 0.6922916619191856 0.6278791366798713 0.039535214672181594 0.0424443651776464
0 0.6722898866168204 0.3986989048768363 0.039535214672181594 0.0424443651776464
0 0.6619080119748648 0.2160854580199894 0.03166817067154533 0.03739299214211718
0 0.6705643019573657 0.34546474296617746 0.030142033338636055 0.04044521753501131
0 0.827550098623502 0.35668484098031616 0.03800907733927232 0.04549659057054054
0 0.8893335779758192 0.2196429133538916 0.037936352005090865 0.03924659057054054
0 0.9036035212842295 0.4040007967285032 0.04916475334181776 0.06475601282028158
0 0.9707364772835932 0.41181760483405505 0.020712489337999785 0.035321069892376045
1 0.6830139225414149 0.9497390004120302 0.10279883068109026 0.10052199917593967
1 0.5706904766072756 0.4643174427185085 0.14304311736154424 0.21436221463952715
1 0.6024917232256868 0.8214600086819432 0.14140789202736243 0.2080394400324213
1 0.8929638239179128 0.6466056736929738 0.14769425469445316 0.21145553846084475
1 0.5904291699156857 0.6489300372179905 0.14144425469445315 0.2111644400324213
1 0.7580957385423693 0.9514301066960819 0.10414315467854482 0.09230312406898662
1 0.9753507046069572 0.48550981595892556 0.041262441358998814 0.1908818651776464
1 0.9445263239179129 0.6490072357274672 0.09927493602799871 0.21076202564056318
1 0.9402853612746845 0.4760598872990437 0.11179311736154389 0.21290672249741008
1 0.6744121765595504 0.8209013906088126 0.1414260733609078 0.2096019400324213
1 0.7540996765595505 0.8246128955712113 0.13831925469445333 0.21101889081820957
1 0.9494849018937324 0.8274597214594435 0.08517607336090763 0.20698205417661059
1 0.6488882019414572 0.46170617307380135 0.14153516136218053 0.2189769400324213
1 0.8004688832750027 0.4672028099630695 0.1462226613621805 0.2191952638537389
1 0.981108713916322 0.6624361889944549 0.025637441358998814 0.19015411910658778
1 0.8163376892505039 0.6485084679447868 0.14618629869508942 0.2160702638537389
1 0.5634063299650016 0.2841932950758733 0.14624084269572588 0.22075776385373888
1 0.9212915552991834 0.29460868010311464 0.1055249360279987 0.21105312406898663
1 0.8619710992998197 0.28715574503309205 0.1461499360279987 0.21294526385373888
1 0.8321974045592322 0.8305953759265042 0.14618629869508978 0.2160702638537387
1 0.8762319519414572 0.47229487840770357 0.14144425469445351 0.2111644400324213
1 0.7405200765834129 0.6481038995001528 0.13831925469445316 0.21101889081820957
1 0.6639121232495493 0.6484441937519658 0.13679311736154426 0.2140711162111037
1 0.6109934718730512 0.9522892848414897 0.10913973734881743 0.09542143031702074
1 0.9087962672263231 0.8310363316746912 0.1445874360279987 0.21287248924663302
1 0.7317279739417755 0.4632194772504118 0.14307948002863496 0.21748721463952717
1 0.7947381459659562 0.2879326869275402 0.14782152402927143 0.22239303846084474
1 0.9059792552116874 0.9387760570675854 0.09129770934118149 0.06203342721213971
1 0.9639281152132781 0.9297499675305021 0.05210794000636341 0.04927656203449331
1 0.8363570985439601 0.9433500870513747 0.09931020401018138 0.07958480024766885
1 0.7158046239656379 0.28660131926869437 0.14304311736154424 0.21436221463952715
1 0.6345000799650016 0.2875045396991898 0.1446965240292714 0.222247489246633