1 0.21293129150621587 0.680674149504662 0.2027275693385418 0.12650264970954977
1 0.6254884557345146 0.7983259524429274 0.19949346656500017 0.12166960049533806
1 0.6404062473376396 0.8680198682825274 0.19476959897381949 0.11988877667402065
1 0.9313286140757988 0.6257038198968854 0.13734277184840238 0.1226841368892682
1 0.38540505033993105 0.6311899181159119 0.19640483415618065 0.12308655128112633
1 0.4120415919430561 0.7003380244022182 0.19636846656500015 0.12152405128112634
1 0.6550330982113202 0.9252137841221277 0.1927343202884723 0.0995035020669146
1 0.939287237650903 0.704282584164909 0.12142552469819386 0.12046666542531544
1 0.8384807246362159 0.8767826304836366 0.19749455547083344 0.10284682588823202
1 0.23090134792697983 0.7470975161300505 0.19640483415618065 0.12308655128112633
1 0.4267775455902784 0.7622194402418183 0.1964775693385418 0.12621155128112632
1 0.26953070288472303 0.8946788374701686 0.19327983415618064 0.1229410020669146
1 0.5830255859591326 0.6540515676205738 0.1996389369297223 0.12791960049533807
1 0.5625299415824658 0.579924862905844 0.197858231382639 0.1184718258882322
1 0.7972718835461812 0.75278435835773 0.1995662017473613 0.12479460049533805
1 0.4413504982875702 0.8506997433849716 0.19487870174736127 0.12457627667402056
1 0.28639220098486196 0.9470760913991102 0.192516114741389 0.09012850206691461
1 0.9195001080918752 0.5480882421466264 0.16099978381624958 0.12057798138875028
1 0.8215283075581258 0.8204791265546951 0.20112870174736122 0.12486737510244375
1 0.9116324034947224 0.4781032278786027 0.17673519301055512 0.12435795285270287
1 0.7420349504161811 0.5301131457851176 0.20109233415618064 0.12330487510244392
1 0.776685320191563 0.6747514036430003 0.2011287017473613 0.12486737510244392
1 0.9486628908612851 0.7718510738258268 0.10267421827742992 0.12122864474715112
1 0.16022974448784805 0.9701583345746846 0.09796602773541671 0.05138702564056317
1 0.25047027193892435 0.8150106081483331 0.19952983415618064 0.12323210049533806
1 0.7625124109972574 0.6034586004998472 0.2044719072944446 0.13438792431665547
1 0.6002871275622577 0.7236363215495152 0.19949346656499997 0.12166960049533806
1 0.460029069525973 0.9139617227068069 0.19793096656500014 0.12159682588823202
1 0.9572391102760769 0.8292997007902976 0.08552177944784631 0.1048758986760924
1 0.09807066413138953 0.7525021077340484 0.10352765634451402 0.1562200748547749
1 0.12230955755812571 0.8530457632345664 0.09306162860909732 0.10890842721213971
1 0.10515711872854232 0.7881485093056249 0.08652068787965286 0.09611732878371626
1 0.4774536120790286 0.9569475893321956 0.18851829255305558 0.05248295285270288
1 0.145185319525973 0.9286258060386373 0.09902068787965286 0.09669952564056317
1 0.08549727573864643 0.7163291672873423 0.08176045269729174 0.09277400496239867
0 0.3669674409168757 0.8134951499189468 0.04614895459715278 0.03804796360606986