1 0.9384845033737431 0.9229192772962961 0.06366568511654265 0.08025298439090349
1 0.924836209541678 0.7761707628683258 0.10220239546082902 0.11125001324684405
1 0.932046019615812 0.8609004269334765 0.0819990228654909 0.11366568511654265
1 0.023690371792730085 0.7775545703257528 0.03753969473518964 0.09182540145127902
1 0.8249502822296837 0.8814088451749782 0.15721727767481405 0.12253474282842376
1 0.014150502319843699 0.6879191514512788 0.028301004639687398 0.0870833377489479
1 0.5178967287789717 0.7369296365599723 0.16330358656782168 0.11806549763774718
1 0.8329785478387801 0.9427010092401286 0.15138393992586635 0.08955855172143146
1 0.6915102996528788 0.8947396804768554 0.16174108656782166 0.11801093393541642
1 0.7991120124442357 0.7029465392771955 0.16308533175849824 0.11181549763774719
1 0.1020212137180293 0.8639856328469573 0.16012402286549077 0.11639387023308564
1 0.4003843026481036 0.9213368636944816 0.16648315027015248 0.11973712504240908
1 0.5053000142583343 0.6496652495366638 0.1601240228654907 0.11639387023308564
1 0.6789408669834067 0.8066940434535468 0.1587252139724832 0.12102680653075489
1 0.09027272578374686 0.6852331502701524 0.16799108656782163 0.11822918874473984
1 0.3783158736068286 0.7469172170525262 0.14756945916315986 0.11439486061443879
1 0.26926822270370393 0.9734052728654907 0.1646279843909034 0.053189454269018555
1 0.4077131638106966 0.971145857619214 0.1633928666048885 0.05770828476157206
1 0.5050123267795387 0.5683061221320022 0.15360120435383634 0.10836311542376223
1 0.10200634475088807 0.7748140054422956 0.15699902286549078 0.11628474282842376
1 0.6963862834108099 0.9535640319359835 0.1579613221398514 0.09287193612803293
1 0.8134076362207004 0.7863592400028351 0.1554365228654908 0.11623017912609299
1 0.3695435635326948 0.6621329892850448 0.16168652286549073 0.11644843393541641
1 0.12357377678738797 0.9818328425582713 0.16073909255827137 0.036334314883457355
1 0.5353173525554364 0.8204514646902735 0.15861608656782167 0.11790180653075452
1 0.007229624324618811 0.6116195462791356 0.014459248649237621 0.08228671034428636
1 0.3980802473832933 0.8305208907363237 0.15856152286549072 0.11633930653075461
1 0.7861333520072822 0.6266196522538869 0.15688989546082902 0.11315974282842375
1 0.7717831645284867 0.5447694515282476 0.1618502139724832 0.12113593393541641
1 0.5424725989272393 0.906743628755424 0.1696627139724834 0.12140875244707061
1 0.2434225184346855 0.7570684886520727 0.16157739546082903 0.11332343393541641
1 0.6603124072720925 0.7129614016209148 0.15381945916315978 0.11461311542376222
1 0.11505443785731365 0.9386731196001132 0.1650297776748142 0.12265376079977344
1 0.6392335593563436 0.5550025686812903 0.160014895460829 0.11326887023308566
1 0.2563342022852839 0.924910753080043 0.16179565027015244 0.11957343393541678
1 0.23395080391404796 0.6699132290334259 0.15699902286549075 0.11628474282842376
1 0.030982027420360148 0.8599404843909035 0.029836322139851344 0.09467758293962447
1 0.3762598442027339 0.581800648540872 0.16481152286549072 0.1165575613400783
1 0.5486655460246816 0.9642807879264332 0.15779763103285874 0.07143842414713361
1 0.918516776872206 0.6883433806543406 0.120952395460829 0.11190477767481415
1 0.21760160681660565 0.6005084646054556 0.17898315027015244 0.12017363466105593
1 0.07593002246418666 0.6080431676933477 0.15186004492837332 0.11305061542376223
1 0.9139954571794252 0.6162228439938519 0.1351240228654909 0.11552085099579194
1 0.6487052738769811 0.6421578282999372 0.1601240228654907 0.11639387023308564
1 0.24893341925299212 0.8456498390148923 0.16799108656782166 0.11822918874473984
1 0.9106918971052916 0.5316295891845284 0.1476240228654909 0.1159573606144388
0 0.13509664166299595 0.633608652084251 0.03708333774894799 0.03406746515360979
0 0.29567449919739175 0.7839236545313217 0.03374008293962447 0.027708337748947896
0 0.3103669378573136 0.9455704826616229 0.04042659255827141 0.04042659255827132
0 0.5060588945734029 0.9990650156939147 0.025709328130301044 0.0018699686121706805
0 0.6326189384902858 0.834017946085952 0.02932540145127884 0.03535714664195524
0 0.7171154787789717 0.7438865086071565 0.03880952885594056 0.03880952885594056
0 0.8712102456540128 0.5646677784774224 0.02765377404661713 0.03217758293962447
0 0.8560787750581074 0.7291841462634372 0.03245040145127902 0.03546627404661713