1 0.12274116653476286 0.05078125 0.16513691818411552 0.090625
1 0.09010920830063493 0.259375 0.1604948822907382 0.0921875
1 0.9288390876883792 0.29765625 0.1275005258642473 0.0859375
1 0.27316105219071335 0.14375 0.1838414540774928 0.0890625
1 0.13709082304039585 0.0140625 0.1789433539192083 0.028125
1 0.6454656126946968 0.0484375 0.18223348997087002 0.0875
1 0.4500046970178639 0.1609375 0.18544941818411548 0.090625
1 0.106513109791703 0.17890625 0.16968802586424747 0.0859375
1 0.6202118969387216 0.19140625 0.18705738229073815 0.0921875
1 0.4589681715493278 0.09453125 0.18544941818411548 0.090625
1 0.8255168255476784 0.0359375 0.1742558539192082 0.028125
1 0.24296377216983078 0.34921875 0.18710284639736088 0.09375
1 0.9165687567304246 0.3703125 0.14767663354437915 0.08125
1 0.9381950188046186 0.1640625 0.11651756175762458 0.084375
1 0.285431383148668 0.07109375 0.1838414540774928 0.0890625
1 0.6042626365138803 0.25625 0.18701191818411544 0.090625
1 0.9480079394960164 0.0953125 0.10089256175762458 0.084375
1 0.5936230017158597 0.3265625 0.18218802586424748 0.0859375
1 0.7794983172344081 0.275 0.1807164540774929 0.0890625
1 0.47482650376092367 0.0328125 0.18472199247815263 0.065625
1 0.9309986327529565 0.2234375 0.12754598997087002 0.0875
1 0.2565465505413607 0.28515625 0.1838414540774928 0.0890625
1 0.9532553806413855 0.04921875 0.09112510517284952 0.0171875
1 0.9116251924655174 0.4328125 0.15419941818411545 0.090625
1 0.4102960246771133 0.37109375 0.1870119181841155 0.090625
1 0.8173489728821114 0.075 0.18384145407749272 0.0890625
1 0.4377343660599092 0.23359375 0.18080738229073817 0.0921875
1 0.7637332617449896 0.4140625 0.1869664540774929 0.0890625
1 0.6294026920032989 0.1171875 0.18384145407749272 0.0890625
1 0.2978691986672165 0.01953125 0.17926160266556704 0.0390625
1 0.5823385092377069 0.3921875 0.18384145407749272 0.0890625
1 0.11775213816323293 0.11484375 0.17455738229073817 0.0921875
1 0.7733415939565854 0.35234375 0.18535848997087018 0.0875
1 0.7922543814993154 0.2125 0.18384145407749292 0.0890625
1 0.805237766297336 0.1421875 0.1838414540774928 0.0890625
1 0.42316574920857714 0.3046875 0.18384145407749278 0.0890625
1 0.08353494787579367 0.32421875 0.16192098997087015 0.0875
1 0.2613453622989855 0.20078125 0.18710284639736088 0.09375
0 0.07953908432316696 0.1125 0.050954746239076296 0.0328125