1 0.13726537589563054 0.98359375 0.10914950692008221 0.0328125
1 0.17993964863304357 0.87578125 0.12664470752810458 0.19375
1 0.009394904638904711 0.2046875 0.018789809277809422 0.18125
1 0.009199950570841277 0.55703125 0.018399901141682554 0.1765625
1 0.11127056167490526 0.89296875 0.1313958745242989 0.1953125
1 0.16641688437294963 0.153125 0.11676037155854942 0.18125
1 0.2531595617120863 0.49765625 0.12827087452429894 0.1953125
1 0.42691546631380994 0.95 0.10407468775644109 0.1
1 0.10002788041861695 0.171875 0.1216388725471326 0.1859375
1 0.3219559826626134 0.47734375 0.12339237353571572 0.190625
1 0.3984469095074585 0.82421875 0.1234560405319102 0.1921875
1 0.49848671878526785 0.93828125 0.11284219269935676 0.1234375
1 0.20933137688421372 0.97890625 0.10328150889724856 0.0421875
1 0.05926239270154452 0.90390625 0.07144787155854941 0.18125
1 0.28177937984996326 0.96484375 0.11380251482874763 0.0703125
1 0.4651621546017237 0.45234375 0.12202087452429886 0.1953125
1 0.3602545483290324 0.95625 0.10512785178688588 0.0875
1 0.04870811954420202 0.54375 0.09741623908840404 0.19375
1 0.36157294509645277 0.65546875 0.12514587452429887 0.1953125
1 0.2913731916364116 0.671875 0.12514587452429887 0.1953125
1 0.02993293252919834 0.73359375 0.05986586505839668 0.1875
1 0.17677347524823958 0.5125 0.12339237353571572 0.190625
1 0.10341688829010127 0.5296875 0.12495487353571577 0.190625
1 0.03017563684440757 0.37734375 0.06035127368881514 0.1890625
1 0.39658856813787696 0.4671875 0.12508220752810448 0.19375
1 0.20769184730108056 0.32890625 0.12339237353571575 0.190625
1 0.07280226376580234 0.725 0.12827087452429894 0.1953125
1 0.5034394515222435 0.625 0.1234560405319101 0.1921875
1 0.35668510422116284 0.29609375 0.12339237353571582 0.190625
1 0.13831451722584348 0.70859375 0.12501854053191014 0.1921875
1 0.3274340725493202 0.84140625 0.12339237353571572 0.190625
1 0.3192845577949347 0.12109375 0.12326503954332697 0.1875
1 0.4690777444884304 0.81640625 0.12026737353571573 0.190625
1 0.040181989619876665 0.1875 0.08036397923975333 0.178125
1 0.4259762736888152 0.2828125 0.12020370653952135 0.1890625
1 0.06370442536197032 0.35390625 0.12501854053191017 0.1921875
1 0.386231977262587 0.1078125 0.12664470752810447 0.19375
1 0.24557923608547344 0.85625 0.1266447075281045 0.19375
1 0.2833603507611217 0.3125 0.12182987353571573 0.190625
1 0.23742972133108795 0.1359375 0.12144787155854937 0.18125
1 0.13824151034294227 0.34609375 0.12358337452429895 0.1953125
1 0.5396913334237351 0.78984375 0.12339237353571572 0.190625
1 0.5787153882529201 0.925 0.10697419467652339 0.1328125
1 0.43001919756791074 0.64375 0.12508220752810448 0.19375
1 0.2143968561611481 0.68203125 0.12501854053191014 0.1921875
0 0.5760506446787109 0.89453125 0.051782675893442945 0.04375
0 0.5907723778727969 0.97421875 0.03539367193911023 0.025