1 0.2644679199926529 0.8734487800365892 0.1849295119038567 0.09745789735836255
1 0.26307761593431855 0.9781271893698165 0.1751727168225128 0.03172380935709
1 0.10998092877325163 0.7028897373488174 0.18804542154477705 0.09593176002545327
1 0.08945811968634479 0.9573408800127268 0.17891623937268958 0.038046534691271464
1 0.2836724379466338 0.7955419560391345 0.1786613311856974 0.09426017202418073
1 0.10177754333282807 0.7699863306810902 0.1849022408266178 0.09277039735836254
1 0.25786339598854785 0.9343135547024074 0.18490224082661783 0.09277039735836254
1 0.29189854928475645 0.7245391127068619 0.1849022408266178 0.09277039735836254
1 0.0896762883042556 0.9096846300127268 0.1793525766085112 0.09273403469127146
1 0.005508093973316907 0.8313409066677273 0.011016187946633813 0.07830681333545461
1 0.005339922330343979 0.8930596566677274 0.010679844660687958 0.08611931333545471
1 0.10132302537884719 0.8481113306810902 0.1817590601084586 0.08960903469127146
1 0.009632512591227733 0.7548238600015909 0.019265025182455466 0.0752727200031817
1 0.012962045670519132 0.6861102226686817 0.025924091341038263 0.07847044533736351
1 0.9918920633299123 0.06232639680135743 0.01574317466803521 0.02049431333545444
1 0.00713877166641404 0.7985465880012727 0.01427754333282808 0.05959317600254525
0 0.22617355533488065 0.7409629966979532 0.0298602168225127 0.030032945337363514
0 0.15505201337679464 0.8792073366884081 0.023564765027114642 0.022147720003181704