1 0.0843727301504051 0.31355016564926075 0.10873295285270287 0.1927407779283042
1 0.112807867663355 0.8576000587972843 0.10360880521006774 0.18312011646291496
1 0.11890404962849647 0.14106433401205498 0.10858740363849115 0.18961577792830414
1 0.19507455811006108 0.8649787895754075 0.11156685442427942 0.18665455223856356
1 0.11711880190480806 0.4973176560383223 0.11312935442427947 0.1867364393936935
1 0.04933952760728848 0.8510059000454285 0.09867905521457696 0.18328389077317447
1 0.01601868238393544 0.8419894261647103 0.03203736476787088 0.18164614767057935
1 0.18535937965506707 0.5046521212126132 0.11029545285270288 0.192822665083434
1 0.39353802254019127 0.16797655755408888 0.10680657981717356 0.18484639077317438
1 0.3226901358603201 0.8692015428547679 0.1088785020669146 0.19586577792830404
1 0.21078979673301235 0.03233778720055828 0.0940454065339753 0.06467557440111656
1 0.4022492032714968 0.8845156043655855 0.11171240363849115 0.18977955223856363
1 0.051549575683344395 0.49076444086403137 0.10309915136668879 0.1880532779283041
1 0.2534417154680967 0.14726234509333141 0.10717045285270288 0.19265889077317438
1 0.49690480934840614 0.3581744323847468 0.10553517824559702 0.1910145036180447
1 0.47231141604899723 0.5348154975136092 0.11036822745980875 0.19438516508343398
1 0.15157734677579357 0.3263943244011166 0.11022267824559702 0.19126016508343388
1 0.3933880494236087 0.5225854924252266 0.10397267824559701 0.19093261646291496
1 0.03497419768541638 0.6693364981909777 0.06994839537083276 0.19257700361804453
1 0.4863334522335304 0.04692483039401036 0.09295809553293921 0.09384966078802072
1 0.08307763399829325 0.6760125440979632 0.10858740363849118 0.18961577792830403
1 0.14609159594722407 0.03093241745828306 0.09531680810555185 0.06186483491656612
1 0.4688098502904502 0.17494253053029593 0.10524407981717374 0.1847645036180446
1 0.263011344708879 0.5107140134561257 0.11029545285270288 0.1928226650834338
1 0.33105729321835564 0.15410548733684384 0.10858740363849115 0.18961577792830414
1 0.18914377502139063 0.13894191203121614 0.11342045285270289 0.1929864393936934
1 0.41783816335840085 0.043298541384429776 0.09557367328319835 0.08659708276885955
1 0.22376056182960552 0.33274282168758307 0.10702490363849115 0.18953389077317437
1 0.030715921940154732 0.30954874038906155 0.061431843880309464 0.17819359905006033
1 0.35303080066195375 0.04419597806458969 0.09393839867609248 0.08839195612917938
1 0.275306061001036 0.03764940694283349 0.09313787799792798 0.07529881388566698
1 0.43759816005314117 0.7112075791508149 0.11334767824559702 0.19142393939369348
1 0.3619861538478881 0.3434236148810352 0.10702490363849115 0.18953389077317429
1 0.366341744213541 0.7016931382867835 0.10717045285270288 0.19265889077317447
1 0.013559424111767826 0.48084388625061864 0.027118848223535653 0.18518722749876276
1 0.4273564427230177 0.34545310436558563 0.10397267824559701 0.19093261646291476
1 0.2952716887940762 0.3367885125516145 0.11000435442427943 0.1865726650834338
1 0.06327263378889628 0.13073102159672603 0.06908825599585602 0.17819359905006033
1 0.09187713089341214 0.021676926164710335 0.05374573821317572 0.04335385232942067
1 0.15128182444499932 0.6841282592722541 0.10709767824559702 0.19109639077317447
1 0.2609713858603201 0.8724360854823929 0.11945212903138529 0.1886264880142125
1 0.5381591637726857 0.17520480212702197 0.10858740363849115 0.18961577792830414
1 0.3268555208875614 0.5120441400958058 0.10709767824559702 0.19109639077317428
1 0.5540474911086598 0.050592062981155816 0.09190501778268043 0.10118412596231163
1 0.2258815641059171 0.6887914258260261 0.10866017824559701 0.19117827792830405
1 0.2911063037668349 0.6939459153105766 0.10717045285270288 0.19265889077317447
0 0.4747923306457432 0.09669469979760129 0.023184942927905537 0.02927142017181652
0 0.50138906389652 0.12803323100526579 0.023548815963434677 0.0370839201718165
0 0.07773097022560764 0.4728842220716959 0.024892992142117133 0.03247830732694634