0 0.12725128328477356 0.8142287670018403 0.038018197240056485 0.030560322188333443
0 0.38206942248988074 0.9022243019554518 0.03810001785690753 0.035247822188333444
0 0.6209973291448583 0.781171492019306 0.04736592370110611 0.029216027735416716
0 0.8759245625057666 0.8629170269729174 0.03330342370110628 0.02888871941479181
1 0.23098420942151163 0.8713528956109376 0.2522909772718286 0.13706881458888914
1 0.7116456485438933 0.7371688785121882 0.2616387037328781 0.13572452013597242
1 0.9073945251670988 0.7167148274097578 0.16311938311602744 0.12874586189159737
1 0.22033881007013476 0.7648119548814932 0.2569512037328782 0.1356154173624308
1 0.24210689570451951 0.946095056420764 0.25037392126547414 0.10780988715847215
1 0.7308654326361503 0.9337814668493405 0.25536143019392804 0.1324370663013191
1 0.4695791051194405 0.8589302032659727 0.25854097727182856 0.13721428495361118
1 0.9148137386425048 0.9185319005480217 0.1412443831160271 0.12823671561506983
1 0.06924609416239194 0.9567227786853472 0.09215231818121902 0.08655444262930559
1 0.9117490142100501 0.8254540477744801 0.1505375624991764 0.12376742116215303
1 0.7223455949731707 0.8405848192416325 0.25851370373287813 0.13565178495361147
1 0.479729626629796 0.9417913757593057 0.25686938311602725 0.11641724848138857
1 0.06135750203518546 0.8728757619678472 0.09094437418757347 0.10988545269729144
1 0.45968768222911327 0.7539699463321184 0.2553887037328782 0.13557904977125013
1 0.05216550852800722 0.7726211888295833 0.0925341477265238 0.11148432028847229