1 0.7947000616949879 0.9772089572563469 0.10556025324641069 0.045582085487306044
1 0.7947000616949879 0.9772089572563469 0.10556025324641069 0.045582085487306044
1 0.6799108587728886 0.9737430687908614 0.11035684740221222 0.05251386241827731
1 0.5642858587728885 0.9734112706844554 0.10723184740221221 0.05317745863108918
1 0.46126995292869 0.9668567436552882 0.11057503571381488 0.06628651268942357
1 0.571809806823724 0.8127838846548567 0.133088784088962 0.28512040944452866
1 0.901744948464463 0.9767231439264347 0.11652502678536152 0.04655371214713071
1 0.5940156379905865 0.5253838786047325 0.13961151947846523 0.3007817708808471
1 0.7132059687537071 0.5456105410743233 0.13988425486796868 0.31640677088084707
1 0.4632160568237239 0.8121521046988232 0.1363228782447632 0.29138859016268776
1 0.9099137788205468 0.8249081973955938 0.1314717370110614 0.28198631908544913
1 0.9258286996789838 0.5398155799091512 0.1349785665563658 0.30387949980360834
1 0.8037865097458232 0.81725880297818 0.12689333116686258 0.2882090480082102
1 0.3488671846647453 0.8278947584860111 0.1403206314911741 0.3414067708808471
1 0.25444462338008983 0.5077817255049156 0.14586151947846526 0.3008181323171656
1 0.3395313206234416 0.9598851018701529 0.11227390340856669 0.07720791549465282
1 0.8217724452147568 0.5478048210303565 0.135142207790068 0.3132544998036082
1 0.484599727682161 0.5270913034691592 0.14580697240056467 0.29769313231716554
1 0.3737985953769126 0.5186333879745064 0.14597061363426667 0.30706813231716557
1 0.2386387966774542 0.7866243429913583 0.1426274253226639 0.2945499515990065
1 0.22952507508766845 0.9506504815550396 0.13738299756436803 0.08360336123992695
1 0.6928626465152984 0.8158321374835271 0.14575242532266391 0.2945681323171656
0 0.8880911461082613 0.64273150165032 0.04163412094116268 0.05804884933607006
0 0.5289523307697113 0.9835720658639951 0.03343979139585791 0.03285586827200966
0 0.414244948464463 0.9767276891059744 0.03829093262955983 0.04553066861791066