0 0.9790922776748141 0.2384500616949879 0.0418154446503717 0.04306025324641087
1 0.7964137308475243 0.286281409907979 0.288105179126093 0.15649901055001153
1 0.806230185749515 0.18683083482690108 0.28972224282842374 0.1580887840889619
1 0.5156349568009071 0.25991337338008985 0.2975347428284238 0.1582251517837136
1 0.24894596460545554 0.23408112500164763 0.2991518065307547 0.1598149253226639
1 0.8202157854793624 0.0724546891289722 0.29208335099579197 0.13626833116686257
1 0.09640377404661712 0.03074543952941871 0.07718254809323424 0.06149087905883742
1 0.25765378729346106 0.12526918669004491 0.29909724282842387 0.1582524253226639
1 0.27270337921876026 0.04501644521146157 0.29853175843752056 0.09003289042292315
1 0.5434523888374071 0.05508910024488132 0.28377977767481416 0.11017820048976264
1 0.5228348431912435 0.15269120860743746 0.2959722428284238 0.15819787824476322
1 0.9643378077118812 0.19805688677606575 0.07132438457623777 0.13102390340856668
1 0.08735864546082905 0.1063533656661568 0.08566965988879933 0.12798072402541769
1 0.9713492103442863 0.09321938231183888 0.05730157931142728 0.1025988944801129
1 0.9591344417399646 0.3028671177013423 0.08173111652007066 0.13126936525911975
1 0.07437255054030495 0.22696587459461054 0.0855605324841376 0.12485572402541764