1 0.19508906876986087 0.2663853212443315 0.16351959897381954 0.12031104195220052
1 0.48446330613642347 0.1020751083583831 0.157233231382639 0.11838452090551303
1 0.7724367380321526 0.04420445427801358 0.16024912860909737 0.08840890855602716
1 0.3489089722645833 0.039048547496220984 0.16468205547083342 0.07809709499244197
1 0.1015800305852083 0.03112890265907079 0.0905899388295834 0.06225780531814158
1 0.9858809889820833 0.04556417199255547 0.02532861474138883 0.08261507892507773
1 0.9801381756274651 0.12469793514673508 0.03354115824437507 0.100257605233437
1 0.1979432714671526 0.17727731861349555 0.16032186379145844 0.11700403142885678
1 0.9741589729301733 0.2139879483009147 0.04135365824437507 0.10071263154179624
1 0.6315948389058332 0.0005751871069929026 0.1506909842324305 0.0011503742139858052
1 0.602445014248958 0.3628089400554711 0.16344686379145834 0.11718604195220043
1 0.3427648089862151 0.18990757927801358 0.157233231382639 0.11838452090551307
1 0.9658905716196525 0.3010707193476021 0.05396276101791671 0.10612817363517095
1 0.5926686643252079 0.4476389663638304 0.16032186379145835 0.1170040314288567
1 0.738055205928333 0.3689539822900202 0.150983231382639 0.11802049985882572
1 0.7655879791984376 0.0036022055934315455 0.14433188145888884 0.007204411186863091
1 0.21079137642489582 0.03593052374811049 0.15654224715020837 0.07186104749622098
1 0.9103361283247569 0.04718597013361629 0.15857752583555573 0.09437194026723258
1 0.46174597264583295 0.44122090834426564 0.14149912860909736 0.11278696828879457
1 0.9565123055677425 0.46935798776345355 0.0647184230620141 0.09895271046687384
1 0.4695799224933331 0.272243395190086 0.1586502610179167 0.11222552616718495
1 0.058332644757916385 0.3430072763789464 0.1101763934267362 0.10784186305535756
1 0.8654151800927774 0.4614005455712567 0.14767639342673614 0.11002598933548206
1 0.48624531810427085 0.041984560720987774 0.15875936379145833 0.08396912144197555
1 0.8767358462209371 0.37726076400122566 0.1539627610179167 0.11195251038216938
1 0.765803571903993 0.11533615862661435 0.157233231382639 0.11838452090551303
1 0.6152918127859373 0.28014065322376813 0.16032186379145835 0.1170040314288567
1 0.5892514171749996 0.5274174716255022 0.16486389342673605 0.11102704721387227
1 0.3363134808139581 0.2659618450630291 0.15545252583555563 0.10891851564384121
1 0.9655619568782635 0.38222971408593026 0.050474085106111136 0.0903211631118273
1 0.3472724306614582 0.0968023213855058 0.157233231382639 0.11838452090551306
1 0.8866212989182289 0.2877432376928664 0.155670731382639 0.1182935156438412
1 0.6336106273748263 0.04469306079157494 0.15726959897381948 0.08938612158314987
1 0.6156386113229165 0.19820040848544 0.16028549620027785 0.11544153142885678
1 0.9045387635833679 0.12129919033781977 0.160358231382639 0.11856653142885673
1 0.8962521784772566 0.20916321138450716 0.15730596656499998 0.12150952090551304
1 0.7509383720564928 0.28472319545831726 0.147858231382639 0.11783848933548198
1 0.7613686854111108 0.20531641651912208 0.15410823138263902 0.11820251038216938
1 0.6247609978157984 0.10794713480791666 0.157233231382639 0.11838452090551303
1 0.4606724754956245 0.5208629057134297 0.13506729065319445 0.10461044724210708
1 0.3266793352030204 0.5122831082172088 0.172858231382639 0.1192945735222315
1 0.85660191812493 0.5383725692487801 0.15080139342673604 0.11020799985882554
1 0.9485712125778466 0.542378258810141 0.0692968202884721 0.09453822625188942
1 0.4776846696435415 0.19219187414339864 0.15407186379145835 0.11664001038216938
1 0.18780193921083305 0.34482883966018296 0.16798889342673623 0.11120905773721593
1 0.07270557570371505 0.26181048428557163 0.11653549620027785 0.11289338410204497
1 0.3296257632990275 0.3521723608480447 0.1446241286090973 0.11296897881213823
1 0.09696395934680548 0.0910961658838376 0.1070513934267362 0.10765985253201389
1 0.20541223898208325 0.09102130019764407 0.157233231382639 0.11838452090551307
1 0.086315440445104 0.17987794482303276 0.1148638934267362 0.10811487884037314
1 0.7303121750587842 0.5340252454441998 0.14764002583555574 0.10846348933548207
1 0.7297686208222218 0.45681800333670763 0.15076502583555557 0.10864549985882573
1 0.3362192957840968 0.43760933190884954 0.16962412860909729 0.11442506299888784
1 0.17640853790031213 0.432093621230214 0.15548889342673616 0.11048101564384116
1 0.45894958738722186 0.3602439241292812 0.1634468637914584 0.11718604195220053
1 0.1751895703853815 0.5179856185993781 0.16798889342673623 0.1112090577372161
1 0.052957753182586643 0.42710155531814153 0.10591550636517329 0.10039338410204497
1 0.05008634650527758 0.5045818132106493 0.10017269301055516 0.09708637357870131
0 0.262727897607708 0.41068208183826227 0.03833645459715278 0.03812162628012441
0 0.12621112899034698 0.3094065501270569 0.039753484232430567 0.03196263154179624
0 0.9733023749062845 0.35135144040840693 0.03535692496187508 0.04418961575678067
0 0.39261999183187485 0.15969716353535035 0.03379442496187508 0.04409861049510884
0 0.47878930870187464 0.37937335572754716 0.04178876291777787 0.052366136803468064
0 0.5353374347455209 0.007181502877891016 0.036810322188333446 0.014363005755782032
0 0.23214873841340236 0.4842406791791916 0.04487739532659729 0.0509856473268119