1 0.5921902378185449 0.8785362446562306 0.09427965421934559 0.21201191818411544
1 0.97265625 0.056559607746638964 0.0546875 0.11311921549327793
1 0.5561329975643681 0.07542458267381433 0.09664099512873606 0.15084916534762866
1 0.747326382301953 0.4519329775674718 0.09433420129724616 0.21513691818411546
1 0.635820497564368 0.0742425159016246 0.09351599512873605 0.1484850318032492
1 0.8461571688265469 0.6507221670634882 0.09427965421934559 0.21201191818411544
1 0.9341459127374669 0.8552983553058635 0.09255351298564349 0.20259145407749274
1 0.9198735381461518 0.44065919378566554 0.0989944277582957 0.21371081050398355
1 0.9266122820570718 0.6475995155724202 0.09438874837514674 0.21826191818411544
1 0.9830410553957988 0.6465394692542017 0.03391788920840248 0.224710494985435
1 0.5839162674465751 0.6732038869760987 0.09745920129724617 0.21522784639736087
1 0.6827061436627435 0.8696493264721152 0.09581488068039512 0.21049488229073815
1 0.9872871347375849 0.8527212730942676 0.025425730524830215 0.2011366026655672
1 0.6575371793798537 0.457672163698276 0.09896715421934558 0.21214831050398358
1 0.565505817774182 0.24539713572245744 0.09910352191409721 0.21996081050398358
1 0.7571355791349724 0.6556573711409811 0.09745920129724617 0.21522784639736087
1 0.6474961574657565 0.24066652012476672 0.09589670129724617 0.21518238229073816
1 0.8552669362764173 0.8591567926903089 0.09576033360249454 0.20736988229073816
1 0.9123262706962812 0.23217910405222225 0.09745920129724617 0.21522784639736087
1 0.7279670872559425 0.07018968180956686 0.09653190097293471 0.14037936361913372
1 0.8371292219935276 0.4469750414366677 0.09433420129724616 0.21513691818411548
1 0.7380666103878558 0.23490460194065124 0.09438874837514692 0.21826191818411544
1 0.8294592236183806 0.23146370170322433 0.09745920129724617 0.21522784639736087
1 0.46086140787279356 0.07878709497911743 0.09982054220663664 0.15757418995823486
1 0.9755006063306659 0.22477812952075832 0.04899878733866814 0.2140003155185485
1 0.9035710592527654 0.05786670081204104 0.0962046185055307 0.11573340162408208
1 0.819332426947517 0.06687263361088643 0.09178985389503395 0.13374526722177285
1 0.4818377499967047 0.4674743756933276 0.09745920129724617 0.21522784639736087
1 0.9813091856724523 0.43794571925420167 0.03738162865509551 0.20439799498543504
1 0.6657975129823482 0.662223271378408 0.09589670129724617 0.21518238229073816
1 0.5747383161493289 0.4608630113492781 0.09740465421934559 0.21210284639736088
1 0.39071036931630954 0.26220786566419774 0.09762284253094826 0.2246028463973609
1 0.4733865016215578 0.25198576801319567 0.09751374837514692 0.21835284639736088
1 0.49246910713814956 0.6735197872135256 0.09584215421934558 0.21205738229073817
1 0.764696483354318 0.8649187108744243 0.09740465421934559 0.21210284639736088
1 0.4006695706135558 0.47452600923770705 0.09438874837514692 0.21826191818411544
1 0.9368635840029411 0.9662131232525522 0.08930796185055315 0.016653954077492726
1 0.8610823340029411 0.9684181324237521 0.09399546185055314 0.016790346397360878
1 0.4128634277550006 0.6805259566512822 0.09589670129724617 0.21518238229073816
1 0.5008385348964455 0.8843208948936574 0.10198306006354407 0.20598923871722902
1 0.372539247564368 0.07809559893789683 0.09664099512873606 0.15619119787579366
1 0.7649885840029411 0.971214174981047 0.09868296185055314 0.01692673871722903
0 0.5201889581938097 0.6047099512410059 0.030232970779006864 0.03211381802583091
0 0.4979677159077428 0.18248561025392143 0.031795470779006865 0.03215928213245363
1 0.420492515821722 0.8936935463847255 0.10017509821299111 0.1918812746106063
0 0.6975388421239112 0.37599861487277497 0.025490923701106106 0.028852425705962935
0 0.7890089163909149 0.7352395710618389 0.028888659090609538 0.044568353919208194