1 0.14375 0.08671875 0.0703125 0.16484375
1 0.08203125 0.2671875 0.06953125 0.17421875
1 0.14609375 0.265625 0.07734375 0.175
1 0.1515625 0.78203125 0.071875 0.18046875
1 0.21171875 0.2640625 0.06953125 0.1765625
1 0.4234375 0.0890625 0.071875 0.1765625
1 0.50078125 0.928125 0.06953125 0.13359375
1 0.2171875 0.60078125 0.0703125 0.17109375
1 0.35234375 0.08828125 0.071875 0.17578125
1 0.07890625 0.09140625 0.075 0.16875
1 0.084375 0.6109375 0.071875 0.175
1 0.43046875 0.4296875 0.07109375 0.17578125
1 0.021875 0.4359375 0.04375 0.17578125
1 0.0203125 0.259375 0.040625 0.17578125
1 0.15 0.609375 0.0734375 0.1734375
1 0.5 0.775 0.0703125 0.1796875
1 0.22265625 0.7796875 0.0734375 0.17890625
1 0.021875 0.609375 0.04375 0.171875
1 0.50234375 0.42265625 0.07421875 0.17421875
1 0.42265625 0.6015625 0.0703125 0.17578125
1 0.08203125 0.43515625 0.07109375 0.17265625
1 0.2953125 0.778125 0.0703125 0.17734375
1 0.50390625 0.60078125 0.07578125 0.178125
1 0.01875 0.0015625 0.0375 0.003125
1 0.28828125 0.26484375 0.07109375 0.175
1 0.3546875 0.2578125 0.07109375 0.17265625
1 0.01875 0.0921875 0.0375 0.16796875
1 0.1484375 0.43359375 0.07578125 0.1734375
1 0.42109375 0.2671875 0.0671875 0.16953125
1 0.21484375 0.08671875 0.071875 0.165625
1 0.0765625 0.0015625 0.071875 0.003125
1 0.21953125 0.9359375 0.06953125 0.128125
1 0.28515625 0.08671875 0.06875 0.17109375
1 0.42578125 0.77734375 0.0734375 0.1796875
1 0.08515625 0.78359375 0.071875 0.18046875
1 0.2953125 0.6 0.0703125 0.171875
1 0.21953125 0.4328125 0.07109375 0.17578125
1 0.4859375 0.0875 0.071875 0.175
1 0.0234375 0.78125 0.046875 0.1796875
1 0.3546875 0.43125 0.0703125 0.175
1 0.15078125 0.93671875 0.0734375 0.1265625
1 0.428125 0.93515625 0.0703125 0.1296875
1 0.2984375 0.9359375 0.0734375 0.12734375
1 0.496875 0.25390625 0.07265625 0.16953125
1 0.3640625 0.934375 0.075 0.13125
1 0.35859375 0.60625 0.07109375 0.17421875
1 0.29140625 0.425 0.07265625 0.175
1 0.0859375 0.9390625 0.06953125 0.12109375
1 0.3625 0.77734375 0.071875 0.178125
1 0.028125 0.9390625 0.05625 0.12109375
0 0.03125 0.71484375 0.02734375 0.0390625
0 0.4015625 0.2 0.0328125 0.0359375
0 0.4890625 0.1953125 0.025 0.02578125