1 0.10639129707269797 0.31402034918169336 0.1849349840738101 0.1499156983633867
1 0.09137397084904332 0.21681796696770822 0.16600297355046642 0.1461359339354164
1 0.1200281338196963 0.4142931676933476 0.20037797355046644 0.14733633538669527
1 0.13673676266006946 0.5271478317584982 0.2205084630271227 0.14492066351699648
1 0.8283888524614266 0.20747034817020302 0.2819009893354818 0.1548611479078998
1 0.07599262357870128 0.11336558475372308 0.14579688936371682 0.12048116950744614
1 0.8001889867752332 0.09811270633757105 0.2816279735504665 0.15017364790789978
1 0.8526446707925736 0.3026563625981733 0.2819009893354821 0.1548611479078998
1 0.7856490736634059 0.04926597857008962 0.27129814732681173 0.0531349568009072
1 0.5462596209478654 0.1290080091553107 0.2852079998588257 0.15809527531256146
1 0.2597459972985769 0.08235866533109493 0.2773199051487324 0.12975202050323803
1 0.27789602879802083 0.1664162068009072 0.28042949459715383 0.1563690842055689
1 0.30407066290006585 0.2811607530800429 0.28061150512049754 0.15949408420556885
1 0.5725252603115821 0.24531505543444637 0.2867704998588255 0.1581498390148923
1 0.35698137322576545 0.4935169093406452 0.28686150512049746 0.1597123390148923
1 0.3277727443853923 0.3802257356568477 0.2852079998588257 0.1580952753125615
1 0.5967810786427291 0.3405010698624166 0.28502598933548207 0.15497027531256152
1 0.5143579025884837 0.06318211251335529 0.27559080517696727 0.10006452050323807
1 0.6245182127447741 0.45530017984388316 0.28502598933548207 0.15497027531256147
1 0.8713236577442747 0.4190725362819707 0.25735268451145066 0.15475202050323808
1 0.6489560415992646 0.5536111942718535 0.28520799985882556 0.1580952753125615
1 0.15405233625288814 0.6236508095259795 0.23006547355046642 0.14837304573098145
1 0.8773380748023559 0.5177010092401287 0.2453238503952882 0.15313495680090733
1 0.3915299494494201 0.591401337833766 0.283463489335482 0.15491571161023074
0 0.770331970707869 0.38866329526764537 0.055491136803468066 0.04248016587924912
0 0.7287653679640936 0.5049405704953889 0.047678636803468066 0.04220734736759475
0 0.2933353731551783 0.565362138289253 0.05365562101845249 0.03773810217691818
0 0.49173726287183095 0.31734133365741474 0.05062162628012441 0.039191474772256464
0 0.8845038026167185 0.046480773668098975 0.04713260523343692 0.032832347367594814