1 0.7496556493475449 0.1003332180008631 0.19031701201463563 0.10891243344863373
1 0.7371289246896808 0.16525423605303985 0.19351473734881744 0.115180614166793
1 0.546985730028635 0.2077695098607532 0.19035337468172653 0.11203743344863373
1 0.0896630313494538 0.1182363947120016 0.05094542934436312 0.08154089149054777
1 0.9094664540101813 0.2009639561952023 0.18106709197963725 0.11356357201231529
1 0.9153528273392724 0.13764634475888382 0.16929434532145535 0.11192834913967835
1 0.4020715773392725 0.04286368998973727 0.19476815467854497 0.08572737997947454
1 0.37861699069063526 0.17437172346181212 0.19035337468172653 0.11203743344863377
1 0.1044335086728179 0.04470799112120542 0.05254429201145401 0.08467498184962738
1 0.07958914469286243 0.1925187772255589 0.058776110677908576 0.08314884328594588
1 0.5718846380092268 0.06464622375639972 0.1887545120146356 0.10890334308955411
1 0.7553238466740906 0.050296856564544634 0.17567270934118148 0.058830620216917186
1 0.1173056786680454 0.009888084407151278 0.05023635733609079 0.019776168814302556
1 0.2132272533418178 0.061263711165172 0.19507723734881743 0.1151897045258726
1 0.5617743886855446 0.13580360626995705 0.19031701201463563 0.10891243344863373
1 0.5776255606699544 0.022800653983579635 0.18025112133990878 0.04560130796715927
1 0.19849313868554458 0.13791711475596818 0.19347837468172652 0.11205561416679295
1 0.9175420360041361 0.09075770922026441 0.16491592799172777 0.07127607806243948
1 0.7239754913669529 0.24346104928475643 0.19660337468172653 0.11207379488495217
1 0.3957039460136812 0.09848593433239652 0.1982204186823629 0.11677038524403183
1 0.41188238200190896 0.013144373732958608 0.19251476400381798 0.026288747465917216
1 0.8971590000397708 0.2877690646064587 0.19198860001590817 0.11829652380771334
1 0.2214119233370453 0.026975590457275482 0.1896988466740906 0.053951180914550964
1 0.7162726267106798 0.3200735462596943 0.19349655601527188 0.11361811416679295
1 0.8893561380489977 0.35578781158139655 0.1856658746817267 0.1120101623713949
1 0.534559002705271 0.28128427791293 0.1950408746817267 0.11206470452587265
1 0.1868476613621805 0.2114273376286051 0.19031701201463566 0.10891243344863373
1 0.8752669133911336 0.42071791999265284 0.18875451201463572 0.10890334308955407
1 0.3513197887094071 0.3128211451047851 0.19502269334818118 0.11050220452587264
1 0.7045362427195885 0.3857712691323313 0.19035337468172653 0.11203743344863373
1 0.06469139803468023 0.2551096808163551 0.05556020401018134 0.07531816256778665
1 0.3646186727004984 0.2471143318730685 0.19031701201463563 0.10891243344863373
1 0.9866925726845901 0.30442477860030104 0.026614854630819806 0.09236021682251269
1 0.5244033000477251 0.34853541042648734 0.19033519334818116 0.11047493344863372
1 0.17197718670431644 0.2763619912194013 0.19031701201463572 0.10891243344863373
1 0.9808789246896807 0.3818048900366195 0.038242150620638425 0.09712043969514958
1 0.9789442546944531 0.44509977557523894 0.04211149061109367 0.08308521077238851
0 0.437056199355499 0.16074958499632647 0.04573067067154533 0.0362011204133089
0 0.6093493700270443 0.19568714549756852 0.0442227146721816 0.040879530054229285
0 0.4222129966979531 0.22802798858712264 0.04729317067154533 0.03621021077238851
0 0.25070107602640784 0.1930858829063408 0.04571248933799978 0.034638620413308896
0 0.6306169373806341 0.3447922660090733 0.03475680800445424 0.03301248789975162
0 0.26554427868395375 0.1258074793155446 0.04573067067154524 0.0362011204133089
0 0.09091644867918125 0.09166480435292199 0.03319430800445433 0.03300339754067196
0 0.9352777127227702 0.4078679411680876 0.041024989337999786 0.03461134933607006
0 0.4635630606699544 0.021523458532893343 0.039426126670908876 0.03147725897699045
0 0.513708511338318 0.033732567042345576 0.03786362667090888 0.03146816861791082
0 0.609422095361226 0.20193714549756853 0.061573846674090583 0.05504202400410509
0 0.10644999466899989 0.016569355582585994 0.03003294533736347 0.029860216822512737
0 0.14792897000318167 0.022578461066976124 0.037790901336727155 0.02521816861791083
0 0.45027326734563583 0.0880115217646099 0.03630112667090888 0.03145907825883121