0 0.6375 0.06640625 0.01953125 0.03125
0 0.63984375 0.11484375 0.021875 0.03046875
0 0.63828125 0.2296875 0.01484375 0.025
0 0.5984375 0.26953125 0.01640625 0.02265625
0 0.63671875 0.32578125 0.0203125 0.0265625
0 0.63828125 0.4390625 0.01328125 0.0265625
0 0.6390625 0.56171875 0.02421875 0.03515625
0 0.98203125 0.440625 0.01796875 0.03125
0 0.9171875 0.60703125 0.01953125 0.03515625
0 0.78046875 0.6078125 0.021875 0.03125
0 0.853125 0.8953125 0.01796875 0.03671875
0 0.7140625 0.89765625 0.0203125 0.03125
0 0.64296875 0.9015625 0.02109375 0.034375
0 0.978125 0.11171875 0.02421875 0.034375
0 0.9828125 0.228125 0.0203125 0.03046875
0 0.70546875 0.06875 0.021875 0.0265625
1 0.9921875 0.1578125 0.015625 0.16796875
1 0.89375 0.95703125 0.06875 0.0859375
1 0.9671875 0.95859375 0.065625 0.0828125
1 0.95390625 0.159375 0.071875 0.16484375
1 0.9609375 0.3328125 0.065625 0.16484375
1 0.89453125 0.6703125 0.07109375 0.165625
1 0.96171875 0.5015625 0.06484375 0.1734375
1 0.81796875 0.1609375 0.08125 0.16875
1 0.89140625 0.4984375 0.07109375 0.17734375
1 0.8953125 0.83046875 0.06953125 0.1734375
1 0.96484375 0.66796875 0.06953125 0.17265625
1 0.9921875 0.33203125 0.015625 0.1640625
1 0.99375 0.4984375 0.0125 0.17578125
1 0.9984375 0.6640625 0.003125 0.1640625
1 0.890625 0.334375 0.07265625 0.17578125
1 0.965625 0.8359375 0.06875 0.171875
1 0.8859375 0.16328125 0.07265625 0.165625
1 0.81875 0.33671875 0.0703125 0.16875
1 0.9984375 0.82421875 0.003125 0.171875
1 0.61484375 0.16953125 0.0703125 0.175
1 0.68515625 0.1703125 0.07421875 0.1765625
1 0.75078125 0.16875 0.071875 0.18125
1 0.615625 0.04453125 0.071875 0.0890625
1 0.6828125 0.04140625 0.0734375 0.0828125
1 0.75078125 0.04375 0.07578125 0.08671875
1 0.81796875 0.040625 0.0796875 0.08046875
1 0.88515625 0.040625 0.0765625 0.08125
1 0.9546875 0.0421875 0.0765625 0.084375
1 0.9921875 0.0390625 0.015625 0.078125
1 0.6140625 0.34453125 0.07578125 0.18046875
1 0.68515625 0.33984375 0.0703125 0.17734375
1 0.75390625 0.33671875 0.07421875 0.1765625
1 0.615625 0.50546875 0.07265625 0.17109375
1 0.6859375 0.5015625 0.07578125 0.1765625
1 0.75390625 0.50625 0.0765625 0.1671875
1 0.82265625 0.5015625 0.07890625 0.17109375
1 0.61484375 0.67109375 0.07421875 0.1671875
1 0.6859375 0.66953125 0.07734375 0.1703125
1 0.7546875 0.66875 0.07421875 0.17109375
1 0.82578125 0.66796875 0.07421875 0.1765625
1 0.6171875 0.8484375 0.07578125 0.1765625
1 0.68828125 0.840625 0.0734375 0.17421875
1 0.75703125 0.83984375 0.0765625 0.175
1 0.82421875 0.83828125 0.07890625 0.18046875
1 0.615625 0.9625 0.075 0.07421875
1 0.6890625 0.9625 0.078125 0.07421875
1 0.759375 0.9625 0.075 0.07421875
1 0.8265625 0.9609375 0.078125 0.078125