1 0.9777875506445011 0.12906980863855338 0.042061325350089974 0.12485615626060223
1 0.9106774879058225 0.6616665430294567 0.12487382535009033 0.12774803248413774
1 0.7561001705920034 0.5233729132625424 0.2720760893539079 0.16100202050323809
1 0.733679183243186 0.6381720232440089 0.2752919960216353 0.1689236479078998
1 0.9323263159214127 0.5461134648991557 0.12331132535008997 0.12769346878180662
1 0.8390614053150918 0.10501972814599955 0.2736931333545446 0.16574408420556894
1 0.5903517326543642 0.07639505853411234 0.27056813335454455 0.15279011706822468
1 0.8166404179662743 0.2198188381274661 0.2736567706874535 0.16261908420556895
1 0.7145650092298229 0.7372370058208138 0.273674952020999 0.16418158420556886
1 0.4826439419160039 0.6016442793192767 0.2705681333545444 0.16563495680090715
1 0.9655228132956836 0.2435142545548694 0.06393632535009033 0.12562004809323424
1 0.9427921959341393 0.45203608268517054 0.10452496268299924 0.12391370435383639
1 0.5679307453055467 0.18477174864923762 0.2705317706874535 0.16250995680090718
1 0.464338289902959 0.6983382300449161 0.2705317706874535 0.16250995680090732
1 0.20847009790741336 0.6744741772271764 0.2611204080203627 0.159057574586922
1 0.5066092479312758 0.48835310563547923 0.27049540802036276 0.1593849568009073
1 0.24992344326863933 0.4676413346689051 0.2611385893539081 0.160620074586922
1 0.039759197286774864 0.748472216334736 0.07951839457354973 0.13118056733052796
1 0.19722296789468668 0.7685788412923271 0.26740677068745355 0.16240082939624542
1 0.7751779819382756 0.4274329306857375 0.27207608935390815 0.16100202050323809
1 0.8899917232256869 0.7615673393085924 0.12487382535009033 0.12774803248413757
1 0.7975807879535475 0.31419632070427095 0.27056813335454455 0.16563495680090715
1 0.06128075596754695 0.542294138204435 0.1225615119350939 0.13728672359113006
1 0.6962775385503235 0.8323684565464532 0.2736931333545446 0.16574408420556885
1 0.2992256512969562 0.2574106735989794 0.26740677068745367 0.1624008293962455
1 0.31748584997613744 0.16462297287334 0.2641908640197264 0.1544792019915838
1 0.5457552059595928 0.2784771086307042 0.2689510893539081 0.16089289309857638
1 0.02898478194622975 0.8550768803998865 0.0579695638924595 0.1304712392002269
1 0.4436979785566869 0.7943327763240517 0.27053177068745354 0.16250995680090732
1 0.17479288987909647 0.8841592012737935 0.26740677068745355 0.16240082939624542
1 0.08111999395291127 0.34390127822296834 0.14522268801718102 0.1315823606144388
1 0.3436585459898186 0.0712896682415018 0.26580790802036275 0.1425793364830036
1 0.2752421639481387 0.3722643472827768 0.2705317706874536 0.16250995680090724
1 0.6733662025382332 0.9221948483790852 0.27312951201463564 0.11730658420556886
1 0.10651143996659244 0.2422742908368401 0.15623291335136283 0.1382143065307547
1 0.4113656418682788 0.9555530185195036 0.25225339067472685 0.06815975607526781
1 0.8701417525461874 0.8567533537365627 0.12491018801718105 0.13087303248413767
1 0.8496559825350516 0.9394666500156983 0.1194590720082723 0.06508434137714474
1 0.04818077196054727 0.6435118978230817 0.09636154392109454 0.13172620435383653
1 0.07203698997454663 0.43803322413928436 0.14407397994909327 0.1364335517214313
1 0.9527040926161842 0.3384547323223508 0.08742836935072659 0.131126003628197
1 0.35911137066359106 0.018618536027516668 0.25677725867281787 0.037237072055033335
1 0.1493545626591367 0.05424106669755574 0.16066587468172658 0.10848213339511148
1 0.5258234192791389 0.38069437305867443 0.2689510893539081 0.16089289309857638
1 0.424447444541733 0.9051165089008567 0.26738858935390813 0.16083832939624543
1 0.1272426579805918 0.13846724455770437 0.15623291335136283 0.1382143065307547
1 0.22910131858691277 0.5792608809480407 0.2657897266868172 0.15765876569391465
1 0.6019346699952275 0.026835285394544484 0.2523806600095451 0.05367057078908897
1 0.9854915099856825 0.07101177197806455 0.027089758672817866 0.046240082939624554
1 0.8499176366565914 0.044508814080849 0.2555783853437269 0.0854563834799295
0 0.17322786732177325 0.07907239719010958 0.0520352146721816 0.042425602176918244
0 0.6597973352562307 0.54469733095589 0.047347714672181594 0.042261911069925696
0 0.19208750266550007 0.005729155627630069 0.056449994668999894 0.011458311255260138
0 0.604783665937321 0.44041162423980074 0.052017033338636054 0.04086310217691817