1 0.909375 0.025 0.078125 0.04921875
1 0.77578125 0.62265625 0.06953125 0.1703125
1 0.8484375 0.78984375 0.07109375 0.1703125
1 0.8484375 0.296875 0.06953125 0.16875
1 0.7734375 0.9375 0.071875 0.125
1 0.84921875 0.62578125 0.0703125 0.1671875
1 0.971875 0.290625 0.05625 0.16796875
1 0.70234375 0.29375 0.07265625 0.1671875
1 0.77734375 0.29765625 0.07265625 0.16875
1 0.846875 0.9375 0.075 0.125
1 0.775 0.7953125 0.07109375 0.1734375
1 0.7015625 0.9390625 0.071875 0.12109375
1 0.9109375 0.9375 0.071875 0.125
1 0.6421875 0.12578125 0.065625 0.17734375
1 0.778125 0.459375 0.07265625 0.16484375
1 0.9734375 0.93515625 0.053125 0.1296875
1 0.70234375 0.79375 0.071875 0.171875
1 0.9125 0.7890625 0.071875 0.16796875
1 0.77421875 0.12734375 0.07265625 0.16796875
1 0.9734375 0.0234375 0.053125 0.046875
1 0.84921875 0.46015625 0.0703125 0.1609375
1 0.9671875 0.4609375 0.065625 0.1640625
1 0.8484375 0.1234375 0.06953125 0.16640625
1 0.9734375 0.78515625 0.053125 0.1640625
1 0.91796875 0.459375 0.0796875 0.1640625
1 0.96875 0.62890625 0.0625 0.171875
1 0.971875 0.1265625 0.05625 0.16796875
1 0.70390625 0.46171875 0.0703125 0.1625
1 0.9125 0.6265625 0.071875 0.16953125
1 0.91171875 0.296875 0.071875 0.16953125
1 0.703125 0.6265625 0.07265625 0.16875
1 0.6390625 0.9390625 0.065625 0.12109375
1 0.640625 0.29453125 0.06640625 0.165625
1 0.8453125 0.0234375 0.065625 0.046875
1 0.703125 0.12890625 0.071875 0.1734375
1 0.63984375 0.78984375 0.065625 0.16953125
1 0.91015625 0.13125 0.06875 0.16484375
1 0.640625 0.62890625 0.06640625 0.1734375
1 0.771875 0.02421875 0.07265625 0.0484375
1 0.64140625 0.4625 0.06640625 0.1625
1 0.703125 0.0234375 0.078125 0.046875
1 0.971875 0.0234375 0.05625 0.046875
0 0.734375 0.1890625 0.02578125 0.034375
0 0.66484375 0.1890625 0.02421875 0.034375
0 0.80390625 0.2359375 0.02421875 0.03828125
0 0.7984375 0.99765625 0.028125 0.0046875
0 0.6625 0.67890625 0.025 0.03515625
0 0.73046875 0.84921875 0.028125 0.03671875
0 0.8609375 0.3484375 0.0390625 0.03984375
0 0.6671875 0.02578125 0.0234375 0.02265625
0 0.73515625 0.02578125 0.02109375 0.03203125
0 0.8703125 0.1859375 0.01328125 0.0296875
0 0.9375 0.19140625 0.015625 0.03203125
0 0.80234375 0.84921875 0.01953125 0.02578125
0 0.87265625 0.84609375 0.0203125 0.0296875
0 0.8703125 0.9 0.0265625 0.02578125