1 0.20234375 0.4578125 0.0765625 0.18125
1 0.0125 0.0953125 0.025 0.17578125
1 0.05546875 0.63671875 0.07734375 0.18046875
1 0.19765625 0.63984375 0.0765625 0.18125
1 0.11796875 0.82109375 0.0765625 0.17890625
1 0.12265625 0.6375 0.0765625 0.18359375
1 0.05 0.81875 0.07890625 0.18046875
1 0.00625 0.8140625 0.0125 0.18359375
1 0.1265625 0.45625 0.07734375 0.17734375
1 0.1921875 0.82265625 0.0765625 0.178125
1 0.0640625 0.09765625 0.07578125 0.17734375
1 0.0078125 0.6328125 0.015625 0.1796875
1 0.20390625 0.28359375 0.07734375 0.1796875
1 0.18984375 0.95546875 0.07578125 0.08828125
1 0.11484375 0.95546875 0.075 0.08828125
1 0.2703125 0.459375 0.07265625 0.18203125
1 0.046875 0.953125 0.075 0.09375
1 0.0046875 0.953125 0.009375 0.09375
1 0.2671875 0.8234375 0.07421875 0.17421875
1 0.06015625 0.27109375 0.07734375 0.18203125
1 0.27578125 0.10625 0.075 0.175
1 0.0109375 0.26953125 0.021875 0.1796875
1 0.05390625 0.453125 0.0765625 0.18203125
1 0.2734375 0.28671875 0.075 0.18359375
1 0.13046875 0.1015625 0.0765625 0.178125
1 0.20546875 0.1046875 0.07734375 0.17578125
1 0.009375 0.453125 0.01875 0.1796875
1 0.265625 0.6421875 0.07421875 0.18046875
1 0.12734375 0.27734375 0.07734375 0.18125
1 0.2625 0.9546875 0.075 0.08984375
1 0.98125 0.646875 0.0375 0.19453125
0 0.1421875 0.88046875 0.0359375 0.0484375
0 0.2203125 0.48125 0.025 0.04296875