1 0.07624231493151287 0.5175772378251354 0.13715690097293468 0.1617205243497292
1 0.42774195413332466 0.9107821724865854 0.22786372158978563 0.16798988960884884
1 0.07309181574229176 0.6504851952114615 0.1261103068171333 0.15527960957707698
1 0.22528733562779416 0.7736481854722289 0.23559440097293471 0.16343875730360083
1 0.4795410442352316 0.25186509415909664 0.23737508928453738 0.17596603084255097
1 0.06709478043221863 0.8889437232146389 0.10533415665497754 0.12836255357072232
1 0.43875950040044653 0.7808628474055075 0.2247114480508353 0.16637284253094825
1 0.07777576704283329 0.3815715539777595 0.14025462743398434 0.16021257142762996
1 0.24892406412073398 0.3817101014626973 0.22786372158978568 0.16798988960884892
1 0.4678649788933863 0.38882930600964966 0.2342500892845374 0.17591148376465035
1 0.4584917532431156 0.5234088575517772 0.2248478157455871 0.17418534253094825
1 0.21898456289962268 0.9050481899364557 0.22901711850553053 0.1445796631477993
1 0.27881256696340306 0.12407883360578982 0.23726599512873606 0.16971603084255102
1 0.10220915665497754 0.12481699350717826 0.13564894805083533 0.1648182508107789
1 0.24592356939573973 0.5232118088490235 0.23726599512873606 0.16971603084255094
1 0.2606683133099551 0.24865213961214425 0.23732054220663673 0.17284103084255104
1 0.06977767531936863 0.7740181525977878 0.11517280681713334 0.15508869480442442
1 0.4930387081971051 0.12971735876959326 0.2389375892845374 0.17599330438150135
1 0.2372634098980931 0.653871473621676 0.23877394805083538 0.1666183043815014
1 0.4458026128201924 0.6471054561718055 0.22794554220663668 0.172677389608849
1 0.08572286038785576 0.2548317759745823 0.12939894805083535 0.16470915665497757
0 0.18176779179959962 0.3399004768680868 0.05259889448011288 0.06027502678536125
0 0.5008579001555652 0.98062133969487 0.045694329545304765 0.022665932629559647