0 0.540625 0.4359375 0.053125 0.05546875
0 0.52265625 0.9609375 0.05546875 0.05703125
0 0.61875 0.22421875 0.05546875 0.0609375
1 0.92265625 0.690625 0.07265625 0.1734375
1 0.92265625 0.690625 0.07265625 0.1734375
1 0.91796875 0.8671875 0.0703125 0.17890625
1 0.98125 0.5296875 0.0375 0.16796875
1 0.8484375 0.9703125 0.071875 0.05859375
1 0.76875 0.9703125 0.06875 0.05859375
1 0.9296875 0.52734375 0.06875 0.171875
1 0.85078125 0.8640625 0.07265625 0.1734375
1 0.86640625 0.52265625 0.0734375 0.17734375
1 0.8703125 0.3484375 0.06875 0.17421875
1 0.87421875 0.18671875 0.071875 0.16796875
1 0.9765625 0.9765625 0.046875 0.046875
1 0.725 0.51796875 0.0703125 0.18046875
1 0.8078125 0.0453125 0.06953125 0.090625
1 0.9484375 0.19140625 0.06484375 0.175
1 0.6328125 0.96640625 0.071875 0.0671875
1 0.74453125 0.04296875 0.06875 0.08515625
1 0.50625 0.6734375 0.078125 0.175
1 0.859375 0.6875 0.06640625 0.1765625
1 0.8796875 0.04921875 0.06796875 0.0984375
1 0.9875 0.196875 0.025 0.17578125
1 0.696875 0.96875 0.06875 0.0625
1 0.978125 0.8671875 0.04375 0.1796875
1 0.9359375 0.353125 0.071875 0.17421875
1 0.7921875 0.5234375 0.06953125 0.1859375
1 0.9828125 0.69375 0.034375 0.17578125
1 0.9515625 0.0515625 0.07578125 0.103125
1 0.9171875 0.97421875 0.065625 0.0515625
1 0.64609375 0.6796875 0.075 0.18359375
1 0.7390625 0.17890625 0.0703125 0.16953125
1 0.9875 0.359375 0.025 0.171875
1 0.9921875 0.053125 0.015625 0.10546875
1 0.6421875 0.8546875 0.071875 0.1796875
1 0.70625 0.85703125 0.0703125 0.1828125
1 0.80625 0.17578125 0.07421875 0.1765625
1 0.728125 0.34296875 0.07265625 0.1765625
1 0.79921875 0.3453125 0.08046875 0.18046875
1 0.5359375 0.04296875 0.07734375 0.0859375
1 0.6 0.040625 0.078125 0.08125
1 0.6703125 0.040625 0.084375 0.08125
1 0.5265625 0.17109375 0.07421875 0.1671875
1 0.6 0.17265625 0.07734375 0.1671875
1 0.6640625 0.171875 0.08515625 0.17265625
1 0.51875 0.346875 0.07265625 0.17265625
1 0.58828125 0.3484375 0.07578125 0.184375
1 0.66015625 0.3453125 0.08203125 0.17265625
1 0.5109375 0.515625 0.07265625 0.15625
1 0.5828125 0.509375 0.07578125 0.16328125
1 0.65390625 0.50859375 0.08515625 0.1765625
1 0.575 0.67890625 0.0703125 0.18203125
1 0.4953125 0.8546875 0.07421875 0.17265625
1 0.56875 0.85390625 0.08359375 0.17890625
1 0.4875 0.96875 0.075 0.0625
1 0.559375 0.96875 0.08125 0.0625
1 0.7171875 0.6875 0.07109375 0.18828125
1 0.7859375 0.68359375 0.08046875 0.18046875
1 0.78359375 0.8578125 0.07578125 0.1859375
0 0.628125 0.06328125 0.0296875 0.0296875
0 0.76640625 0.06484375 0.0296875 0.0296875
0 0.75234375 0.403125 0.02265625 0.03515625
0 0.9609375 0.41484375 0.01796875 0.03359375
0 0.80625 0.975 0.0234375 0.03359375
0 0.5921875 0.9078125 0.0234375 0.03359375
0 0.66640625 0.790625 0.0296875 0.0375