1 0.32109375 0.13027106771794744 0.246875 0.13037188539871386
1 0.55625 0.16797795064520335 0.240625 0.13011721741393628
1 0.09609375 0.37969677026595505 0.1796875 0.11825920456235509
1 0.78203125 0.19514658159529294 0.234375 0.13142504942915875
1 0.57109375 0.07795778710905009 0.2359375 0.11898871642535311
1 0.528125 0.3574569447137043 0.2359375 0.13930121642535304
1 0.940625 0.2312962817090237 0.11875 0.11890119171077378
1 0.13984375 0.03226069615939804 0.1890625 0.06082870653952137
1 0.790625 0.1095592500743621 0.2328125 0.13136138243296433
1 0.10546875 0.29101627224312143 0.1796875 0.12763420456235508
1 0.29453125 0.32371997878264275 0.2453125 0.1381207184025195
1 0.5453125 0.2565947816718427 0.2328125 0.12667388243296432
1 0.7296875 0.4836387372227808 0.23125 0.12348521543677009
1 0.33515625 0.05662532068369698 0.2421875 0.09580588441013067
1 0.12890625 0.0966587771860373 0.1859375 0.1185138725471326
1 0.76484375 0.2897587446371547 0.2328125 0.1266738824329643
1 0.28203125 0.40836689281308763 0.234375 0.1220500494291588
1 0.94765625 0.13627028319189843 0.1046875 0.11207818874502422
1 0.92265625 0.5157203612527882 0.1546875 0.11255303262324468
1 0.9328125 0.3200404467280517 0.134375 0.11953786167271767
1 0.5140625 0.4490714417479548 0.228125 0.12492038144438115
1 0.7453125 0.38583790718472477 0.2359375 0.13617621642535305
1 0.11875 0.19077619171077376 0.1859375 0.12632637254713258
1 0.928125 0.4182869457394685 0.14375 0.11991986364988402
1 0.3171875 0.23089315022746146 0.2453125 0.1396832184025195
0 0.21953125 0.35191396296531197 0.053125 0.03497717787060939
0 0.17265625 0.16641020307948023 0.040625 0.03446784190105419
0 0.52890625 0.4113950282118015 0.046875 0.0409725098858317
0 0.82734375 0.4540241744849303 0.0265625 0.026082338935304605
0 0.90625 0.47130185779274714 0.053125 0.04122717787060921