1 0.6294551266396802 0.06774409542724517 0.10671474672063966 0.12870678298109556
1 0.6909958192011922 0.7425264476901815 0.11632212008095948 0.19280564441741407
1 0.9412768594539683 0.5298547726293631 0.07240834577069996 0.1894261143631848
1 0.6775928177308542 0.565832137483527 0.11475962008095948 0.19279655405833437
1 0.7717025073516902 0.88757130297818 0.10457239258219672 0.14743860226293606
1 0.788242549186346 0.19917642348968467 0.11459584577069996 0.18967155405833439
1 0.7507813342391976 0.5560985891807293 0.1145139586155702 0.1881090540583344
1 0.9479352159672605 0.7010394262201591 0.0412402329258299 0.1908068071815924
1 0.8488791610151634 0.8762979805730812 0.10276423111680728 0.14274201190385655
1 0.7643481100197951 0.7296678993873836 0.11944712008095948 0.1928238251355733
1 0.6435099033247889 0.21709011045435983 0.11475962008095948 0.19279655405833437
1 0.9124170335825136 0.18583206185697448 0.09724457146044045 0.18644656010845856
1 0.8004105992772029 0.3696116433372595 0.11788462008095948 0.1928147347764936
1 0.9127822879935279 0.7156831883204076 0.11007212008095948 0.19276928298109547
1 0.8638157592722541 0.1886752607255063 0.11286957146044045 0.18653746369925478
1 0.8264353522178791 0.7229957185710287 0.12109150723608915 0.19439541549465283
1 0.8482427481909778 0.05338720051885185 0.10351450361804453 0.09744769262201591
1 0.7023570381050694 0.0634792971244474 0.10778592378986111 0.11934087334017515
1 0.9143780082562014 0.8641752304748852 0.08870173111680728 0.14266019867214014
1 0.8209267379026708 0.5447843601597723 0.11451395861557004 0.1881090540583344
1 0.703119603688217 0.8988946223582165 0.10769739258219672 0.14745678298109546
1 0.7187146212126133 0.21362019769018148 0.11475962008095948 0.19279655405833437
1 0.8970764801007546 0.5381939925751337 0.11443207146044046 0.18654655405833437
1 0.7283342034156459 0.38794803199913697 0.11763895861557021 0.1881272347764936
1 0.8976252725012372 0.050548546829859806 0.0734994549975255 0.09102497579950317
1 0.881988147897722 0.36383434200939957 0.11788462008095948 0.1928147347764936
1 0.7697492559928938 0.05996393256487096 0.10737648801421251 0.11152837334017515
1 0.9353997529406761 0.3586746642181066 0.09420145861557003 0.18799087939029935
1 0.661146703415646 0.3875571465587133 0.11138895861557022 0.18809087334017516
0 0.7527820047496985 0.3091599566671719 0.03658595318850324 0.04238748789975162
0 0.8533939998884584 0.6559445739572228 0.03674972749876275 0.04551248789975162