1 0.5968395375772915 0.935579800734644 0.1442681504675381 0.09157166558343129
1 0.9711497120489347 0.7790614249255127 0.04738406010845857 0.08831820616851012
1 0.584066826804903 0.9826729890462467 0.1438318132317166 0.016571665583431282
1 0.8789849379466338 0.7767643137235828 0.14738406010845856 0.09006371266133187
1 0.3153400735834491 0.8490964245151803 0.14738406010845856 0.09006371266133187
1 0.32491558236404783 0.6801964200509534 0.14736587939029935 0.08693871266133187
1 0.9755241155415352 0.6985244910781369 0.04110678903121965 0.08352161201270877
1 0.7366741972182119 0.9347013189985885 0.14737496974937905 0.08850121266133186
1 0.8788389713205127 0.9361256769541075 0.14111587939029918 0.0868296185055307
1 0.0687110341594459 0.6768567804388091 0.13640110831306052 0.08206029788867966
1 0.45780430865453037 0.9333196457012243 0.1489647408266178 0.09321598620028233
1 0.20306330826174687 0.6784175060890799 0.12703519867214014 0.08345915665497756
1 0.33065197707604943 0.7683685758951521 0.14892837939029935 0.08696598620028233
1 0.45204921234352236 0.9826338530875504 0.14385908430895533 0.021259165583431282
1 0.1895497332243695 0.8528544444006826 0.12549087939029935 0.08655688311602745
1 0.06587342223214812 0.7628761010556602 0.13174684446429624 0.08987279788867966
1 0.9730025826586353 0.8633955146170871 0.04427724082661797 0.09138865909060953
1 0.964749200243274 0.9393131323118389 0.05988406010845857 0.08853639448011279
1 0.602771895890352 0.8557968433483178 0.14267837939029934 0.08685689204448081
1 0.316429874911309 0.93031915097623 0.14425906010845857 0.09000916558343128
1 0.4673525463578902 0.7691071412369974 0.15205337939029934 0.0870205332781829
1 0.6032855011783503 0.7675155933483178 0.13955337939029935 0.08680234496658024
1 0.1669202334207612 0.9829237739459874 0.13141362646343308 0.03041597727182861
1 0.8904178625164729 0.6914171489509304 0.15988406010845893 0.09028190097293472
1 0.7238969412662835 0.9825757573101912 0.14380454215447785 0.011884165583431283
1 0.05993879132931771 0.9231278084419863 0.11987758265863542 0.08968188311602746
1 0.18364919116808767 0.9271686517870089 0.12705337939029934 0.08658415665497757
1 0.05578028386485832 0.9817897422893622 0.11156056772971663 0.03329551542127547
1 0.3137952334207612 0.9803600612846555 0.1407886264634331 0.030579618505530703
1 0.4787945612868089 0.682197476464345 0.16299087939029935 0.08721144805083547
1 0.7427934287732517 0.6885257483817375 0.16613406010845858 0.09039099512873605
1 0.8824048537358742 0.860289879876207 0.15052724082661798 0.0932432597392328
1 0.744936669992653 0.8572212013038367 0.14424087939029934 0.08688416558343093
1 0.45982132660851127 0.8551673721622738 0.14582156010845856 0.09003643912238175
1 0.06016605030630815 0.8450028084419863 0.1203321006126163 0.08968188311602746
1 0.19785765779420866 0.767561826705931 0.12238406010845856 0.08962733603812652
1 0.7454320945624922 0.7720649513038368 0.15050906010845858 0.09011825973923263
1 0.0899264622453265 0.9241175641240293 0.06922269867214012 0.08245003571381489
1 0.6139417209277294 0.6814008153451405 0.12552724082661798 0.0928068831160271
0 0.6551479830279778 0.7150530665629565 0.03144998789975162 0.03492047077900686