1 0.046404953219563 0.2507520750951402 0.08389894154108049 0.20162084980971962
1 0.21873121192854464 0.6356006244871178 0.1012682979675712 0.20857118676785796
1 0.10718802586424747 0.08167181125497577 0.09458037727617326 0.13963018577927472
1 0.0890115858395056 0.9623607371484187 0.08017088479802066 0.07349584980971961
1 0.08066422525637976 0.8367704881370018 0.09322847743445781 0.20044035178688588
1 0.29904083755536526 0.6268530241831067 0.10117736975432585 0.20544618676785795
1 0.36357939601428474 0.4255505093543591 0.10126829796757128 0.20857118676785796
1 0.3808902311288745 0.6172605068829011 0.10117736975432585 0.20544618676785795
1 0.45501805291562913 0.6111113245636675 0.09952394154108042 0.2022575197716634
1 0.465502226510021 0.8101390735750844 0.09947847743445788 0.2006950197716634
1 0.06638746192854462 0.641808156616071 0.09626254922121247 0.19744268577927465
1 0.038460757917558805 0.08525440908752899 0.07564852084968253 0.132616181824942
1 0.4319560083132702 0.22174507703512553 0.09952394154108046 0.20225751977166348
1 0.1470932073096911 0.8348458907987404 0.09796144154108051 0.2021938527754691
1 0.3929178358395056 0.9499775063886094 0.08798338479802066 0.07381418479069168
1 0.22970111882988903 0.8244402900004374 0.09787051332783517 0.1990688527754691
1 0.5275736998543508 0.416521724753948 0.10117736975432585 0.20544618676785795
1 0.1366317657686106 0.6365993917873235 0.0995239415410805 0.2022575197716634
1 0.18524482970431344 0.0761447114452562 0.0915463054894186 0.14262785178688592
1 0.2895197703874641 0.43404344167359266 0.10117736975432585 0.20544618676785795
1 0.4440254139609734 0.4214904090503479 0.09956940564770314 0.20382001977166345
1 0.15691213967957157 0.9572474728139628 0.09124477711788867 0.07862901878308008
1 0.4733183896795715 0.9443549060845985 0.08968227711788863 0.07856535178688588
1 0.5148821685798269 0.22227697623682277 0.09938754922121262 0.1975700197716635
1 0.23820760378619427 0.9554992890118544 0.09115384890464329 0.07550401878308008
1 0.3193666755729489 0.9490636052097461 0.09133570533113407 0.08175401878308008
1 0.3117096367765777 0.8203165227002319 0.09796144154108051 0.2021938527754692
1 0.2766463826864496 0.23354869315646748 0.09956940564770314 0.20382001977166347
1 0.3920874585633324 0.8139126723962209 0.10273986975432585 0.20550985376405215
1 0.34994749036658157 0.22586884433533108 0.0995239415410805 0.20225751977166348
1 0.2663584373844454 0.0697620602663926 0.0946713054894186 0.1395241205327852
1 0.12478968065402082 0.444666559772101 0.10117736975432585 0.20544618676785795
1 0.20757944860070948 0.4405109589737982 0.09956940564770322 0.20382001977166359
1 0.056176072973888866 0.4521554076046542 0.09180236975432585 0.2050641847906915
1 0.5466158341901529 0.802140889772976 0.09952394154108042 0.20225751977166348
1 0.112029953219563 0.24807806125497578 0.09805236975432587 0.2053188527754691
1 0.4239890809579546 0.06421904370762442 0.09632473370266403 0.12843808741524884
1 0.1947287929530063 0.24079746045667302 0.0995239415410805 0.20225751977166348
1 0.5361543926490724 0.6038943907615593 0.10117736975432585 0.20544618676785795
1 0.5045714912245114 0.06726711855561884 0.0966429824490227 0.1345342371112377
1 0.3467135271178887 0.06616951011438701 0.0946713054894186 0.13233902022877403
1 0.5521791755729489 0.9395772227767818 0.08508570533113406 0.08149935079830258
0 0.18704329123714664 0.5680602974148113 0.03229567445232169 0.03721083992388792
0 0.26746657713052396 0.5632189471108001 0.030642246239076344 0.03402217292769336
0 0.4123147612162641 0.3531688319780414 0.0307331744523216 0.03714717292769336
0 0.44896324735970355 0.9406542445256114 0.03215928213245363 0.032523339923887916
0 0.35745639429842513 0.752749679316303 0.03068771034569897 0.035584672927693364
0 0.43688783003351783 0.6869389955141946 0.03399456677218975 0.04196200692008212
0 0.3184808785298145 0.11217110026683011 0.025772889812585565 0.02758117193911027
0 0.1598416644231918 0.11707080038056086 0.026227530878812376 0.04320617193911027
0 0.5020103763517364 0.7476417321683219 0.024210389812585477 0.027517504942915848
0 0.3607047294130149 0.9450326798105946 0.02581835391920828 0.029143671939110403
0 0.2842786217328829 0.9528398626241199 0.03592077962517113 0.054525673916276676
0 0.4307802340318684 0.7458510804951667 0.04024456677218975 0.04221667490485963
0 0.5193894076262602 0.941695479696864 0.027880959092057723 0.046394838935304605
0 0.09395120612255688 0.3794381492016973 0.04984688730530311 0.05041117688202608
0 0.25157583801758365 0.3127878655898693 0.030642246239076344 0.03402217292769345