1 0.8828125 0.89453125 0.12109375 0.07578125
1 0.29140625 0.8796875 0.11328125 0.07421875
1 0.30859375 0.6734375 0.1171875 0.075
1 0.5359375 0.7484375 0.11796875 0.071875
1 0.8796875 0.96484375 0.121875 0.0703125
1 0.4359375 0.4703125 0.11640625 0.07265625
1 0.30234375 0.7453125 0.11796875 0.071875
1 0.059375 0.94296875 0.1140625 0.07421875
1 0.165625 0.98828125 0.11875 0.0234375
1 0.971875 0.6109375 0.05625 0.07421875
1 0.89140625 0.75234375 0.1171875 0.06875
1 0.96875 0.96640625 0.0625 0.0671875
1 0.76640625 0.8921875 0.115625 0.07578125
1 0.8734375 0.99765625 0.121875 0.0046875
1 0.2078125 0.4671875 0.11484375 0.06796875
1 0.28984375 0.9484375 0.121875 0.0734375
1 0.53125 0.8140625 0.11875 0.075
1 0.515625 0.99375 0.11875 0.01171875
1 0.3140625 0.6 0.11640625 0.06796875
1 0.653125 0.678125 0.121875 0.0703125
1 0.40390625 0.95703125 0.12265625 0.075
1 0.9734375 0.5453125 0.053125 0.07421875
1 0.6515625 0.75078125 0.11875 0.0734375
1 0.63984375 0.96171875 0.11953125 0.07578125
1 0.77421875 0.546875 0.1203125 0.0703125
1 0.9703125 0.89453125 0.059375 0.078125
1 0.66171875 0.54375 0.1140625 0.0703125
1 0.9703125 0.75625 0.059375 0.07421875
1 0.528125 0.95859375 0.12421875 0.07421875
1 0.05625 0.98828125 0.10625 0.0234375
1 0.08125 0.66796875 0.1171875 0.07109375
1 0.4375 0.40625 0.11484375 0.06484375
1 0.32421875 0.40546875 0.115625 0.0671875
1 0.7671875 0.81796875 0.1171875 0.0765625
1 0.06328125 0.87578125 0.11953125 0.07265625
1 0.96875 0.8203125 0.0625 0.0703125
1 0.19609375 0.67109375 0.1109375 0.0734375
1 0.415625 0.81015625 0.1203125 0.07421875
1 0.88984375 0.68203125 0.1140625 0.06875
1 0.09609375 0.534375 0.1171875 0.07109375
1 0.759375 0.9625 0.125 0.07421875
1 0.41953125 0.74609375 0.11796875 0.0734375
1 0.5453125 0.54140625 0.1203125 0.06953125
1 0.2796875 0.98984375 0.121875 0.0203125
1 0.64921875 0.81640625 0.1203125 0.075
1 0.7703125 0.753125 0.11953125 0.07265625
1 0.17265625 0.9453125 0.11875 0.0734375
1 0.178125 0.87890625 0.11640625 0.07421875
1 0.31953125 0.4703125 0.11796875 0.07109375
1 0.40703125 0.88203125 0.121875 0.071875
1 0.4 0.9921875 0.125 0.015625
1 0.634375 0.99375 0.11875 0.01171875
1 0.5265625 0.8859375 0.121875 0.071875
1 0.546875 0.6015625 0.1125 0.0671875
1 0.975 0.415625 0.05 0.06640625
1 0.64375 0.8875 0.11875 0.0734375
1 0.8921875 0.6109375 0.11484375 0.07421875
1 0.88515625 0.82109375 0.1203125 0.07421875
1 0.209375 0.53359375 0.1125 0.06875
1 0.9734375 0.475 0.053125 0.06640625
1 0.53984375 0.67421875 0.11484375 0.07109375
1 0.4234375 0.67421875 0.1171875 0.07265625
1 0.65546875 0.60625 0.11875 0.071875
1 0.32734375 0.3375 0.115625 0.0671875
1 0.7765625 0.47421875 0.11875 0.06640625
1 0.75625 0.99609375 0.125 0.0078125
1 0.671875 0.47265625 0.115625 0.065625
1 0.89609375 0.475 0.11015625 0.06640625
1 0.77421875 0.67890625 0.115625 0.06953125
1 0.18359375 0.80546875 0.11484375 0.0703125
1 0.07109375 0.73671875 0.11640625 0.0734375
1 0.20078125 0.59921875 0.1125 0.071875
1 0.29609375 0.80703125 0.11640625 0.07109375
1 0.434375 0.5390625 0.1171875 0.0671875
1 0.67265625 0.41015625 0.11484375 0.06953125
1 0.77734375 0.60859375 0.11875 0.071875
1 0.19140625 0.740625 0.11171875 0.07265625
1 0.78046875 0.41171875 0.1109375 0.06875
1 0.55078125 0.41015625 0.11796875 0.06796875
1 0.32265625 0.5359375 0.115625 0.07109375
1 0.9734375 0.6796875 0.053125 0.0703125
1 0.8953125 0.54765625 0.1125 0.0734375
1 0.89375 0.415625 0.11640625 0.0703125
1 0.7859375 0.34453125 0.11875 0.071875
1 0.4421875 0.3390625 0.10703125 0.06875
1 0.42421875 0.5984375 0.11640625 0.0671875
1 0.0875 0.5984375 0.11953125 0.06953125
1 0.21796875 0.33671875 0.12109375 0.0703125
1 0.0640625 0.803125 0.12109375 0.07421875
1 0.5515625 0.4734375 0.11796875 0.07109375
1 0.9765625 0.35 0.046875 0.06640625
1 0.66953125 0.34140625 0.11953125 0.06796875
1 0.2140625 0.40625 0.12109375 0.06328125
1 0.10234375 0.4046875 0.11015625 0.0625
1 0.55078125 0.340625 0.12578125 0.06953125
1 0.11484375 0.3375 0.10390625 0.06953125
1 0.0984375 0.46484375 0.1140625 0.07109375
1 0.025 0.40625 0.04921875 0.0640625
1 0.8984375 0.34765625 0.11328125 0.06953125
1 0.0296875 0.33828125 0.059375 0.06875
1 0.02265625 0.4640625 0.0453125 0.071875
1 0.0140625 0.5921875 0.028125 0.06640625
1 0.01875 0.53515625 0.0375 0.0703125
1 0.01328125 0.6640625 0.0265625 0.0765625
0 0.48125 0.3578125 0.0296875 0.02578125
0 0.14296875 0.421875 0.02734375 0.02265625
0 0.03515625 0.42265625 0.025 0.02109375
0 0.1765625 0.721875 0.02265625 0.021875
0 0.59140625 0.49375 0.02265625 0.028125
0 0.58359375 0.62734375 0.021875 0.021875
0 0.7234375 0.9140625 0.025 0.02578125
0 0.959375 0.9859375 0.025 0.02734375
0 0.853125 0.5671875 0.0234375 0.03125
0 0.9375 0.496875 0.028125 0.03203125