1 0.8780134165122213 0.19607436587875074 0.13500002649368775 0.1998571424768057
1 0.847041246541439 0.5833191395301048 0.14335816351699648 0.2156639804327085
1 0.9253125794810636 0.6116818352935424 0.1466468546239888 0.22042421561506947
1 0.6396975164117048 0.7260293971295491 0.14513891832631992 0.2219503480238892
1 0.7445164141499685 0.35221265026368115 0.14028772721932725 0.21715374525034736
1 0.9673512242241025 0.6277802671892717 0.06529755155179515 0.2097399823325695
1 0.8014409928284237 0.1716542877064937 0.13801589908902595 0.1968048776591668
1 0.5835541877332495 0.8993869766329864 0.14335816351699648 0.20122604673402728
1 0.943125006623422 0.2211302236862855 0.11374998675315595 0.2042900693385418
1 0.9962177794889128 0.4441508028084731 0.007564441022174506 0.20199891109416673
1 0.7999554593327959 0.7773769576343756 0.14492066351699648 0.21570034802388918
1 0.5493825735754317 0.9945176386770835 0.09295139183263199 0.010964722645832837
1 0.7209301582443368 0.7497773280753478 0.14346729092165802 0.2187889804327085
1 0.8214733391845284 0.9365077297671183 0.1425198606144388 0.12698454046576338
1 0.8718949467189241 0.8032504330330908 0.1401785998146657 0.21402874525034726
1 0.6914980854715133 0.53286193179882 0.13716272721932726 0.21708101006798622
1 0.7720313228576415 0.5589354289490285 0.14341272721932724 0.2172264804327085
1 0.9528670835725969 0.42752569405100777 0.09426583285480632 0.21649912860909737
1 0.979389888837407 0.24071667828343832 0.04122022232518603 0.20261716014423614
1 0.8821479443566715 0.9521515667730907 0.12429565027015244 0.09569686645381878
1 0.8211706833872622 0.3789764784359382 0.14168653611233487 0.21250261284152785
1 0.6620884155007309 0.9119967326169099 0.14566470798203354 0.17600653476618006
1 0.898469793368729 0.4018522404037855 0.1417410998146657 0.21406511284152785
1 0.9373934611468945 0.8235096880670841 0.1086012176006804 0.20392639342673613
1 0.7368528025240396 0.9284763710096531 0.1461359339354164 0.14304725798069384
0 0.8419396066077235 0.9290128460271188 0.05665179328391083 0.05752286569131968
0 0.8042163402808367 0.5417303983638201 0.03880952885594056 0.03837282218833345