1 0.25 0.59453125 0.07109375 0.1671875
1 0.0453125 0.58984375 0.07109375 0.16328125
1 0.125 0.75546875 0.07578125 0.171875
1 0.00625 0.5921875 0.0125 0.16796875
1 0.0046875 0.75390625 0.009375 0.171875
1 0.2515625 0.76484375 0.06953125 0.165625
1 0.1171875 0.58984375 0.06875 0.1609375
1 0.18125 0.75546875 0.07109375 0.17265625
1 0.24765625 0.27109375 0.06875 0.16015625
1 0.3265625 0.91953125 0.071875 0.1609375
1 0.04375 0.26875 0.06953125 0.1625
1 0.45703125 0.76328125 0.06875 0.165625
1 0.38828125 0.75625 0.06953125 0.16875
1 0.32265625 0.59296875 0.06796875 0.16953125
1 0.3234375 0.76328125 0.06953125 0.16328125
1 0.178125 0.6015625 0.07265625 0.16640625
1 0.0484375 0.91953125 0.071875 0.1609375
1 0.00625 0.2671875 0.0125 0.16015625
1 0.05546875 0.75859375 0.0765625 0.17265625
1 0.3828125 0.11171875 0.06796875 0.1625
1 0.38515625 0.27265625 0.06796875 0.16171875
1 0.2453125 0.10859375 0.06796875 0.165625
1 0.17578125 0.1046875 0.0703125 0.17109375
1 0.3828125 0.60546875 0.07265625 0.171875
1 0.18359375 0.2671875 0.06875 0.1609375
1 0.24765625 0.43125 0.06953125 0.16484375
1 0.009375 0.91953125 0.01875 0.1609375
1 0.44765625 0.1125 0.0671875 0.16171875
1 0.04375 0.10390625 0.06953125 0.1609375
1 0.1203125 0.265625 0.0796875 0.1640625
1 0.44921875 0.2734375 0.06796875 0.16484375
1 0.0453125 0.4296875 0.0703125 0.16640625
1 0.17890625 0.4328125 0.0703125 0.16640625
1 0.3171875 0.109375 0.07421875 0.16015625
1 0.3890625 0.91953125 0.071875 0.1609375
1 0.38125 0.434375 0.071875 0.16484375
1 0.11875 0.91953125 0.06875 0.1609375
1 0.31875 0.26875 0.06875 0.1609375
1 0.32109375 0.43125 0.06796875 0.16328125
1 0.45390625 0.43515625 0.06953125 0.1671875
1 0.00625 0.42578125 0.0125 0.1640625
1 0.00625 0.1015625 0.0125 0.1640625
1 0.2515625 0.91953125 0.071875 0.1609375
1 0.45546875 0.5953125 0.071875 0.16640625
1 0.11640625 0.43125 0.07109375 0.1671875
1 0.1828125 0.91953125 0.071875 0.1609375
1 0.1125 0.09921875 0.06875 0.16875
1 0.4578125 0.91953125 0.071875 0.1609375
1 0.44140625 0.01796875 0.07109375 0.03515625
1 0.3796875 0.015625 0.071875 0.03125
1 0.30859375 0.0140625 0.0828125 0.028125
0 0.3859375 0.52578125 0.0171875 0.01953125
0 0.44921875 0.05859375 0.02265625 0.03359375
0 0.446875 0.128125 0.02734375 0.03203125
0 0.41484375 0.55 0.01640625 0.02109375
0 0.0765625 0.90859375 0.01953125 0.0234375