1 0.246875 0.9249031353987138 0.2390625 0.1284910504177418
1 0.0765625 0.7953071828135252 0.153125 0.1187393656270503
1 0.49296875 0.7794619372993304 0.234375 0.12830004942915885
1 0.70859375 0.8163729827741566 0.2375 0.12998988342154752
1 0.0734375 0.8959610988211363 0.146875 0.12317219764227261
1 0.8859375 0.93531793684222 0.1578125 0.12049286661563344
1 0.88984375 0.8479771043327059 0.16875 0.11625103558899426
1 0.70859375 0.9069979827741566 0.23125 0.12817271543677008
1 0.0859375 0.7058454347906915 0.171875 0.124190869581383
1 0.26953125 0.7445763068435325 0.2421875 0.12705588441013074
1 0.87109375 0.994232750037181 0.1609375 0.011534499925637931
1 0.26171875 0.8278517218625605 0.24375 0.13336955140632512
1 0.4734375 0.9494773710642578 0.23125 0.1010452578714844
1 0.6890625 0.974182893801671 0.23125 0.05163421239665809
1 0.484375 0.8673930188202614 0.234375 0.12830004942915849