1 0.12438496342432914 0.31796875 0.17470242195451688 0.3046875
1 0.26459326805616734 0.1046875 0.14793653611233468 0.209375
1 0.0968974028020412 0.6046875 0.16182047603820088 0.29375
1 0.08267124481215844 0.84609375 0.11317959019601868 0.1984375
1 0.14635169954451305 0.096875 0.16145339908902612 0.19375
1 0.23977435044763773 0.33359375 0.162147858252186 0.303125
1 0.18528781332381272 0.85390625 0.14664685462398896 0.2171875
1 0.035878057248544926 0.60234375 0.040109167145193456 0.2984375
1 0.045878017508013166 0.30703125 0.07577384863353917 0.290625
1 0.2115328216765152 0.62109375 0.16014884863353923 0.290625
1 0.07732888103285879 0.0890625 0.07340776206571757 0.178125