1 0.297478984516771 0.24095260152879536 0.10970492116215294 0.1533861732831983
1 0.22144316137850711 0.22648553308416125 0.11126742116215291 0.15345894789030412
1 0.6149217108654169 0.30022070946773144 0.10494468597979179 0.15004284946188076
1 0.15952177678548618 0.0807877353176916 0.10650718597979178 0.1501156240689866
1 0.38134549145062524 0.2565647930089587 0.10970492116215294 0.1533861732831983
1 0.41455346248093755 0.040379020883052216 0.08848192496187504 0.04626287799792802
1 0.13755847064906268 0.21009209160399783 0.1065799211621529 0.1532406240689866
1 0.6886319677992712 0.31535986600170673 0.09546058320625014 0.14491870181924557
1 0.0700982137152085 0.195244033498446 0.07522081838861124 0.14709763192686945
1 0.33234037452503473 0.028745854009994697 0.09280574905006951 0.030856201819245588
1 0.3977491286090973 0.12309947559778192 0.10970492116215294 0.1533861732831983
1 0.4644307483844794 0.27214059718556916 0.10338218597979179 0.1499700748547749
1 0.31540875408406255 0.10599755872472441 0.108215156344514 0.15643839867609244
1 0.25966594072944443 0.02458058477957233 0.09433188145888885 0.02936647642635145
1 0.5357790715227433 0.28638934180888564 0.10178331838861113 0.14833480024766904
1 0.49907393284565976 0.05055884966676851 0.08877286569131951 0.05876287799792801
1 0.24173486474138892 0.0924209021907491 0.10970492116215291 0.1533861732831983
1 0.5562162452503474 0.1585747109154735 0.10341855357097245 0.1515325748547749
1 0.08897288744281255 0.06735662799792802 0.08107077488562511 0.13020123035529288
1 0.6352679656150695 0.1684998285743193 0.10341855357097245 0.15153257485477484
1 0.5711125870059723 0.060937731593637946 0.09066267401194458 0.07289815260503388
1 0.7255461670780903 0.0907622803935649 0.08601154160312507 0.07424232878371631
1 0.6518359101442363 0.07562312385958961 0.09066267401194458 0.07289815260503388
1 0.7851595160519098 0.20435605355292868 0.10156511284152785 0.13895980024766902
1 0.48317813554295147 0.13878444168505114 0.10181968597979178 0.14989730024766904
1 0.8031808578075348 0.10686462344530483 0.09080814437666689 0.07914815260503386
1 0.7136839063445141 0.18463855892961217 0.09865831838861112 0.14818925103345731
1 0.7663393937110767 0.3345872090534467 0.10309124525034719 0.1374700748547749
0 0.6249103874428126 0.0923183182352371 0.035247822188333444 0.03910104135632886
0 0.605218096124028 0.2186068364322022 0.03506598423243048 0.03128854135632882
0 0.7519307483844794 0.28553112489304694 0.03811824905006951 0.02830909057054054
0 0.43826894509784753 0.32164829156121666 0.04142508700597212 0.03626713978475227