1 0.2015625 0.29453125 0.0734375 0.17109375
1 0.12734375 0.290625 0.0703125 0.17265625
1 0.13125 0.4640625 0.07109375 0.175
1 0.265625 0.29453125 0.0703125 0.16875
1 0.278125 0.47109375 0.07265625 0.17265625
1 0.26953125 0.6390625 0.071875 0.17421875
1 0.0140625 0.6390625 0.028125 0.17578125
1 0.40703125 0.2875 0.0703125 0.16796875
1 0.0140625 0.81640625 0.028125 0.171875
1 0.33984375 0.46953125 0.071875 0.1734375
1 0.20390625 0.80859375 0.0703125 0.171875
1 0.0140625 0.29296875 0.028125 0.171875
1 0.28046875 0.809375 0.0703125 0.1734375
1 0.009375 0.4703125 0.01875 0.17578125
1 0.40625 0.125 0.0703125 0.16953125
1 0.2046875 0.4625 0.071875 0.17109375
1 0.4046875 0.01953125 0.071875 0.0390625
1 0.13203125 0.8109375 0.071875 0.17578125
1 0.34140625 0.81328125 0.06875 0.1703125
1 0.1984375 0.01953125 0.071875 0.0390625
1 0.1234375 0.021875 0.071875 0.04296875
1 0.0671875 0.63984375 0.07421875 0.1734375
1 0.009375 0.015625 0.01875 0.03125
1 0.13046875 0.121875 0.07109375 0.16796875
1 0.06796875 0.8171875 0.071875 0.1703125
1 0.2015625 0.6390625 0.07109375 0.1734375
1 0.1296875 0.63828125 0.07109375 0.171875
1 0.3359375 0.296875 0.07265625 0.17265625
1 0.271875 0.015625 0.06875 0.03125
1 0.33125 0.015625 0.06875 0.03125
1 0.409375 0.46015625 0.06875 0.1703125
1 0.334375 0.12265625 0.071875 0.17109375
1 0.2640625 0.12109375 0.07109375 0.16796875
1 0.4703125 0.125 0.06953125 0.16953125
1 0.06484375 0.4625 0.07265625 0.16953125
1 0.4765625 0.63359375 0.06796875 0.1734375
1 0.47265625 0.29375 0.06875 0.16953125
1 0.484375 0.46953125 0.0671875 0.17421875
1 0.009375 0.12109375 0.01875 0.171875
1 0.06328125 0.29453125 0.06796875 0.16953125
1 0.47421875 0.803125 0.071875 0.17421875
1 0.2 0.121875 0.06875 0.16796875
1 0.26953125 0.95 0.071875 0.1
1 0.41171875 0.8125 0.06953125 0.16640625
1 0.3421875 0.63671875 0.07109375 0.1703125
1 0.059375 0.01953125 0.06875 0.0390625
1 0.0640625 0.121875 0.07109375 0.1671875
1 0.47890625 0.946875 0.06953125 0.10546875
1 0.3421875 0.9484375 0.07109375 0.10234375
1 0.4671875 0.021875 0.071875 0.04296875
1 0.0140625 0.94921875 0.028125 0.09375
1 0.13125 0.95078125 0.075 0.09765625
1 0.06953125 0.95078125 0.075 0.0984375
1 0.20390625 0.95 0.07265625 0.09921875
1 0.41328125 0.63671875 0.06953125 0.16875
1 0.415625 0.94765625 0.075 0.1046875
0 0.47890625 0.22890625 0.0265625 0.03203125
0 0.478125 0.30390625 0.0359375 0.040625
0 0.409375 0.7296875 0.0234375 0.025
0 0.4390625 0.7578125 0.0203125 0.03359375