1 0.9609288837888963 0.15125732061026045 0.06882708271265763 0.0698954886359143
1 0.9474442725401913 0.20575390583760805 0.09259422249741008 0.11090231818121907
1 0.5048308951614358 0.039305376619910154 0.13408820967712848 0.06322847727182855
1 0.829145882755439 0.24434702718580775 0.14728172249741006 0.1118568920444809
1 0.9187648467757935 0.3514658262923033 0.13598034946188092 0.10385347727182852
1 0.934648866006216 0.279027764603906 0.11134422249741008 0.11122960064862308
1 0.19835395512901446 0.17313135714144487 0.1296575748547749 0.10218188311602719
1 0.6244156490903772 0.057030439119086326 0.1510959272121397 0.09318871266133197
1 0.48914808312694247 0.09063605153883227 0.1455008986760923 0.1071421185055306
1 0.8731399394132489 0.12235897889009106 0.13950345574818712 0.07893529788867956
1 0.24810786021524772 0.044988766232054396 0.14753427956950455 0.08375916558343127
1 0.8084652016143579 0.319047018257354 0.1423758986760924 0.10708757142762995
1 0.1509610324649887 0.03234667004765815 0.09495293507002259 0.06098413879807006
1 0.38204836662538855 0.023088267042833295 0.13590326674922296 0.03515802434972924
1 0.47344600041428475 0.15916786322722953 0.15985449710451594 0.11363758035608366
1 0.850243940860991 0.17747317288373665 0.1472089478903043 0.11029439204448091
1 0.751902794251813 0.08974925608248938 0.1476070541766104 0.08532166558343128
1 0.7092893010762384 0.21567082791715642 0.1614897717116218 0.11522735389503398
1 0.7342208345746846 0.15042765746246115 0.1536772717116218 0.11509098620028232
1 0.3654944133584008 0.05954791842280507 0.13776117328319834 0.1085682508107789
1 0.30656456141532074 0.20004050486796868 0.1550214478903042 0.11043075973923262
1 0.11332613771783769 0.15210006249917618 0.1075642510334573 0.09711255357072242
1 0.12664808312694248 0.0843085905023534 0.09030397642635143 0.09525004464226869
1 0.3093856544670607 0.1226831180984935 0.21050946856846853 0.12857283360249455
1 0.6940045953280516 0.29202877637502883 0.15687504631872748 0.116708033278183
1 0.4464789319696507 0.23454001014297443 0.17555227171162174 0.11547281574558707
1 0.07321667473544957 0.89575460511285 0.11875430810555185 0.06920574188232535
1 0.5304790570766038 0.9771018368489054 0.13535961124870505 0.045796326302189175
1 0.41618111662989765 0.9643739659077429 0.13801373035529285 0.07125206818451417
1 0.6378185221304158 0.9882399342511177 0.125038541356329 0.023520131497764753
1 0.29904927461161507 0.9489552917995997 0.14179370181924558 0.09458757142762977
1 0.18224491832530876 0.9218961396088489 0.12863873035529289 0.08030688311602745
1 0.2527910521096958 0.1123126339268061 0.19957196856846862 0.12838191882984215
1 0.5939382828792734 0.19098269926535608 0.13627144789030404 0.11010347727182856
1 0.01349084181339486 0.8646352443179571 0.02698168362678972 0.0698954886359143
1 0.5779814890417452 0.26498326095375335 0.14564644789030404 0.11026711850553061
1 0.24021396939703812 0.18089899269310405 0.19779114474715104 0.12366714529089182
1 0.6104943901990371 0.12090202434643396 0.1548758986760923 0.10730575973923262
0 0.2946211412324944 0.019998448861614258 0.045132717535011226 0.03045115909060952
0 0.3687199590579559 0.19174280965650708 0.042298815963434676 0.03664661201270882
0 0.5341972557909683 0.23137982832419351 0.03583049214211727 0.03185001785690744
0 0.6222666441279785 0.13674521265803669 0.04124573821317572 0.04755683847375849
0 0.4317144187350843 0.1318553409060952 0.027799668320799498 0.027026150162155815
0 0.39174439019903706 0.11708372889338636 0.032705492142117085 0.031795470779006775
0 0.3305222539289414 0.021406990257472076 0.027799668320799588 0.02702615016215578