1 0.2971383906040084 0.3178594722925222 0.27091555674305984 0.14056945781510155
1 0.09119226748447025 0.3110230831269425 0.15180184389007842 0.12253858767505647
1 0.3050752595669114 0.21422505004278122 0.26609166442319176 0.13566363399378406
1 0.28063181835503537 0.6378102533097689 0.2630121285298145 0.13708058477957225
1 0.27610212806759604 0.42836247870266303 0.2706882362099464 0.13275695781510155
1 0.08099318269908487 0.7402033149299774 0.12197795157021037 0.11646837014004525
1 0.11350021034569897 0.03368364123249436 0.16762542069139794 0.06736728246498871
1 0.09294864726792597 0.4251583577340483 0.16452916442319182 0.13093328453190334
1 0.08238453496894049 0.6267037411086598 0.13148934389007844 0.12159251778268043
1 0.2701680283050229 0.5201689890417451 0.2693075926364372 0.1389341832079957
1 0.30125026293212376 0.039184470430495416 0.27750052586424745 0.07836894086099083
1 0.08068695730969111 0.8372238641441891 0.11572795157021036 0.1161772717116218
1 0.25720634171200035 0.7468599216305686 0.2690802721033238 0.1311216832079957
1 0.0984160826073073 0.20976879818075442 0.1580518438900784 0.12282968610347984
1 0.25276654578949315 0.8362499073625447 0.2741314849563052 0.14384000702931338
1 0.10573082594338974 0.11163951323456636 0.166773626022532 0.15444355913900915
1 0.09250602955866415 0.51749140694826 0.15827916442319181 0.13064218610347994
1 0.31053198620994643 0.10601228970369903 0.2629666644231918 0.13551808477957233
0 0.10016673152458593 0.78077265694826 0.03988085391920824 0.029944365177646405