1 0.9366244394295095 0.851643139414378 0.12675112114098114 0.1234042797373263
1 0.940218452361633 0.9377034701470727 0.11956309527673384 0.12315861827193686
1 0.9313315341775177 0.7576884215265536 0.13733693164496472 0.1269387155129751
1 0.7574981952354972 0.6723263743763727 0.23787573620994654 0.13259557326946272
1 0.7778431021368416 0.8621668023501053 0.2348416644231918 0.1355567989592032
1 0.5510449214163138 0.8690022212787264 0.23787573620994634 0.13259557326946272
1 0.1581563909332128 0.9528317509045111 0.16688127461060623 0.09433649819097774
1 0.552223325018953 0.7754569391665507 0.23631323620994635 0.13251368611433315
1 0.7664987736861694 0.7671851729968917 0.23796666442319178 0.1357205732694629
1 0.35458276154546853 0.995493963703953 0.22090353338609486 0.009012072592094
1 0.5354329786215921 0.6809699547703829 0.23479620031656906 0.1339942989592032
1 0.7857896459477777 0.9395045321679465 0.2364496285298145 0.12099093566410701
1 0.3045945040901281 0.6025672365438743 0.2377848079967011 0.1294705732694627
1 0.15020984712227667 0.8729572224103801 0.17983591567683305 0.12175324852966192
1 0.5597727152272499 0.9441350602098219 0.23475073620994635 0.11172987958035634
1 0.5274182386507219 0.5931833497274288 0.23162573620994636 0.1322680246489437
1 0.7416709552646271 0.5841303335577697 0.2364041644231918 0.13563868611433313
1 0.11210312720966627 0.60886042288535 0.1830063797834557 0.12347952283992143
1 0.9224673480467136 0.5768921229060346 0.1550653039065729 0.1260313127540133
1 0.3200018584050478 0.7835682530522178 0.23010870031656916 0.1337486374938141
1 0.5605145127991097 0.9899610159425165 0.2215400308788123 0.020077968114966892
1 0.9269108071387713 0.6700246472162942 0.14617838572245745 0.13039126413349428
1 0.33203650864247464 0.8754658259829963 0.2284552721033238 0.13054175033868418
1 0.3391336062934768 0.9473873343507393 0.2299268438900784 0.10522533129852149
1 0.3125183158477529 0.6872288415868285 0.23162573620994645 0.1322680246489437
1 0.1376439994712746 0.7896124559020368 0.17992684389007838 0.12487824852966192
1 0.12551842102060237 0.6945898829712582 0.1830063797834557 0.12347952283992143
0 0.8310182632613282 0.7058216270899061 0.04939224623907634 0.035351001809022266
0 0.17629131083318797 0.7237727719354103 0.04635817445232169 0.03831222749876275
0 0.6091121710206023 0.7199339574839165 0.05100021034569906 0.0369953889641522
0 0.6208967686716045 0.8032377804146951 0.043142246239076344 0.03502345318850324