1 0.167085334375 0.3442027078125 0.171551365625 0.41752797499999994 0.35198821874999997 0.41006477343750003 0.34856918124999997 0.333652725 0.167085334375 0.3442027078125
1 0.3479973578125 0.33375158125 0.34365750156249997 0.2584673171875 0.34480114375 0.25826960625 0.1638891234375 0.2687207328125 0.16754574375 0.3436388171875 0.3479973578125 0.33375158125
1 0.1533786921875 0.26966389999999996 0.3401692578125 0.2595261109375 0.33033275 0.1815906984375 0.146370103125 0.1912395984375 0.1533786921875 0.26966389999999996
1 0.15556669843749998 0.1959300734375 0.34180627812500003 0.1834924734375 0.33691863125 0.10470150468749999 0.152524496875 0.115622534375 0.15556669843749998 0.1959300734375
1 0.14657475312499998 0.07024671875 0.15179926562499998 0.11874174374999999 0.3401415421875 0.1089344640625 0.33257852187500003 0.0380905921875 0.14657475312499998 0.07024671875
1 0.5094200671875 0.028774628125 0.5090012109375001 0.020740209375 0.4474478796875 0.0182321046875 0.33155871718749996 0.0382668953125 0.5094200671875 0.028774628125
1 0.377744925 0.030282274999999997 0.3239350109375 0.0395848734375 0.3290871 0.1150369078125 0.516309159375 0.10362699375 0.5094565640625001 0.02278065625 0.377744925 0.030282274999999997
1 0.326607665625 0.1046877546875 0.3345804796875 0.187136725 0.519663346875 0.1790904640625 0.5153631812499999 0.0966053328125 0.326607665625 0.1046877546875
1 0.3341382578125 0.2613421953125 0.5159799640625 0.2520599609375 0.5197903578124999 0.25259875625 0.514351725 0.17150797812500002 0.32828638125 0.178526559375 0.3341382578125 0.2613421953125
1 0.34354755 0.33827195625 0.52399354375 0.3262371796875 0.528373171875 0.3260787984375 0.5225030484375 0.246260146875 0.3402298578125 0.256814509375 0.34354755 0.33827195625
1 0.34004914375 0.33288909218749996 0.3456437734375 0.4115578375 0.5334350640625 0.39945074375 0.5278404328125 0.3207819984375 0.34004914375 0.33288909218749996
1 0.5266407531249999 0.401822871875 0.711172634375 0.39147679375 0.7040262984375001 0.312477540625 0.5187874375 0.3229458375 0.5266407531249999 0.401822871875
1 0.522855071875 0.327631528125 0.7066982265624999 0.3144106875 0.6982756718750001 0.2362308265625 0.51543324375 0.2474823671875 0.522855071875 0.327631528125
1 0.5185001640625 0.2541373578125 0.7014803406250001 0.2434607734375 0.6949032374999999 0.16376434374999999 0.509251134375 0.172507784375 0.5185001640625 0.2541373578125
1 0.5117488156250001 0.17985995 0.70010934375 0.1670556828125 0.6887211265625 0.08878976093749999 0.5039137484375 0.09798593125 0.5117488156250001 0.17985995
1 0.507274409375 0.10279384375 0.6922195296875 0.094172625 0.6843486109375 0.027885068750000002 0.5427435421875 0.0221151046875 0.5009727984375 0.024247321875 0.507274409375 0.10279384375
1 0.6937153359375 0.3124637875 0.70367134375 0.3939711453125 0.8804629390625 0.3789755328125 0.8750060546875 0.300881740625 0.6937153359375 0.3124637875
1 0.68992965625 0.23827244687500002 0.6970759921874999 0.3172717 0.8765395125 0.3042092375 0.8723405984375001 0.22829303437499998 0.68992965625 0.23827244687500002
1 0.6903064 0.245991278125 0.8747005343750001 0.23507024843750002 0.8671409609375 0.154346134375 0.6831783125 0.1639950390625 0.6903064 0.245991278125
1 0.686520721875 0.1717999359375 0.8690876578125 0.159398490625 0.8664586968749999 0.0808158109375 0.6750130046875 0.089962075 0.686520721875 0.1717999359375
1 0.8655774703124999 0.08635705625 0.860099740625 0.035046378125 0.6734516359375 0.027441051562500002 0.6821840609375001 0.09530878125 0.8655774703124999 0.08635705625
1 0.9857135140625 0.374220096875 0.9666134296875001 0.294496428125 0.8704886796875 0.30046516875 0.8794804656249999 0.37794785000000003 0.8753763265625001 0.379256134375 0.9857135140625 0.374220096875
1 0.9498169859375001 0.22438814843750002 0.8617358921875 0.23012636406250003 0.8703144390625001 0.305884190625 0.9679798828124999 0.3001999984375 0.9498169859375001 0.22438814843750002
1 0.9320418406250001 0.15019476874999999 0.8604843953125 0.15729321406250002 0.8656657875 0.23423710312499998 0.951169840625 0.2300349609375 0.9320418406250001 0.15019476874999999
1 0.91441415625 0.07661689375 0.85528475625 0.083346315625 0.8593276765625 0.1616845515625 0.9335728718749999 0.1565852890625 0.91441415625 0.07661689375
1 0.9167617546875 0.0864157640625 0.904892015625 0.0368715234375 0.8501230281250001 0.034639859375 0.8555237546875001 0.09049019375 0.9167617546875 0.0864157640625
0 0.5499247583132701 0.261186781177551 0.03859113855894449 0.03902800790866543
0 0.37528847116625164 0.2665560776037792 0.04939224623907634 0.03478617688202616
0 0.3176578275927424 0.2704503987445867 0.03519335391920819 0.029525673916276585
0 0.19152723660565787 0.280137122052841 0.03850021034569897 0.03590300790866543
0 0.358031460345699 0.048922908630418455 0.0385456744523216 0.037465507908665395
0 0.30858304130365366 0.11947814775600354 0.03997178213245363 0.032841674904859806
0 0.8917569056477032 0.23609918684221998 0.036755853919208194 0.029589340912470962