1 0.58203125 0.3090692900272362 0.14375 0.28805998407381017
1 0.471875 0.30532891097510156 0.15 0.2993615051204975
1 0.22578125 0.5555997396884178 0.1453125 0.28033848933548206
1 0.253125 0.28681964760916046 0.14375 0.30212248407381015
1 0.19453125 0.8230448449218548 0.1484375 0.28364549985882553
1 0.1421875 0.2799997711878618 0.1515625 0.3103900103821694
1 0.45 0.5706654846385074 0.14375 0.28180998407380997
1 0.11953125 0.5485068474821035 0.1453125 0.28346348933548204
1 0.08515625 0.06912943159826597 0.0890625 0.13825886319653194
1 0.03671875 0.5353613763507116 0.0734375 0.2792772472985769
1 0.16875 0.0743860789956649 0.134375 0.1487721579913298
1 0.4890625 0.08458928967430038 0.134375 0.16917857934860075
1 0.55625 0.5769771268448217 0.14375 0.28805998407380995
1 0.05703125 0.2708970579489775 0.1 0.29957433674699824
1 0.41171875 0.8369576135494678 0.1484375 0.2836454998588258
1 0.3109375 0.830327452927302 0.1484375 0.28364549985882553
1 0.38125 0.08147897120197917 0.134375 0.16295794240395833
1 0.528125 0.834083971554915 0.15 0.27904900512049763
1 0.08828125 0.8159519527155406 0.1390625 0.28153696828879476
1 0.353125 0.5692765608621622 0.175 0.28988008930724707
1 0.36484375 0.29359402139962326 0.146875 0.3023044945971538
1 0.2578125 0.07105668166885312 0.1375 0.14211336333770624
1 0.5875 0.08491587787789101 0.1390625 0.16983175575578202
1 0.02265625 0.8111804237057582 0.0453125 0.26513915258848364
0 0.109375 0.3998796316829706 0.046875 0.04491765785015547
0 0.28828125 0.37539702922154383 0.0359375 0.05365562101845249
0 0.53359375 0.3993904531390636 0.03125 0.045570105233437005