1 0.32647297376917656 0.7192638461521119 0.1236366530976463 0.2177397717116218
1 0.3443211358003927 0.9062607702638796 0.12158283016686777 0.18747845947224065
1 0.31068195669500626 0.5274380651348652 0.12174660447712729 0.21141699710451575
1 0.29435535108622524 0.3308883968140656 0.12174660447712729 0.21141699710451595
1 0.26434703075743854 0.9098737677826805 0.12100962008095947 0.18025246443463913
1 0.2455538444159629 0.7241097038861601 0.12174660447712726 0.21141699710451575
1 0.27844150327936035 0.14140636579681898 0.11886726594251647 0.21595894789030412
1 0.014706551899879355 0.34473245719592904 0.02941310379975871 0.20196491439185812
1 0.2282003273417926 0.5322111482618077 0.11845783016686776 0.20814644789030404
1 0.09979320782666004 0.9153917136060699 0.12315197421940245 0.1692165727878603
1 0.037593016735486 0.9166074571959291 0.075186033470972 0.16678508560814187
1 0.19826268034858183 0.14706986083442025 0.121828491632257 0.21297949710451589
1 0.006833176164710335 0.16446276033908222 0.01366635232942067 0.19455052067816445
1 0.03280037539648475 0.7330886358558109 0.0656007507929695 0.21174232878371627
1 0.022047661126704986 0.543752154052776 0.04409532225340997 0.20625430810555195
1 0.21195560888814136 0.33409897994100807 0.11993844301173802 0.20665672249741007
1 0.18367356286961417 0.9118514906943751 0.1252876843053107 0.17629701861124972
1 0.05783907621013886 0.34322776923042236 0.11567815242027772 0.20985449710451592
1 0.06710237505780048 0.5427205010334573 0.12511726594251651 0.21625004631872766
1 0.11212046246075746 0.1469735074435981 0.12273589439121899 0.2005522717116217
1 0.1342024231124926 0.33830913688926817 0.12141905585660825 0.20516699710451586
1 0.16155065864031412 0.7280287624059968 0.12322721732199748 0.2099272717116218
1 0.14329306083344923 0.5384375694780914 0.12495349163225704 0.21312504631872747
1 0.08363369855440587 0.7353639193542569 0.12470783016686773 0.20843754631872766
1 0.048566974785229346 0.15701628742738744 0.09713394957045869 0.2046575748547749