0 0.2296875 0.60078125 0.02109375 0.0328125
0 0.1203125 0.940625 0.0234375 0.02890625
1 0.23359375 0.10546875 0.0734375 0.1671875
1 0.16015625 0.10625 0.07578125 0.16875
1 0.271875 0.94921875 0.075 0.1015625
1 0.0265625 0.10546875 0.053125 0.171875
1 0.31328125 0.26953125 0.07265625 0.17265625
1 0.33671875 0.8 0.075 0.17734375
1 0.30546875 0.103125 0.07421875 0.16796875
1 0.0921875 0.10625 0.07265625 0.17109375
1 0.09765625 0.2765625 0.075 0.1703125
1 0.034375 0.453125 0.06875 0.171875
1 0.19140625 0.80546875 0.075 0.17578125
1 0.26640625 0.8015625 0.07578125 0.178125
1 0.196875 0.95078125 0.075 0.0984375
1 0.17265625 0.271875 0.07265625 0.171875
1 0.24140625 0.27109375 0.07578125 0.171875
1 0.11875 0.8109375 0.075 0.17578125
1 0.04296875 0.8140625 0.07578125 0.18046875
1 0.10625 0.453125 0.0765625 0.17265625
1 0.0375 0.628125 0.075 0.18046875
1 0.003125 0.62890625 0.00625 0.1796875
1 0.328125 0.61640625 0.0734375 0.17734375
1 0.1109375 0.62578125 0.075 0.18125
1 0.171875 0.45 0.07421875 0.17265625
1 0.0296875 0.27734375 0.059375 0.171875
1 0.34375 0.9453125 0.075 0.109375
1 0.2453125 0.44765625 0.075 0.1703125
1 0.009375 0.953125 0.01875 0.09375
1 0.0484375 0.953125 0.078125 0.09375
1 0.32109375 0.4484375 0.0734375 0.16875
1 0.0046875 0.8140625 0.009375 0.17578125
1 0.125 0.95078125 0.075 0.0984375
1 0.18203125 0.625 0.07578125 0.18203125
1 0.25625 0.62734375 0.075 0.17890625
1 0.1578125 0.01171875 0.0734375 0.021875
1 0.2328125 0.01171875 0.0734375 0.021875
1 0.09296875 0.01171875 0.07109375 0.02265625
1 0.025 0.009375 0.05 0.01875
1 0.303125 0.01015625 0.06640625 0.01953125