1 0.11799842170006285 0.6629017124607575 0.17889884863353916 0.29946881275401316
1 0.22308522578374684 0.6683118294894992 0.18536710344286259 0.30604636137453217
1 0.08382562917635125 0.37427962573516904 0.1676512583527025 0.30135886137453216
1 0.3629662475529293 0.14725624067197501 0.18035222122887742 0.29451248134395003
1 0.19189974628698492 0.4001283955228727 0.17739091233587007 0.30094942559888344
1 0.26690970308789214 0.13731521426977977 0.18180559382421574 0.27463042853955955
1 0.4092832307627063 0.015869582203032667 0.1251835384745874 0.031739164406065334
1 0.2932340677938641 0.423671036861874 0.1947966671451935 0.3081001843053107
1 0.5212103118882323 0.02936883819592647 0.1294543762235353 0.05873767639185294
1 0.048492030585221065 0.6313861188377641 0.09698406117044213 0.29660276232447186
1 0.15735365381353153 0.12299376469932108 0.17904269237293696 0.24598752939864216
1 0.16459313558772817 0.869451605608781 0.14257442431676962 0.1525185696514182
1 0.06187246774753047 0.845741867933253 0.12374493549506094 0.15885045680654802
1 0.47585562795281583 0.17391561906490666 0.17571928493120836 0.2977425384437537
1 0.0119047114405946 0.8244710555179239 0.0238094228811892 0.1541828889641521
1 0.2697791433922765 0.8943520290599579 0.13583335099579194 0.13812852103089918
1 0.3244641873091595 0.7129072772509356 0.18213297603820083 0.30275758706427264
1 0.40273555336589384 0.4366479924252265 0.16908733901489229 0.2864774898232348