1 0.6472302568244256 0.1646026993788329 0.2105094685684687 0.13692168927901224
1 0.6264683006619538 0.08897336782291924 0.20956339867609247 0.11660918927901225
1 0.8220697450376011 0.12778378079357222 0.18365587014004497 0.12912459983059082
1 0.014233666253884971 0.38018032366340593 0.028467332507769942 0.10411064732681181
1 0.6099914301076239 0.05589555731369299 0.20189213978475226 0.05227367349399668
1 0.09802221918989573 0.26965161831702944 0.19604443837979146 0.13306864718563743
1 0.44726879818075443 0.1184880206231644 0.20560364474715093 0.13196117349399666
1 0.00582400682442555 0.3014637894625388 0.0116480136488511 0.0966775789250777
1 0.0892765157157657 0.1897443104386391 0.1785530314315314 0.12948862087727817
1 0.024314987594003183 0.4527378631259447 0.048629975188006366 0.10860072625188946
1 0.663523036808215 0.23527151514973102 0.2089469685684687 0.13683068401734041
1 0.3276603496712777 0.4663879233528223 0.2072389193542568 0.1336146787556686
1 0.46476020512901445 0.19706034165573433 0.2074572431755744 0.1383021787556685
1 0.07797729673301235 0.1366725183452643 0.1559545934660247 0.12647003669052861
1 0.29424003577475755 0.30933428654935424 0.20411391935425688 0.13343266823232475
1 0.1072087626153938 0.35562691567207605 0.20455056699689203 0.14280766823232485
1 0.8356549019858613 0.20612858867196254 0.19012419396136265 0.1341761208772782
1 0.47798148904174526 0.28321764953412465 0.21050946856846853 0.13692168927901224
1 0.2765666923087329 0.2346682155167843 0.20731169396136276 0.1351771787556685
1 0.42750426178682427 0.0719014469597585 0.20124147642635143 0.10521666297065299
1 0.23978378391273075 0.09935307082080845 0.20687504631872758 0.12580217875566851
1 0.8024871451614357 0.07729095713016634 0.1856507096771285 0.07158511561560635
1 0.2528980599675787 0.15416937343752696 0.21065501778268025 0.14004668927901226
1 0.13160514102760656 0.4205007577513335 0.20433224317557444 0.1381201682323248
1 0.8721638285788286 0.36414548599877433 0.17875004631872748 0.12416408404557525
1 0.6795974929706867 0.3106278309206291 0.2140711162111039 0.1464786998023559
1 0.48749773015040515 0.34800819162749946 0.2090925177826804 0.13995568401734032
1 0.5080049751880062 0.4291062731834131 0.20880141935425697 0.13370568401734034
1 0.6991779387940763 0.3948054098457069 0.21199919396136266 0.13545019454068408
1 0.3110229673301235 0.38629860495108825 0.2058947431755745 0.13821117349399667
1 0.8532190835412272 0.2831384097045325 0.18365587014004525 0.12912459983059071
1 0.14842445988652542 0.49668382615306744 0.1976455955329393 0.12838114718563745
1 0.031089372416356748 0.5274571420651399 0.062178744832713496 0.10178928413027996
0 0.3810786021524771 0.42954734698799335 0.04698631596343468 0.03857665258848364
0 0.9325041691493692 0.3300581833114687 0.03455909057054072 0.039411110495108835
0 0.7288547843270156 0.2790284914016205 0.04862159057054054 0.04023015785015547
0 0.7519604904894873 0.354794330850042 0.03412244292790536 0.030036110495108837
0 0.3725962839127308 0.10708851806291561 0.04542381596343468 0.0384856473268118
0 0.17087111807313055 0.08202208667641117 0.03681079528527027 0.020843121018452537
0 0.13147455438600741 0.4737622656438412 0.04542381596343472 0.03848564732681172
0 0.25800282113523043 0.4482301865775892 0.03724744292790536 0.030218121018452494
0 0.020008361458101993 0.49547139469597584 0.03107021753501129 0.03141659997176518