1 0.3080624848746895 0.030426351749704872 0.12686248184962742 0.056719526691745716
1 0.8143352107723885 0.031722254905734826 0.14117042154477702 0.06344450981146965
1 0.061532918519714964 0.09986073714841873 0.1221931625677866 0.059653525703162534
1 0.4402209999018042 0.050267960950964606 0.13965337334017516 0.10053592190192921
1 0.5557232800542293 0.03381794859367493 0.13644656010845857 0.06763589718734986
1 0.45857609016268785 0.11259557011504329 0.13968064441741396 0.11191636266130085
1 0.18012383723582165 0.06767829543764499 0.12531816256778666 0.05978085969555132
1 0.7930551084112564 0.00010484038099836946 0.1392352168225127 0.0002096807619967389
1 0.19683006908544903 0.11857229197760386 0.14279655405833439 0.11048119665368965
1 0.3368783521647404 0.14803034581820584 0.13967155405833437 0.11035386266130084
1 0.42121646984757477 0.013772045437644978 0.12368293969514962 0.027544090875289955
1 0.31852326190385666 0.08235626627444134 0.13653746369925476 0.10866402866891207
1 0.672824421642973 0.016618519734482442 0.13939884328594587 0.033237039468964884
1 0.5748278040583343 0.08128987889856112 0.13653746369925485 0.10866402866891207
1 0.07824824072842197 0.15231723368837763 0.14126132513557324 0.11510502965749528
1 0.6918380420562819 0.050643351255413284 0.14279655405833439 0.10128670251082657
1 0.2167385689872532 0.18262020452517397 0.1412340540583344 0.11041752965749523
1 0.020181731555039793 0.2453297460456673 0.03809087334017515 0.1030905079086654
1 0.09426412616884552 0.2188680637264337 0.14278746369925477 0.10891869665368965
1 0.8853426023611322 0.014490992548445145 0.048810204722264314 0.02898198509689029
1 0.8783295330792914 0.0179343275294171 0.06603406615858276 0.0358686550588342
0 0.2718709757013073 0.12254752616027309 0.028261355386194252 0.02458350593149907