1 0.779843382516973 0.9442945073101914 0.18887879353213624 0.08915577759614024
1 0.5933736160086296 0.9373838084452817 0.1903594063770065 0.08762055113509035
1 0.782490347691264 0.8754354131543899 0.18879690637700647 0.08759327759614025
1 0.787285231794176 0.5789871071480354 0.18879690637700647 0.08759327759614025
1 0.09532786239058502 0.8491136099841139 0.1058206320667471 0.08302278003177221
1 0.40867106738811054 0.9343520860414218 0.1919219063770065 0.08764782467404082
1 0.22924916101110404 0.8530317224038597 0.19044129353213632 0.08918305113509035
1 0.4108433197629598 0.7818310580382446 0.19200379353213637 0.08921032467404082
1 0.9379420321679465 0.6683654326361504 0.12411593566410702 0.08543075973923261
1 0.9352170414959715 0.9475853283340794 0.1295659170080569 0.07613758035608384
1 0.4158008146745772 0.8615049212687694 0.19521068068726616 0.0908273717519414
1 0.5960615247604855 0.8693059642894803 0.18896068068726599 0.09071827759614023
1 0.422980392355054 0.5657969549539895 0.1918400192218769 0.08608532467404081
1 0.7868890841235967 0.5117450600701348 0.1903594063770065 0.08762055113509035
1 0.08975289178922717 0.7725783835230643 0.10285940637700659 0.08609323295387146
1 0.2269297444573321 0.9281408165596613 0.19035940637700657 0.08762055113509035
1 0.41274997851481565 0.7137668506519184 0.18879690637700652 0.08759327759614025
1 0.7843483395506634 0.657234838073312 0.1887150192218769 0.08603077759614024
1 0.5989574734264329 0.7902769833642038 0.1887150192218769 0.08603077759614024
1 0.23331146200647224 0.7067334208617323 0.1887150192218768 0.08603077759614006
1 0.6017195460185272 0.5744065215136507 0.18879690637700647 0.08759327759614025
1 0.9357592740831169 0.8834410077172283 0.12848145183376616 0.08551258035608385
1 0.6057596720923805 0.7111798185915514 0.19381195499752552 0.09392509821299111
1 0.6086932423096256 0.6477894744357501 0.19192190637700648 0.08764782467404082
1 0.23218605325461644 0.7747839914785833 0.18887879353213638 0.08915577759614024
1 0.781643820667471 0.7995996160764891 0.1918400192218769 0.08608532467404081
1 0.09543408299194285 0.9257442938314899 0.0980081320667471 0.08288641233702024
1 0.7827536985503466 0.984905870540716 0.17680816146538908 0.007769409901388258
1 0.9333037808111797 0.5972853194056256 0.1333924383776406 0.08871940097293471
1 0.09293544549812885 0.6990181525977878 0.1167581320667471 0.08321369480442442
1 0.23558993498267924 0.630843076705931 0.19364818068726614 0.0908000982129911
1 0.2330878912234003 0.9710413827122852 0.18749335594746527 0.032933051135090353
1 0.40866110130930855 0.9789242463498473 0.1856851944820761 0.02821827759614024
1 0.5972698999298276 0.9818877849063312 0.18527575870642732 0.02040577759614024
1 0.4200767203742152 0.49547081818451433 0.18896068068726618 0.09071827759614023
1 0.9394962271022781 0.7410625929445759 0.12100754579544386 0.08225121266133187
1 0.23478435153645116 0.5557885296280303 0.1918400192218769 0.08608532467404081
1 0.088141724896771 0.622469289367263 0.11535940637700662 0.08631142126547413
1 0.7866754794193268 0.7314808616122623 0.18723440637700647 0.08756600405718977
1 0.4151512822237173 0.640220256496117 0.1887150192218769 0.08603077759614024
1 0.9332583938253922 0.8178023709477532 0.13348321234921556 0.0855944009729348
1 0.9357172512431955 0.5221762252498243 0.12856549751360902 0.08238758035608366
1 0.23615874377996357 0.4775680722417041 0.19800813206674706 0.08463191882984215
1 0.09139503618044616 0.968040887987291 0.08223264586155703 0.020168224025417913
1 0.08693999377996357 0.4801726952114615 0.1276956320667471 0.08340460957707699
1 0.6018999304601235 0.5032445876662749 0.19192190637700665 0.08764782467404082
1 0.0874999157608024 0.5505397422893623 0.12128185775648759 0.08017051542127547
0 0.7657322156245169 0.7944036014659926 0.025982645861557074 0.019186376623205527
0 0.11163013455313794 0.5782692759745822 0.021540807326946253 0.0237920560063543
0 0.12628909882291772 0.484959606737703 0.02450203301668674 0.020721603084255236