1 0.9219526514162689 0.5843182655724203 0.09909312269254436 0.1934437746106063
1 0.9491991407940397 0.91098005397308 0.04987382535009033 0.12484688730530316
1 0.9084639581078587 0.768366656638647 0.10063744135899881 0.19192673871722885
1 0.8705794133911336 0.4005941349310346 0.09905676002545363 0.19031877461060626
1 0.9370492980585429 0.40413066039957074 0.10216357869190773 0.18884720282385156
1 0.8076146947008166 0.22814848508931923 0.09903857869190809 0.18875627461060623
1 0.8547196980824054 0.5823669721571955 0.1006738040260899 0.19505173871722886
1 0.9655042987746313 0.7674884667469192 0.052145397358362544 0.18582985141192587
1 0.8826783293682257 0.2314349579714305 0.095877216024817 0.18554034639736086
1 0.8222209926798175 0.07298361196978106 0.09224313868554468 0.1416994181841155
1 0.7341226507001803 0.22559779810058522 0.09745789735836255 0.18714831050398356
1 0.7045742474140418 0.5742315263929729 0.09753062269254435 0.1933983105039836
1 0.7189987320575882 0.40344165327343473 0.097439716024817 0.18558581050398354
1 0.8396503234404495 0.7648983273300449 0.10216357869190781 0.18884720282385156
1 0.9764646920353165 0.5849571115740696 0.04707061592936697 0.1874832796251713
1 0.8983906187937215 0.9101138874383171 0.0983658693507266 0.1309437746106063
1 0.7494738360120904 0.06906745100989675 0.09224313868554468 0.1381349020197935
1 0.763823620106586 0.763197086501245 0.09907494135899882 0.1918812746106063
1 0.6887418041056315 0.7583481136191337 0.09589539735836254 0.18710284639736088
1 0.7820270854153144 0.5813560531151503 0.09907494135899882 0.1918812746106063
1 0.8280417561266304 0.9090347722363379 0.10156359468490814 0.13728470282385175
1 0.7506889154598578 0.9105039955141605 0.0968942760184536 0.1387108105039836
1 0.9491391233688621 0.2341902334399666 0.095877216024817 0.1855403463973609
1 0.7947618007240428 0.3996741441022347 0.09905676002545345 0.1903187746106063
1 0.6748440307924488 0.9072402546853604 0.09545904535327168 0.14960284639736088
1 0.9908437233449995 0.2344797384545315 0.01831255331000108 0.18340353338609489
1 0.9840221060232264 0.40189455898764487 0.031955787953547345 0.17760817445232174
1 0.8957221273472268 0.07631554895851506 0.09062609468490805 0.13696645407749283
1 0.9596204480028636 0.0814600385336738 0.08075910399427286 0.13673913354437944
0 0.8496663820416799 0.2824124362638182 0.030232940006363406 0.04773881802583091