1 0.7575917559904498 0.0734375 0.22078870435383635 0.103125
1 0.7318501676085296 0.22890625 0.22273315027015245 0.1140625
1 0.33381197169221366 0.23984375 0.21492065027015245 0.1140625
1 0.346478151999433 0.16796875 0.2178273954608291 0.1078125
1 0.14632189537601106 0.2171875 0.21481152286549077 0.1109375
1 0.5414806279528159 0.19921875 0.21190477767481433 0.1171875
1 0.1601512715995464 0.134375 0.21001489546082905 0.1078125
1 0.5545014723251859 0.1171875 0.2148115228654909 0.1109375
1 0.5679761844835707 0.04453125 0.20779763103285873 0.0890625
1 0.5326934157944312 0.271875 0.2148115228654909 0.1109375
1 0.3676587259533829 0.03125 0.21780754809323427 0.0625
1 0.3603620919252992 0.08359375 0.2243502139724834 0.115625
1 0.9236879819438325 0.1046875 0.14869544954451328 0.096875
1 0.907348675413078 0.259375 0.1712252139724832 0.115625
1 0.16608630226958548 0.05390625 0.20532739546082907 0.1078125
1 0.5657961255905631 0.03984375 0.20590774881887378 0.0796875
1 0.722227141747814 0.303125 0.22385914065150558 0.1015625
1 0.7472420438320648 0.14609375 0.2244593413771451 0.11875
1 0.9149280516366133 0.1765625 0.1619593413771451 0.11875
1 0.7934200954686783 0.32265625 0.395917679126093 0.1515625
1 0.17986854927436058 0.0171875 0.20276290145127884 0.034375