1 0.065625 0.9765625 0.11875 0.046875
1 0.07265625 0.9203125 0.11171875 0.0765625
1 0.0078125 0.36875 0.015625 0.06640625
1 0.0671875 0.78046875 0.1109375 0.0734375
1 0.00625 0.640625 0.0125 0.0703125
1 0.0078125 0.4375 0.015625 0.0703125
1 0.003125 0.8515625 0.00625 0.078125
1 0.071875 0.5734375 0.115625 0.07109375
1 0.071875 0.64375 0.11484375 0.07265625
1 0.07109375 0.85390625 0.11640625 0.07265625
1 0.07421875 0.5109375 0.11328125 0.071875
1 0.07265625 0.70703125 0.1140625 0.075
1 0.00625 0.91796875 0.0125 0.078125
1 0.075 0.43984375 0.11015625 0.07109375
1 0.0046875 0.77734375 0.009375 0.0703125
1 0.07578125 0.37265625 0.109375 0.06953125
1 0.0046875 0.7046875 0.009375 0.07421875
1 0.0046875 0.56875 0.009375 0.06640625
1 0.0046875 0.509375 0.009375 0.07421875
0 0.0046875 0.5234375 0.009375 0.0234375
0 0.03515625 0.39375 0.01875 0.02421875
0 0.11328125 0.6671875 0.02265625 0.0171875