1 0.712675792568459 0.7192422992847565 0.19160679201145409 0.08548402380771343
1 0.7180530885582778 0.7942059378484378 0.19785679201145392 0.08552038524403187
1 0.5189894272358682 0.714900753810629 0.194768154678545 0.08862720452587265
1 0.1491667285566869 0.8092335785534187 0.19787497334499946 0.08708288524403188
1 0.14620590790105 0.7280063044511179 0.1978386106779086 0.08395788524403187
1 0.518999065245095 0.6469365489901688 0.19627611067790873 0.08394879488495235
1 0.33839121853123355 0.9956200095661657 0.19067954400063636 0.005796523807713072
1 0.5265832038908687 0.8007882568356912 0.1900442920114541 0.08547493344863363
1 0.14311781791059502 0.6577165303488168 0.19947383601209037 0.0902169756031114
1 0.1466406178787783 0.8920551689124985 0.1978931546785449 0.08864538524403187
1 0.14670370520373324 0.9537693737329587 0.19792951734563577 0.09177038524403187
1 0.3351678632240959 0.8026830758229442 0.193169292011454 0.08549311416679295
1 0.5209957278803692 0.8781592779129299 0.1947317920114541 0.08550220452587247
1 0.7123928872135965 0.8778269589256767 0.19800224267981753 0.09802038524403187
1 0.900202517226323 0.7829906610156625 0.18228633601209054 0.09011698165323559
1 0.3344326139004137 0.7315984161820239 0.19320565467854484 0.08861811416679295
1 0.3373014332034151 0.9550040999252453 0.19162497334499945 0.08704652380771342
1 0.8972235152371407 0.7033258869133615 0.19002611067790837 0.0839124334486339
1 0.7088882685789586 0.6419258203619952 0.1931692920114541 0.08549311416679295
1 0.521812793205006 0.9422126875538502 0.19651246801399935 0.10426129488495235
1 0.3400382712444586 0.652664895104785 0.19633065467854482 0.08863629488495235
1 0.7178883618714604 0.9426343474893584 0.19162497334499945 0.08704652380771342
1 0.8991934532145509 0.8697094110156625 0.18237724267981753 0.09792948165323559
1 0.8972331532463678 0.6353616820929013 0.19164315467854465 0.08860902380771343
1 0.7105785852562307 0.5637962751824555 0.18846361067790873 0.08390334308955402
1 0.33811050254618735 0.8854728499252452 0.191606792011454 0.08548402380771343
1 0.02752682461411605 0.8146301265616291 0.0550536492282321 0.08156816256778673
1 0.026405221952593087 0.7388670572797882 0.052810443905186175 0.08156816256778665
1 0.5292649505888217 0.5703195068356911 0.1915704293443632 0.08235902380771343
1 0.025674244291070125 0.6646619428184076 0.05134848858214025 0.08469316256778647
1 0.9015457465388694 0.9360974802975033 0.17599997334499945 0.08695562021691713
1 0.8934547199236398 0.5572639531701402 0.19313292934436319 0.08236811416679295
1 0.33390699725495815 0.5753620517206434 0.19783861067790856 0.08395788524403187
1 0.13854904392109454 0.5804045966055955 0.19625792934436315 0.08238629488495217
1 0.02628211720246057 0.9638443313820891 0.04771134134309046 0.0721477107723885
1 0.027063914544914698 0.8966568313820892 0.05254429201145402 0.08467498184962743
1 0.024557186962933523 0.5849926235365668 0.049114373925867046 0.07844316256778647
0 0.46340030919800623 0.9941115308397961 0.03444772533418181 0.0064499878997516195
0 0.45960424188418714 0.8503933470965748 0.0439863573360908 0.02056703005422946
0 0.27381328723745896 0.704609190186129 0.0408977200031817 0.023673849336070064