1 0.8429577046588413 0.0954322005809005 0.10982645861557039 0.190864401161801
1 0.7447250067858633 0.6456803337506243 0.1103996687014785 0.2030950748547749
1 0.4947615490748042 0.8202052605484791 0.11656778154634875 0.20182367328319833
1 0.8410932372253022 0.9482530620390026 0.08700203301668666 0.024315103390821945
1 0.7275363432843092 0.2747342870176118 0.1103996687014785 0.2030950748547749
1 0.8594514908433467 0.8507594778786027 0.1150871687014785 0.20331339867609266
1 0.8230171031223902 0.6537239660917784 0.11352466870147851 0.20324062406898663
1 0.7608821890550092 0.08915760266920572 0.10958079715018094 0.17831520533841144
1 0.6616214162150876 0.2684522078196108 0.11352466870147851 0.20324062406898663
1 0.9206323253056278 0.0997406333791207 0.11270579715018095 0.1876156240689866
1 0.8890913189740497 0.27032711518215563 0.1103996687014785 0.2030950748547749
1 0.8103078997067442 0.27165848284100147 0.11327900723608915 0.1985531240689866
1 0.5643780082562013 0.8302116532287156 0.11360655585660825 0.20480312406898663
1 0.9640138331075437 0.1047341943801567 0.06558513568479185 0.18074488585581086
1 0.6955028505203984 0.0907040630702052 0.11163462008095948 0.1814081261404104
1 0.8937423609243063 0.6574439714684619 0.11344278154634893 0.2016781240689866
1 0.9418478267759657 0.2748840285405565 0.0932121687014785 0.2022945541766104
1 0.5443786895092944 0.9441478746926684 0.08419793758467105 0.06003427956950489
1 0.5994091847595959 0.6376410095150219 0.11352466870147851 0.20324062406898663
1 0.5264220641128097 0.6324676660489972 0.11829405585660809 0.20502144789030402
1 0.7695457858458212 0.945350693965872 0.0876571302577247 0.036815103390821946
1 0.6262871087765998 0.9426709578196106 0.09176477611928177 0.05571065260503403
1 0.5834112070336905 0.2588460754784566 0.11188028154634874 0.20160534946188075
1 0.7873275073516902 0.8439872471090251 0.1088371687014785 0.2030223002476692
1 0.6436151289029877 0.8350938982663167 0.11360655585660825 0.20480312406898663
1 0.47513404455224845 0.9419175947088789 0.09258364767057933 0.07133565260503402
1 0.776303634668739 0.45950523925114223 0.11188028154634858 0.20160534946188075
1 0.6313563048405555 0.4444346650155399 0.11360655585660825 0.20480312406898663
1 0.6218163670287418 0.08692732268541639 0.10842773292582972 0.17385464537083278
1 0.7008776730009509 0.9469902766785296 0.09094590456798421 0.04008565260503403
1 0.8562401181603956 0.4659135969851905 0.11360655585660817 0.20480312406898663
1 0.5526138291508149 0.4449847826743857 0.11656778154634875 0.20182367328319833
1 0.7214125802824687 0.837705167911024 0.11360655585660825 0.20480312406898663
1 0.663884442561512 0.6416521133201287 0.12141905585660825 0.20516699710451575
1 0.9237584888071819 0.47134165157608576 0.10891905585660808 0.20458480024766904
1 0.6981343690649067 0.44911785690998796 0.11344278154634875 0.2016781240689866
0 0.7468264173467414 0.6650660345364126 0.041764776119281775 0.053381865177646405
0 0.814326019337478 0.9533964803598021 0.02721759724103805 0.013737168320799497