1 0.49302858597251953 0.020318846361508828 0.24855717194503915 0.040637692723017656
1 0.24821619114536908 0.036969153019318635 0.2488299565847753 0.07393830603863727
1 0.5082397119950517 0.15234782651191395 0.26158602084968247 0.14169531017246645
1 0.5247261815119506 0.26188549235151415 0.2584155567430599 0.13998726095825473
1 0.7520435362890887 0.11595860049984723 0.2552905567430598 0.13984171174404306
1 0.08926840314042071 0.21801794582338957 0.16926212852981448 0.1327141083532209
1 0.7669447737526764 0.2247877909465533 0.2552905567430598 0.13984171174404308
1 0.2531824874635877 0.09773106286306281 0.2584610208496825 0.14154976095825478
1 0.08033602084968253 0.126121544251813 0.15676212852981447 0.13213191149637402
1 0.7379319090129155 0.0005071524001460936 0.2446138180258309 0.0010143048002921873
1 0.26452681591425986 0.19186205252398061 0.2585519490629279 0.14467476095825474
1 0.9194439849563052 0.08860408023596755 0.09840405925034226 0.11068925103345731
1 0.0731169027447093 0.06622000537668349 0.14386967194503922 0.06443498924663302
1 0.9343679544732042 0.19821452068267362 0.1032279515702104 0.1155950748547749
1 0.4969408476510021 0.06529530231683822 0.2600235208496825 0.13059060463367644
1 0.27938258927122483 0.29912874297068665 0.25529055674305984 0.13984171174404308
1 0.10685202289474657 0.41903463627009563 0.1926996285298145 0.13380572745980873
1 0.9060514231986805 0.02693475765299507 0.09960284639736088 0.05386951530599014
1 0.0954622303374517 0.32334114660917784 0.1754666644231918 0.13144270678164433
1 0.3030677933487177 0.3872087857747576 0.2536371285298145 0.13664393713693723
1 0.7400316181049733 0.04589242700725195 0.25506323620994653 0.0917848540145039
1 0.5467806894295094 0.3476945597626909 0.25837009263643723 0.13842476095825473
1 0.7804509957768578 0.3125596186968123 0.2568075926364372 0.13835198635114887
1 0.9470701944440745 0.28524148573648556 0.10309155925034226 0.1109075748547749