1 0.9283795482818349 0.24062510609510496 0.12866498982323477 0.16217530452090284
1 0.9067767859573628 0.3543239301832994 0.15975121551297528 0.15977765634451407
1 0.71873123134395 0.30066833405927146 0.29198386137453236 0.1815825340036808
1 0.9421797766851085 0.17133024543777858 0.10581398801421216 0.11326502583555564
1 0.7505311872459869 0.18642464931375063 0.29519074852966193 0.18321776918604193
1 0.6924785905707757 0.3986148715783339 0.2952726356847917 0.18478026918604193
1 0.8924476130720128 0.44863697463621605 0.1782555540475858 0.15552656743868082
1 0.8199430127787573 0.757483991353716 0.2141930540475861 0.15636302203583358
1 0.8493615971294964 0.6588289390170147 0.2207706026681051 0.1627584924005557
1 0.665567530530296 0.49419947530180613 0.2903394742194024 0.1799836664125003
1 0.77395207711465 0.11266049420350761 0.2822060696514182 0.143900696047778
1 0.8743383429456248 0.5553772839067717 0.20333744120271574 0.15767094889756966
1 0.631464768205824 0.6076073586605562 0.2872144742194024 0.17991093123013896
1 0.5895052402775199 0.706752720267813 0.2794019742194024 0.17972909327423636
0 0.5264563636378398 0.6411445976426393 0.05089411465389269 0.048002395326597204
0 0.7386122048859839 0.5780309210652437 0.042672178878243726 0.04000805737069442
0 0.7102647976044661 0.6860973409931257 0.04571529172311415 0.03851829255305557