1 0.43880042405661024 0.09065176094686672 0.18379598997087018 0.0980566103539345
1 0.0898651673926927 0.20846567640718128 0.15401756175762477 0.09320251038216938
1 0.42997334184501435 0.15278003462439005 0.18535848997087018 0.09814761561560634
1 0.41165994787579374 0.29969283197943664 0.18058006175762475 0.09474959983059072
1 0.2350005079840658 0.36691667128668376 0.18379598997087018 0.09805661035393447
1 0.08294992616818131 0.28530119219219685 0.15879598997087013 0.09660052616718495
1 0.6227662470970061 0.09397564006958853 0.18379598997087002 0.0980566103539345
1 0.24501801715526583 0.29068039497832454 0.18218802586424748 0.09640310509226264
1 0.7948541957642226 0.1034508086548492 0.18544941818411545 0.10127261561560634
1 0.6263518998417155 0.03747209499244196 0.18388691818411546 0.07494418998488392
1 0.8060310396543009 0.004895542446310639 0.18068771034569905 0.009791084892621277
1 0.7553979245188287 0.3873021638882862 0.18388691818411546 0.10118161035393455
1 0.11648280634734845 0.023126686859937812 0.16078438730530312 0.046253373719875625
1 0.8031728126155546 0.041291921392564525 0.18388691818411546 0.08258384278512905
1 0.9434568318158846 0.04042424779268709 0.11026756175762457 0.08084849558537419
1 0.9478093626946968 0.005867237269343395 0.10247178213245363 0.01173447453868679
1 0.4462468626946968 0.037304401484827165 0.18710284639736088 0.07460880296965433
1 0.26749372538939375 0.08113108973077011 0.18062552586424746 0.09631209983059079
1 0.07422344701786385 0.35767672113139204 0.1484468940357277 0.08998650512049747
1 0.407406705397641 0.3654543398719444 0.18397784639736087 0.10430661035393456
1 0.5869410927029441 0.30664224004135365 0.18531302586424747 0.0965851156156063
1 0.9367234470178637 0.10610682984271094 0.11955163354437914 0.08807539462538867
1 0.7661284875300947 0.313364134949091 0.18370506175762494 0.09493161035393456
1 0.7860271135526268 0.1655790823323725 0.18531302586424747 0.09658511561560634
1 0.5848270117449894 0.37929849004135363 0.18388691818411546 0.10118161035393455
1 0.61203568408574 0.16791366900878368 0.1806255258642473 0.09631209983059082
1 0.10937734850893192 0.07396187379046279 0.16017663354437942 0.09044153142885673
1 0.42634222499368235 0.22396478988606186 0.18058006175762475 0.09474959983059075
1 0.9315525622198433 0.17660134036605463 0.1258925617576246 0.09156441567207603
1 0.27073839733443295 0.03378419482303276 0.18352320533113406 0.06756838964606551
1 0.913605229612536 0.39134637982859355 0.14923913354437915 0.08980449459715381
1 0.9055139332943174 0.45499165087528093 0.16178459765100187 0.09209503669052861
1 0.10110419576422261 0.14385714483715017 0.16183006175762477 0.0936575366905286
1 0.2575671444314391 0.15424236603912936 0.17754598997087018 0.09769258930724707
1 0.9188670426238019 0.31772686930524985 0.14308006175762458 0.0925654735504664
1 0.22688647961253589 0.43134319233337115 0.18370506175762474 0.09493161035393452
1 0.4021903564929977 0.4375113503952882 0.18058006175762475 0.09474959983059077
1 0.7439088435608741 0.46050444545831726 0.18526756175762457 0.09502261561560629
1 0.07330279885875454 0.4227024816547357 0.14660559771750908 0.09347552616718495
1 0.7742197838483132 0.24971886390240358 0.18723923871722903 0.1091761208772782
1 0.575886269266837 0.445333013718877 0.18379598997087002 0.09805661035393451
1 0.2502570981132205 0.21784213445498085 0.18062552586424746 0.09631209983059075
1 0.6023591557142102 0.23243119531714296 0.18379598997087018 0.09805661035393447
1 0.9217623735817565 0.24502511667441387 0.1415630258642473 0.09403696828879457