1 0.7719147278522994 0.36769274364857146 0.11487106496827515 0.2512043557412187
1 0.40539935044763775 0.34963783304098667 0.10802086424263582 0.2337621877564411
1 0.39438989546082903 0.12372924904859788 0.10435022721932725 0.2180098537640523
1 0.12891869600113398 0.34071252471457936 0.10306054573098153 0.22575868676785796
1 0.11430309137714505 0.12323852323170459 0.10941967313564324 0.22913835475263547
1 0.5727331502701525 0.1372372866147585 0.11109130054030487 0.23232702174882985
1 0.5881572867453069 0.35552437159573047 0.11594249164729753 0.23720552273741297
1 0.2938814639724833 0.12743522779405964 0.10941967313564324 0.22913835475263547
1 0.7562723365678216 0.1431556586675995 0.11879467313564315 0.2295203567298018
1 0.20401043212131792 0.12299312551288213 0.10144348202865068 0.22413251977166349
1 0.2225595685964723 0.3414075444862429 0.09988098202865067 0.22406885277546912
1 0.48339783175849826 0.12579576783167817 0.10429566351699648 0.21644735376405227
1 0.30464538229880317 0.34631256178644837 0.10947423683797411 0.23070085475263546
1 0.6719246184189871 0.14049889087310236 0.1063492368379741 0.23057352076024668
1 0.03531499582364876 0.11767958992388783 0.07019348202865067 0.22285917984777565
1 0.5006845685964723 0.35274026980884454 0.10333336424263581 0.23357118676785796
1 0.6842237548941414 0.35865864186168556 0.11610618275429019 0.24189302273741298
1 0.051520382298803145 0.335998508402957 0.08809031015895179 0.243872016805914
0 0.6746329892850448 0.41911863939022764 0.038973219962933035 0.04371550790866543
0 0.7061806004476378 0.361893729808407 0.022748019237293703 0.025891337946721472
0 0.6577133293962454 0.29204680342067246 0.0348313569862416 0.05914950692008221
0 0.6644965866526397 0.4639536369187697 0.026200401451278842 0.0353936719391104
0 0.7928546773119944 0.1407455830781677 0.02173115626060227 0.04145267095052709