1 0.7252533038777831 0.2887631327509298 0.20538251977166339 0.10313792431665565
1 0.3389391190870915 0.1849958540099947 0.20512785178688597 0.09688792431665565
1 0.7278106180985083 0.19842923117935318 0.20206651878308027 0.09830487510244393
1 0.3482172544858053 0.43183446670644177 0.20500051779449713 0.09376292431665564
1 0.7262216017868859 0.12115825578645904 0.20206651878308043 0.09830487510244387
1 0.021979770760246663 0.09927440798171736 0.03937551779449714 0.08604881596343472
1 0.5419672544858053 0.4408585179875681 0.20825285178688588 0.09703347353086737
1 0.7270227564257906 0.06427255500067076 0.20717051285158128 0.07047097353086731
1 0.14577800399151372 0.42006640508623316 0.2005040187830803 0.09823210049533806
1 0.9117465956082411 0.20552690942495025 0.17650680878351785 0.10197353060296185
1 0.33546790368750257 0.3485853190638066 0.20538251977166358 0.10313792431665565
1 0.14031457117798857 0.3433947431755745 0.20206651878308035 0.09830487510244393
1 0.5329703033834914 0.2774681060769093 0.20200285178688587 0.09674237510244392
1 0.7443428379839025 0.4510640796077766 0.2113778517868859 0.09717902274507892
1 0.33184951927737194 0.10668891749223004 0.19875051779449712 0.09347182588823219
1 0.9138171022811775 0.13223495863916193 0.17088018577927463 0.09841188296032674
1 0.9019590894295962 0.07086081099652679 0.18204317885919252 0.06618157981717361
1 0.3357915558549494 0.2799808682780183 0.2051278517868859 0.09688792431665565
1 0.9075657729845588 0.3037096983000797 0.1848684540308824 0.0963785020669146
1 0.5279379520908971 0.19223908146980345 0.20662668479069152 0.09539819892376152
1 0.1286608522811775 0.09566571856846859 0.20187551779449714 0.09361737510244388
1 0.9197361563875159 0.3839066205498207 0.1605276872249682 0.09543243217453848
1 0.13584595258518867 0.17631640508623322 0.20200285178688593 0.09674237510244392
1 0.12565125741437383 0.040941831264915664 0.20248301285158127 0.07025264970954974
1 0.02009361859279989 0.1678060841603998 0.03000051779449714 0.08561216832079958
1 0.02846848718559978 0.3350663587675056 0.03312551779449714 0.08575771753501123
1 0.3216813404181794 0.048512544456700765 0.19792284684397005 0.07315932588823218
1 0.016085256425790635 0.031160108767505645 0.031533842889637356 0.04669521753501129
1 0.032624087983902525 0.4179152460710586 0.034688017794497136 0.08583049214211722
1 0.5255358522811775 0.11415046877335637 0.2081891847906915 0.09547097353086734
1 0.1350103058549494 0.2706293312649157 0.20356535178688592 0.09681514970954978
1 0.9189363310452296 0.4611775959427149 0.16212733790954062 0.09884853060296202
1 0.7405055721665719 0.37602769230422367 0.19887785178688588 0.0965968258882322
1 0.026847637375880206 0.2570141333746115 0.03637785178688593 0.08902826674922296
1 0.5356589046760858 0.36258796877335636 0.21150518577927463 0.1003040227450791
1 0.5238977564257906 0.054811856076909304 0.20717051285158128 0.07047097353086733
0 0.656101397261712 0.33310813812761325 0.038837006920082115 0.03455909057054054
0 0.07025408056952873 0.38457836124870504 0.03539367193911027 0.026601041356328813