1 0.6259006411327338 0.4374694052071522 0.11316054420664763 0.23997299620027784
1 0.96757967577247 0.42014808653420055 0.045836651886779475 0.23372168977951394
1 0.9088469041313644 0.855595930474027 0.11652958511458991 0.19476959897381968
1 0.8211650477048739 0.8638825155801382 0.11340458511458981 0.19469686379145862
1 0.9577714520989357 0.6499083217165617 0.052086651886779835 0.23386716014423622
1 0.5398494808661771 0.44337587272208284 0.11941054420664762 0.24011846656500016
1 0.9580883861846757 0.8536691013518395 0.03808633636823089 0.1820137194147918
1 0.8980938898790924 0.42020394434173536 0.11793897241989271 0.24320709897381948
1 0.9046237200456243 0.6519260698167006 0.11780258010002456 0.2385195989738195
1 0.6223139545397112 0.21192454454982584 0.11927415188677948 0.23543096656500007
1 0.5355042763264659 0.21706794586034678 0.11610368778015676 0.233795731382639
1 0.9640839173926927 0.1914782258768742 0.04436508010002456 0.23681032218833337
1 0.5440810251393317 0.673590049583819 0.11771165188677948 0.23539459897381967
1 0.5519831386919584 0.884981491263194 0.11050690564770313 0.20243662860909736
1 0.8170327918323791 0.6570876549228118 0.1161946159934022 0.236920731382639
1 0.7075611327529566 0.2068175108304855 0.1161946159934022 0.236920731382639
1 0.6301321854058883 0.6676835820688883 0.11306961599340219 0.23684799620027785
1 0.8953339173926927 0.1930783998888187 0.11941054420664728 0.2401184665650001
1 0.7194661553850057 0.8709339090068744 0.11354097743445771 0.19938436379145835
1 0.5318661139483382 0.053738023367013686 0.10189277210332363 0.10747604673402737
1 0.6202382921615834 0.04963109840513865 0.10952341567683313 0.0992621968102773
1 0.7054400062682061 0.04703212205649278 0.10161998746358769 0.09406424411298556
1 0.8120427296125359 0.426110411856666 0.12097304420664763 0.24015483415618064
1 0.7111250872926679 0.4331436214878119 0.11472304420664763 0.24000936379145835
1 0.6372985130651377 0.8775307075438536 0.11206940564770314 0.20247299620027795
1 0.9579428806413854 0.03821755366788155 0.03098923871722903 0.0764351073357631
1 0.7185270956724451 0.6617225631671869 0.1161946159934022 0.236920731382639
1 0.8946161665347627 0.04096200038124965 0.10764266693047446 0.0819240007624993
1 0.810064007126136 0.19896668360815903 0.11624008010002491 0.238483231382639
1 0.8078746844814516 0.04274335913871496 0.10612563103709682 0.08548671827742992
0 0.8140755572052782 0.16842519842579792 0.08302310015828454 0.06282861474138897