0 0.815625 0.5265625 0.02421875 0.02421875
0 0.92578125 0.66875 0.01796875 0.02109375
0 0.91953125 0.81015625 0.0140625 0.02265625
0 0.5015625 0.89296875 0.0234375 0.02421875
0 0.51953125 0.78046875 0.12734375 0.03359375
0 0.5203125 0.8328125 0.12578125 0.03359375
0 0.22421875 0.63671875 0.025 0.01640625
0 0.34765625 0.571875 0.01484375 0.01875
0 0.4609375 0.57890625 0.01875 0.0203125
0 0.2046875 0.846875 0.0203125 0.01484375
0 0.2203125 0.70625 0.01875 0.01484375
0 0.1453125 0.6328125 0.01953125 0.01328125
0 0.6828125 0.725 0.01640625 0.01640625
0 0.80078125 0.8 0.02734375 0.02109375
1 0.76328125 0.7046875 0.12578125 0.0734375
1 0.9703125 0.57421875 0.059375 0.0703125
1 0.88359375 0.71015625 0.12265625 0.07421875
1 0.3046875 0.6859375 0.1171875 0.071875
1 0.4109375 0.7625 0.12265625 0.071875
1 0.88046875 0.78203125 0.121875 0.07265625
1 0.759375 0.7765625 0.12734375 0.07421875
1 0.29140625 0.7578125 0.1265625 0.07421875
1 0.9796875 0.50390625 0.040625 0.0703125
1 0.75625 0.85078125 0.12421875 0.07734375
1 0.6546875 0.5625 0.1171875 0.075
1 0.87734375 0.85546875 0.1203125 0.075
1 0.9640625 0.98203125 0.071875 0.0359375
1 0.965625 0.928125 0.06875 0.07421875
1 0.86875 0.978125 0.125 0.04296875
1 0.653125 0.62734375 0.11953125 0.07109375
1 0.54140625 0.5578125 0.12109375 0.06953125
1 0.64375 0.77265625 0.121875 0.075
1 0.1734375 0.753125 0.11875 0.0734375
1 0.75390625 0.915625 0.12109375 0.0765625
1 0.18828125 0.68203125 0.12578125 0.07265625
1 0.88828125 0.57265625 0.1265625 0.07109375
1 0.31015625 0.55078125 0.1234375 0.075
1 0.075 0.67890625 0.11328125 0.07109375
1 0.77109375 0.6328125 0.125 0.071875
1 0.53828125 0.62109375 0.1234375 0.07578125
1 0.16328125 0.89140625 0.125 0.075
1 0.89609375 0.5015625 0.140625 0.07265625
1 0.87421875 0.9234375 0.12109375 0.07421875
1 0.53046875 0.69140625 0.12265625 0.07578125
1 0.6375 0.8453125 0.1265625 0.071875
1 0.4125 0.6890625 0.12421875 0.07421875
1 0.971875 0.646875 0.05625 0.07421875
1 0.0828125 0.60703125 0.115625 0.07421875
1 0.06640625 0.75078125 0.115625 0.0765625
1 0.1921875 0.5453125 0.12265625 0.06796875
1 0.5125 0.97265625 0.125 0.0546875
1 0.17109375 0.81875 0.11953125 0.07265625
1 0.28046875 0.896875 0.12109375 0.07890625
1 0.08828125 0.4765625 0.11796875 0.06796875
1 0.9703125 0.7171875 0.059375 0.07421875
1 0.2859375 0.821875 0.125 0.07421875
1 0.39921875 0.90078125 0.1234375 0.075
1 0.3859375 0.96640625 0.121875 0.0671875
1 0.421875 0.553125 0.12578125 0.07265625
1 0.19765625 0.478125 0.1171875 0.06640625
1 0.084375 0.5421875 0.12265625 0.06953125
1 0.64921875 0.6984375 0.12109375 0.0734375
1 0.05390625 0.8203125 0.1078125 0.078125
1 0.8890625 0.64296875 0.125 0.07421875
1 0.75 0.97421875 0.125 0.0515625
1 0.525 0.76640625 0.1234375 0.075
1 0.30703125 0.61796875 0.1203125 0.07421875
1 0.9703125 0.7828125 0.059375 0.07421875
1 0.04375 0.99609375 0.0875 0.0078125
1 0.63203125 0.91171875 0.125 0.075
1 0.65625 0.496875 0.11875 0.06875
1 0.40546875 0.82734375 0.12109375 0.0765625
1 0.9671875 0.8609375 0.065625 0.07421875
1 0.2703125 0.96484375 0.121875 0.0703125
1 0.7703125 0.56484375 0.12578125 0.0765625
1 0.6296875 0.97265625 0.121875 0.0546875
1 0.05234375 0.890625 0.1046875 0.07734375
1 0.19375 0.6109375 0.12109375 0.075
1 0.5171875 0.90859375 0.1203125 0.0765625
1 0.315625 0.48046875 0.115625 0.0671875
1 0.42109375 0.61640625 0.115625 0.071875
1 0.04765625 0.9578125 0.0953125 0.075
1 0.54375 0.4859375 0.11953125 0.071875
1 0.7703125 0.4953125 0.11796875 0.0703125
1 0.1484375 0.9625 0.121875 0.07421875
1 0.5203125 0.83984375 0.12109375 0.07421875
1 0.1421875 0.99609375 0.121875 0.0078125
1 0.43203125 0.48515625 0.115625 0.07109375
1 0.015625 0.540625 0.03125 0.06796875
1 0.01953125 0.46953125 0.03828125 0.0765625
1 0.0125 0.60625 0.025 0.07578125
1 0.01015625 0.6734375 0.0203125 0.08203125