1 0.6922669499999999 0.5832891953125 0.61864406875 0.597192796875 0.64036016875 0.7796345359375 0.713453390625 0.7677171609375 0.6922669499999999 0.5832891953125
1 0.7648305093750001 0.5730667390625 0.6906779656250001 0.5823358046875 0.7118644062499999 0.7690413125 0.789194915625 0.7524894062499999 0.7648305093750001 0.5730667390625
1 0.8379237281249999 0.5558527546875001 0.76112288125 0.5704184328124999 0.7817796625 0.753151484375 0.85911016875 0.741234109375 0.8379237281249999 0.5558527546875001
1 0.9110169499999999 0.5419491515625 0.834216103125 0.5551906796875 0.8564618656249999 0.7418961875 0.9364406781250001 0.7286546609375 0.9110169499999999 0.5419491515625
1 1 0.6561378390625 0.9814618656249999 0.529369703125 0.9046610156250001 0.541287078125 0.927966103125 0.7293167390625 1 0.71569190625 1 0.6561378390625
1 1 0.525238921875 0.978283896875 0.529369703125 0.9989406781250001 0.7147510578125 1 0.714563171875 1 0.525238921875
1 0.6726694906249999 0.410195971875 0.594809321875 0.41946504375 0.61864406875 0.6061705515625 0.6922669499999999 0.5935911015625 0.6726694906249999 0.410195971875
1 0.7452330500000001 0.39430614375 0.6700211875 0.40754766875000004 0.69014830625 0.5949152546875001 0.766949153125 0.5790254218750001 0.7452330500000001 0.39430614375
1 0.8395127125 0.564459746875 0.8183262718750001 0.37974046562499997 0.8172669499999999 0.3810646171875 0.73887711875 0.393644065625 0.760593221875 0.580349578125 0.8395127125 0.564459746875
1 0.8887711875000001 0.36848516875000004 0.8093220343749999 0.3817266953125 0.833156778125 0.5704184328124999 0.9126059312500001 0.55320445 0.8887711875000001 0.36848516875000004
1 0.9623940687499999 0.35524364375 0.8808262718750001 0.36782309375 0.9046610156250001 0.552542371875 0.9814618656249999 0.5373146171875 0.9623940687499999 0.35524364375
1 1 0.3472810734375 0.9502118656249999 0.3539194921875 0.9777542374999999 0.540625 1 0.535638878125 1 0.3472810734375
1 1 0.1720446296875 0.9311440687499999 0.18273305 0.9523305093750001 0.36745233125 1 0.3631683078125 1 0.1720446296875
1 0.9369703375 0.1833951296875 0.85963983125 0.19398834843749999 0.882944915625 0.38003178125 0.9618644062499999 0.36414194843750003 0.9369703375 0.1833951296875
1 0.867584746875 0.19663665156250001 0.7881355937500001 0.2105402546875 0.8082627125 0.395921609375 0.89036016875 0.385328390625 0.867584746875 0.19663665156250001
1 0.79661016875 0.2072298703125 0.717690678125 0.22311970312499999 0.739936440625 0.4045286015625 0.8172669499999999 0.390625 0.79661016875 0.2072298703125
1 0.7229872875 0.22311970312499999 0.6472457625 0.23702330468750002 0.668961865625 0.41975635625 0.7457627125 0.4098252109375 0.7229872875 0.22311970312499999
1 0.652542371875 0.23702330468750002 0.5762711875 0.24827860156249998 0.595338984375 0.43034957812499997 0.6726694906249999 0.42108050781250006 0.652542371875 0.23702330468750002
1 0.632944915625 0.066207628125 0.55614406875 0.078125 0.575211865625 0.258209746875 0.65360169375 0.25092690625 0.632944915625 0.066207628125
1 0.7023305093750001 0.052304026562499994 0.6292372875 0.066207628125 0.648305084375 0.25026483125 0.724046609375 0.2323887703125 0.7023305093750001 0.052304026562499994
1 0.773834746875 0.039724578125 0.69862288125 0.050317796875 0.72139830625 0.23503707812500002 0.7987288125 0.2198093203125 0.773834746875 0.039724578125
1 0.8453389843749999 0.0291313546875 0.7664194906249999 0.04104873125 0.789194915625 0.22047139843750002 0.871292371875 0.20590571875000002 0.8453389843749999 0.0291313546875
1 0.916313559375 0.017213984374999998 0.8389830500000001 0.02846928125 0.8612288124999999 0.20656779687500001 0.94014830625 0.19398834843749999 0.916313559375 0.017213984374999998
1 1 0.0898408703125 0.98834745625 0.005296609375 0.909957628125 0.01655190625 0.9311440687499999 0.1979608046875 1 0.1845473078125 1 0.0898408703125
1 1 0.004672640625 0.98411016875 0.0059586875 1 0.15036288281250001 1 0.004672640625
1 0.5460805093750001 0 0.55614406875 0.0854078390625 0.632415253125 0.07415254375 0.626059321875 0 0.5460805093750001 0
1 0.62288135625 0 0.63135593125 0.07415254375 0.70286016875 0.062897246875 0.69862288125 0.000662078125 0.62288135625 0
1 0.692796609375 0 0.69915254375 0.0635593203125 0.77489406875 0.052304026562499994 0.76959745625 0 0.692796609375 0
1 0.76165254375 0 0.77012711875 0.0470074140625 0.84639830625 0.040386653125 0.84375 0.000662078125 0.76165254375 0
1 0.84163135625 0.036414195312499995 0.913665253125 0.023834746875 0.9131355937500001 0.000662078125 0.831567796875 0 0.84163135625 0.036414195312499995
1 0.90889830625 0 0.9126059312500001 0.017876057812500002 0.9856991531249999 0.009269065625 0.98411016875 0 0.90889830625 0
1 1 0.000150471875 0.98411016875 0 0.98411016875 0.008606992187499999 1 0.0068013281250000005 1 0.000150471875
0 0.7265625 0.375 0.03359375 0.03671875
0 0.77265625 0.72421875 0.025 0.03359375
0 0.7515625 0.54765625 0.028125 0.034375
0 0.7578125 0.6015625 0.02578125 0.02578125
0 0.90078125 0.57109375 0.025 0.03125
0 0.9875 0.68125 0.025 0.03515625
0 0.96640625 0.5078125 0.02578125 0.03359375
0 0.725 0.33359375 0.0375 0.03125