0 0.997276084022908 0.30096288218234807 0.005447831954183968 0.03174132293077854
0 0.9982567813494537 0.1993184950272183 0.003486437301092593 0.028452548620519026
0 0.4364311327179976 0.3554832016066236 0.0455852200031817 0.02581222749876284
0 0.1471997414464948 0.8263876803485818 0.05045453333863614 0.0416828889641522
0 0.021119594127903204 0.9416552334916567 0.020676126670908894 0.03231453301668665
0 0.8043224454566762 0.866995075194086 0.04104317067154532 0.03806656603337331
0 0.6665651700747693 0.5161839269576799 0.24927384134309047 0.0848950576656307
0 0.6957232220321348 0.20040179669995503 0.2398806600095451 0.08284123473485208
0 0.18872198074472368 0.565460146427384 0.2523261160089087 0.07880883197589003
0 0.190302114735815 0.4997123156946893 0.25704997867599955 0.08217949344127931
1 0.9069954346753633 0.13922420002474392 0.1860091306492734 0.12701395861557024
1 0.7027266526893625 0.1304611109243063 0.2436056440165446 0.13456750904511156
1 0.8740167801161309 0.8101851532132471 0.22167610001590826 0.12873358887329509
1 0.895423230028635 0.43132649084334673 0.20915353994272995 0.12371854025277602
1 0.4154582980983136 0.7028871460886996 0.24360564401654475 0.13456750904511167
1 0.03489918877304056 0.7822426119403592 0.05281701201463569 0.11051477611928177
1 0.07084030601527203 0.10885602159672605 0.08403064934754481 0.10902751922187685
1 0.6771930400620426 0.4218197732942067 0.24667610001590834 0.130043783355371
1 0.4319174500715876 0.5050295002271425 0.23108746268299923 0.13234991180407363
1 0.39972585212440337 0.8960163483726917 0.24044428134945378 0.13127873473485216
1 0.8815287407701771 0.7167660238600335 0.22167610001590815 0.12873358887329509
1 0.1894754114019514 0.4958470092722541 0.2310692813494538 0.13078741180407363
1 0.18632478142899558 0.6953523643152083 0.2436056440165447 0.13456750904511167
1 0.4086730434436313 0.7915778318643484 0.24051700668363551 0.137528734734852
1 0.4626283640197264 0.12115578923672318 0.24358746268299925 0.13300500904511153
1 0.03699530140036055 0.49211225689740495 0.06373633068109025 0.10952548620519006
1 0.2327045066836356 0.11288070104079673 0.24514996268299924 0.1330868962002413
1 0.8633980007956303 0.9053305568767204 0.22772610534690835 0.11187363749381411
1 0.8882230887571321 0.6202628380843848 0.2217306440165448 0.1334210888732951
1 0.9028806466820448 0.24025111149013317 0.1942387066359103 0.13219278154634875
1 0.038541262094177485 0.6921532004749699 0.06221019334818114 0.11256859905006031
1 0.3949207207988121 0.9533342034156458 0.23655566534054512 0.06548996042459265
1 0.6397877781269488 0.902196670060275 0.2466761000159085 0.13004378335537084
1 0.0484589653882702 0.4023946596563669 0.08397610534690847 0.1043400192218769
1 0.648008263446813 0.8024865971294964 0.24671246268299923 0.1331687833553709
1 0.6547571554344044 0.7106709113538476 0.24671246268299923 0.13316878335537102
1 0.1721548354550853 0.8883996794440707 0.24355110001590835 0.12988000904511168
1 0.6937158267027256 0.22943087743264967 0.24671246268299923 0.13316878335537102
1 0.6869760253819068 0.32202781320829843 0.2466942813494537 0.131606283355371
1 0.2237027713637713 0.21263171754914012 0.24518632535009016 0.13621189620024127
1 0.032138362786403585 0.8808848298281834 0.044968149347544804 0.10698034034363317
1 0.07069430800445434 0.031870797716007856 0.06951361600890868 0.06374159543201571
1 0.8995198366884081 0.33186207937795753 0.20096032662318386 0.12791471732199752
1 0.4543987880330894 0.2200846121675017 0.23893632535009016 0.13588434757972231
1 0.6704259667409056 0.5120729590698555 0.24674882535009016 0.136293783355371
1 0.8947558870345211 0.5220333779984765 0.21048822593095765 0.13161292740790564
1 0.21697206070972533 0.3060099033247889 0.24511360001590835 0.12996189620024126
1 0.16735879479626675 0.9464987844870247 0.23657384667409054 0.06705246042459265
1 0.6637588907542687 0.6109198948455041 0.24671246268299923 0.1331687833553712
1 0.056661269374589006 0.3011220867255885 0.08403064934754481 0.1090275192218769
1 0.44687773671227066 0.31272249152071535 0.23728291868236293 0.12798996042459249
1 0.20954191605663378 0.4064602826780025 0.24355110001590835 0.12988000904511163
1 0.7109471380092268 0.04778410589169446 0.2388636000159085 0.09556821178338892
1 0.06339198002863504 0.2077439009499397 0.08568405601527203 0.11692190637700657
1 0.03347140674726902 0.5923579183627943 0.05432496801399935 0.10590916327441154
1 0.4717210060073178 0.04473488862546779 0.24344201201463567 0.08946977725093558
1 0.19376401674885985 0.5956832349619947 0.2436056440165447 0.1345675090451115
1 0.8584110561345847 0.9470234119196744 0.22207499466899988 0.02881547602842467
1 0.4229066240849506 0.603999266735486 0.24046246268299926 0.132841234734852
1 0.6395519681333119 0.9491126136378398 0.23791817067154533 0.04838434757972223
1 0.9103289726686817 0.05194212177844013 0.17934205466263647 0.10388424355688027
1 0.17959407077494957 0.788730550090857 0.24358746268299925 0.1330050090451115
1 0.24190623667249972 0.03981609452750455 0.24318747334499946 0.0796321890550091
1 0.4394475920591791 0.413172870873929 0.23731928134945374 0.1311149604245926