1 0.021875 0.34375 0.04375 0.078125
1 0.0234375 0.2640625 0.046875 0.08203125
1 0.71875 0.01953125 0.11875 0.0390625
1 0.11875 0.05078125 0.125 0.078125
1 0.60234375 0.30234375 0.12421875 0.07890625
1 0.48046875 0.1421875 0.12734375 0.078125
1 0.603125 0.22421875 0.12265625 0.07734375
1 0.72265625 0.225 0.1234375 0.07265625
1 0.36171875 0.0671875 0.1234375 0.07890625
1 0.5984375 0.14140625 0.121875 0.08046875
1 0.478125 0.015625 0.125 0.03125
1 0.721875 0.14921875 0.121875 0.07421875
1 0.11875 0.00625 0.11875 0.01171875
1 0.23671875 0.12734375 0.1265625 0.07578125
1 0.0234375 0.1953125 0.046875 0.078125
1 0.028125 0.00625 0.05625 0.01171875
1 0.234375 0.2046875 0.12890625 0.0765625
1 0.4796875 0.21953125 0.1265625 0.0796875
1 0.10703125 0.27109375 0.128125 0.07890625
1 0.3609375 0.0140625 0.121875 0.02734375
1 0.11171875 0.12421875 0.1234375 0.078125
1 0.95 0.15625 0.1 0.078125
1 0.10859375 0.2015625 0.12734375 0.078125
1 0.0265625 0.0390625 0.053125 0.078125
1 0.47890625 0.296875 0.1234375 0.078125
1 0.48125 0.07265625 0.125 0.07734375
1 0.35859375 0.1359375 0.121875 0.0765625
1 0.025 0.1171875 0.05 0.078125
1 0.59921875 0.3765625 0.12421875 0.08203125
1 0.72109375 0.08046875 0.11953125 0.07578125
1 0.4765625 0.36953125 0.1234375 0.08046875
1 0.603125 0.07734375 0.11953125 0.0765625
1 0.6015625 0.01953125 0.121875 0.0390625
1 0.95234375 0.2359375 0.09453125 0.0796875
1 0.8390625 0.0234375 0.121875 0.046875
1 0.83828125 0.084375 0.125 0.078125
1 0.35859375 0.29140625 0.128125 0.07890625
1 0.8421875 0.23125 0.12109375 0.07734375
1 0.10703125 0.34765625 0.1234375 0.0796875
1 0.9515625 0.3125 0.096875 0.078125
1 0.9484375 0.0296875 0.103125 0.05859375
1 0.35546875 0.209375 0.12421875 0.08046875
1 0.23046875 0.353125 0.128125 0.07890625
1 0.721875 0.303125 0.121875 0.07890625
1 0.84921875 0.3875 0.121875 0.07890625
1 0.23828125 0.05859375 0.1265625 0.075
1 0.35625 0.36015625 0.12734375 0.07734375
1 0.228125 0.2859375 0.12734375 0.08046875
1 0.953125 0.3921875 0.09296875 0.08203125
1 0.95078125 0.09140625 0.09765625 0.078125
1 0.72265625 0.3828125 0.128125 0.078125
1 0.84921875 0.31015625 0.12109375 0.07890625
1 0.84765625 0.15546875 0.11875 0.07890625
1 0.2359375 0.009375 0.121875 0.01875
0 0.7671875 0.33125 0.0359375 0.0234375
0 0.8 0.1890625 0.03359375 0.021875