1 0.25625 0.2453125 0.07421875 0.184375
1 0.3390625 0.79765625 0.0828125 0.1890625
1 0.25 0.0796875 0.08125 0.159375
1 0.271875 0.6109375 0.0703125 0.19375
1 0.0015625 0.24609375 0.003125 0.1953125
1 0.003125 0.80625 0.00625 0.19140625
1 0.0359375 0.24609375 0.071875 0.1875
1 0.2640625 0.7984375 0.0765625 0.1859375
1 0.2609375 0.4328125 0.07421875 0.1859375
1 0.26796875 0.946875 0.06640625 0.10625
1 0.046875 0.94921875 0.06875 0.1015625
1 0.04609375 0.8 0.0765625 0.1953125
1 0.19765625 0.94765625 0.0703125 0.1046875
1 0.19375 0.61953125 0.078125 0.18671875
1 0.0046875 0.94921875 0.009375 0.09375
1 0.003125 0.6234375 0.00625 0.19921875
1 0.1953125 0.79609375 0.07734375 0.19296875
1 0.0375 0.43125 0.075 0.19140625
1 0.003125 0.4375 0.00625 0.1875
1 0.0328125 0.08203125 0.065625 0.1640625
1 0.0375 0.61875 0.075 0.18359375
1 0.1921875 0.43515625 0.0796875 0.18984375
1 0.109375 0.08203125 0.075 0.1640625
1 0.18828125 0.24375 0.07578125 0.1890625
1 0.34296875 0.946875 0.0703125 0.10625
1 0.11328125 0.246875 0.08046875 0.1875
1 0.3359375 0.43828125 0.06875 0.18359375
1 0.11875 0.803125 0.078125 0.1875
1 0.184375 0.0796875 0.06875 0.159375
1 0.3390625 0.61796875 0.071875 0.18359375
1 0.125 0.95 0.0609375 0.09921875
1 0.328125 0.08203125 0.06875 0.1640625
1 0.3328125 0.24921875 0.06640625 0.19140625
1 0.1125 0.434375 0.0828125 0.1875
1 0.11640625 0.6125 0.08203125 0.178125
0 0.1140625 0.9375 0.03203125 0.040625
0 0.2375 0.5890625 0.02890625 0.0328125