1 0.1483135900049488 0.17849537256601566 0.26472639981828594 0.3449342191541537
1 0.3847026328597166 0.5380986489476351 0.28873710990419427 0.35628082223840885
1 0.5509550746282592 0.5828093567409984 0.29054527136958336 0.3609955957773591
1 0.8659449095448253 0.6787807812561788 0.21324578697341573 0.3455966923687924
1 0.49216540931768266 0.25991337338008985 0.2899720612836752 0.35005809577735914
1 0.9009815665992005 0.14428305033090214 0.1901756999091429 0.1734762305182394
1 0.6610072625516146 0.2998956708650276 0.288818997059324 0.35784332223840887
1 0.7487097376755282 0.10088938068698579 0.2275119255988834 0.1710057954530476
1 0.3102879675491401 0.21547540097623 0.2786251255080264 0.34205468100470676
1 0.9281737511316539 0.38499382508766844 0.11925012550802663 0.339272780031772
1 0.08539418815049796 0.4554084744324548 0.17078837630099591 0.3391830511350904
1 0.62100314450682 0.8696041988682047 0.28432184757972223 0.2422455957773592
1 0.44316142752350673 0.8524145190780189 0.2786384136130959 0.2827342280826074
1 0.7311471856641072 0.6296183526838085 0.30164654567984284 0.36431151055001154
1 0.8397187607425922 0.34516944034678815 0.29358838421445377 0.3594876428552598
1 0.5709056422435124 0.07410215300482485 0.23631371551297525 0.1482043060096497
1 0.026710827680476897 0.7383261144483408 0.05342165536095379 0.29834777110331834
1 0.26531638851392614 0.8203947260573079 0.2820843181810801 0.3186990016215578
1 0.11343289970674426 0.7750800462671218 0.22686579941348853 0.31858990746575644
1 0.19908271540143355 0.49060386039115106 0.28997206128367514 0.35005809577735914
1 0.21797539405253472 0.028705652597787762 0.21717421189493055 0.057411305195575524
1 0.7735582564471791 0.8926990052815963 0.21443207146044047 0.18951033360249453
1 0.3824130303031533 0.04994367857237008 0.2257989393936933 0.09988735714474016
0 0.7300882174375984 0.8583336879111562 0.0746525192218769 0.08403980925276536
0 0.6848398309598374 0.4110962236249711 0.09825379353213641 0.08757391233702042
0 0.2904281739054621 0.9518668685088258 0.06331222749876275 0.04637616801906326