0 0.48515625 0.78828125 0.0390625 0.05078125
0 0.50859375 0.12578125 0.040625 0.05078125
1 0.7703125 0.20625 0.0734375 0.18125
1 0.9640625 0.75 0.071875 0.1796875
1 0.84375 0.21171875 0.07578125 0.1796875
1 0.9109375 0.2125 0.07265625 0.17890625
1 0.7703125 0.20625 0.0734375 0.18125
1 0.9640625 0.75 0.071875 0.1796875
1 0.84375 0.21171875 0.07578125 0.1796875
1 0.9109375 0.2125 0.07265625 0.17890625
1 0.6140625 0.38359375 0.07734375 0.1859375
1 0.8484375 0.0609375 0.071875 0.12109375
1 0.8265625 0.74453125 0.071875 0.18359375
1 0.76875 0.05859375 0.06875 0.1171875
1 0.8203125 0.9140625 0.07265625 0.16796875
1 0.9640625 0.9140625 0.071875 0.1640625
1 0.96875 0.3984375 0.0625 0.1796875
1 0.6828125 0.56171875 0.07421875 0.18203125
1 0.546875 0.37109375 0.078125 0.1796875
1 0.890625 0.91328125 0.0734375 0.1640625
1 0.540625 0.55078125 0.07890625 0.18828125
1 0.9765625 0.06640625 0.046875 0.1328125
1 0.975 0.2171875 0.05 0.17578125
1 0.90546875 0.3953125 0.0625 0.178125
1 0.75625 0.565625 0.06953125 0.17421875
1 0.9671875 0.56640625 0.065625 0.1796875
1 0.82890625 0.56484375 0.07265625 0.178125
1 0.59375 0.90703125 0.07578125 0.18125
1 0.625 0.2015625 0.07421875 0.17890625
1 0.765625 0.3890625 0.07421875 0.17734375
1 0.84140625 0.39140625 0.071875 0.1765625
1 0.60546875 0.7375 0.06875 0.18125
1 0.69296875 0.2046875 0.07265625 0.1828125
1 0.6328125 0.05625 0.071875 0.1125
1 0.8984375 0.7453125 0.07734375 0.184375
1 0.68984375 0.3859375 0.07578125 0.1828125
1 0.89609375 0.5671875 0.0703125 0.18125
1 0.66953125 0.9125 0.07578125 0.175
1 0.696875 0.05625 0.06875 0.1125
1 0.75 0.74296875 0.07265625 0.184375
1 0.9984375 0.9140625 0.003125 0.1640625
1 0.7453125 0.909375 0.06796875 0.1765625
1 0.53671875 0.73359375 0.07265625 0.17734375
1 0.9171875 0.0609375 0.065625 0.12109375
1 0.67421875 0.74140625 0.075 0.17890625
1 0.475 0.37890625 0.075 0.17734375
1 0.60703125 0.55546875 0.07578125 0.18125
1 0.4875 0.05625 0.075 0.1125
1 0.559375 0.05859375 0.08125 0.1171875
1 0.48046875 0.2 0.07109375 0.1859375
1 0.55390625 0.20078125 0.08359375 0.18828125
1 0.4703125 0.55390625 0.07734375 0.184375
1 0.4640625 0.7328125 0.08359375 0.17265625
1 0.45546875 0.9109375 0.0796875 0.178125
1 0.53125 0.90859375 0.07109375 0.1828125
0 0.6390625 0.4890625 0.025 0.03515625
0 0.54375 0.375 0.06484375 0.178125
0 0.4921875 0.6109375 0.02421875 0.028125
0 0.634375 0.615625 0.01875 0.03359375
0 0.5828125 0.71015625 0.02734375 0.0328125
0 0.49140625 0.6640625 0.01953125 0.02890625
0 0.62734375 0.8484375 0.01953125 0.0328125
0 0.9046875 0.76953125 0.03203125 0.04609375