0 0.5359375 0.12421875 0.02890625 0.03125
0 0.609375 0.18125 0.02734375 0.03046875
0 0.67734375 0.184375 0.021875 0.034375
0 0.7453125 0.184375 0.025 0.0375
0 0.52734375 0.2953125 0.02109375 0.02890625
0 0.52578125 0.35 0.0234375 0.034375
0 0.6734375 0.35234375 0.028125 0.03125
0 0.65859375 0.65078125 0.01484375 0.03671875
0 0.51875 0.64296875 0.02109375 0.0265625
0 0.515625 0.6921875 0.01953125 0.03515625
0 0.590625 0.6953125 0.021875 0.03125
0 0.52109375 0.5203125 0.0203125 0.03046875
0 0.8046875 0.83203125 0.0203125 0.034375
0 0.7296875 0.87578125 0.01953125 0.0328125
0 0.5046875 0.98828125 0.028125 0.0234375
0 0.8671875 0.99375 0.034375 0.01171875
0 0.7234375 0.98984375 0.021875 0.0203125
0 0.8703125 0.99765625 0.021875 0.0046875
0 0.70546875 0.5796875 0.02109375 0.0328125
1 0.7734375 0.77109375 0.071875 0.1796875
1 0.978125 0.7796875 0.04375 0.18359375
1 0.9765625 0.93359375 0.046875 0.1328125
1 0.76875 0.9296875 0.06875 0.140625
1 0.85 0.76640625 0.07109375 0.16328125
1 0.70625 0.58359375 0.071875 0.1859375
1 0.9796875 0.59375 0.040625 0.1875
1 0.69921875 0.7671875 0.0734375 0.18203125
1 0.9875 0.0859375 0.025 0.171875
1 0.91640625 0.775 0.0671875 0.1796875
1 0.98125 0.26171875 0.0375 0.1796875
1 0.8703125 0.07890625 0.07421875 0.1578125
1 0.9140625 0.9234375 0.071875 0.15234375
1 0.63515625 0.76171875 0.0703125 0.175
1 0.9796875 0.43125 0.040625 0.16796875
1 0.64140625 0.5796875 0.07421875 0.18828125
1 0.9375 0.0796875 0.06875 0.159375
1 0.86875 0.2484375 0.071875 0.18359375
1 0.5609375 0.753125 0.06015625 0.171875
1 0.78984375 0.2453125 0.07421875 0.18984375
1 0.6921875 0.9234375 0.071875 0.15234375
1 0.6265625 0.91796875 0.071875 0.1640625
1 0.8484375 0.9140625 0.071875 0.171875
1 0.93046875 0.2546875 0.0609375 0.1875
1 0.50078125 0.39921875 0.0703125 0.178125
1 0.78828125 0.42265625 0.0671875 0.17578125
1 0.728125 0.08046875 0.06875 0.15703125
1 0.5125 0.0765625 0.0859375 0.15234375
1 0.5828125 0.07890625 0.07734375 0.1578125
1 0.65390625 0.08046875 0.08046875 0.1609375
1 0.50390625 0.23671875 0.07265625 0.18671875
1 0.57734375 0.23984375 0.07890625 0.1828125
1 0.64921875 0.2421875 0.0828125 0.18046875
1 0.71796875 0.23984375 0.0796875 0.18515625
1 0.5703125 0.409375 0.07734375 0.18671875
1 0.64296875 0.41015625 0.08359375 0.17734375
1 0.71640625 0.4140625 0.0828125 0.1828125
1 0.85859375 0.42421875 0.0859375 0.18046875
1 0.92890625 0.425 0.08359375 0.18125
1 0.79453125 0.0828125 0.0796875 0.165625
1 0.49375 0.58046875 0.07890625 0.1953125
1 0.5671875 0.5765625 0.08046875 0.1953125
1 0.78203125 0.5921875 0.0765625 0.1890625
1 0.85390625 0.5921875 0.084375 0.1890625
1 0.92734375 0.596875 0.0890625 0.1890625
1 0.48828125 0.75625 0.07890625 0.184375
1 0.4828125 0.915625 0.084375 0.16796875
1 0.55625 0.921875 0.08125 0.15625