1 0.10562497350631217 0.19491130519557553 0.1489186827542901 0.23995461850553063
1 0.16080852522774347 0.04757838352306429 0.13150794954451306 0.09515676704612858
1 0.3310565378416152 0.07032436241974593 0.13788692431676958 0.14064872483949187
1 0.0801636050025071 0.6333698331987527 0.14886411905195923 0.23839211850553052
1 0.27398310390619873 0.22554587621946362 0.1472470553496284 0.23680234496658023
1 0.038281216882890205 0.6116817938314898 0.07656243376578041 0.24226141233702042
1 0.19179808648300362 0.20902262378383166 0.15678574645662097 0.24165348620028232
1 0.1608134042768677 0.6491391091733351 0.14557542794496667 0.23365007142762995
1 0.061277261980899556 0.41134087459461055 0.12255452396179911 0.2398182508107789
1 0.048169593654579734 0.8200300819809367 0.09633918730915947 0.1818148360381265
1 0.10569185074133784 0.8413908388807956 0.12949407095872498 0.175592109577077
1 0.25102429746026206 0.05857438474088028 0.14795140507947588 0.11714876948176056
1 0.1415996459241652 0.41680389610496604 0.1536061827542901 0.24003643912238157
1 0.006227630315068587 0.8035789675325958 0.012455260630137174 0.17409206493480828
1 0.21796124928220978 0.44357885592692414 0.14562999164729754 0.2352125714276298
0 0.27638639600898324 0.08964928652788914 0.03595734736759484 0.04591251785690749
0 0.1452727390305908 0.5799215048712639 0.04404266587924912 0.05386138555165907
0 0.2020485618034143 0.3626561383943282 0.036175602176918197 0.05216251785690744
0 0.16003713267732128 0.5148595665596613 0.03757441106992569 0.04750229139585791
0 0.24525790318055937 0.24322429992056974 0.05379961179556503 0.06496252678536116