1 0.8887836182719372 0.14375 0.14306832654882307 0.10625
1 0.5572137929663095 0.28671875 0.2169971494796016 0.115625
1 0.7522872755534549 0.25234375 0.21551653663473136 0.1171875
1 0.37381811680159915 0.3203125 0.21082903663473135 0.1171875
1 0.9047195567611194 0.22421875 0.1476739393936935 0.1046875
1 0.18499463421445367 0.3546875 0.21066526232447186 0.1140625
1 0.7325679177969673 0.17421875 0.21379026232447185 0.1140625
1 0.5374944352098219 0.20859375 0.2107471494796016 0.115625
1 0.06278544154139995 0.378125 0.09101450361804461 0.096875
1 0.10458900271353347 0.07265625 0.19340916327441157 0.053125
1 0.8680373490500604 0.0609375 0.1476739393936935 0.1046875
1 0.3516731218899818 0.240625 0.20737648801421243 0.1109375
1 0.6941527917231141 0.0375 0.21643058344622812 0.075
1 0.049316083784912354 0.3 0.07259205223856362 0.103125
1 0.47976606512886233 0.01640625 0.20015713025772475 0.0328125
1 0.29571529172311406 0.0375 0.19637038896415204 0.05
1 0.1621093328804012 0.27578125 0.20589587516934213 0.1125
1 0.7121082536180446 0.096875 0.21568031094499088 0.1203125
1 0.12213502883281528 0.12421875 0.20745837516934212 0.1125
1 0.8518867265942516 0.02109375 0.14439845318850325 0.0421875
1 0.3122753499545715 0.08515625 0.21239153663473145 0.1171875
1 0.03185858887329501 0.2203125 0.04586577792830413 0.1
1 0.1417724994341731 0.20078125 0.20605964947960165 0.115625
1 0.5145272467206397 0.128125 0.2091846494796016 0.115625
1 0.3317899898232347 0.159375 0.21247342378986112 0.11875
1 0.4981785504295413 0.0546875 0.2057321008590826 0.109375
1 0.02319956184950205 0.14453125 0.036572665083433875 0.1015625