1 0.5220372259181192 0.8818413942210223 0.15851850831327036 0.23631721155795554
1 0.6334604592250718 0.8923158067888088 0.1626149749271754 0.21536838642238224
1 0.6797290201247668 0.6470321405085891 0.17315532132453626 0.31345448770335993
1 0.7313814144896987 0.34884462538327854 0.17154735721791353 0.31188289734428026
1 0.9076042483506473 0.14671047452295694 0.1571091210079672 0.19150676483072293
1 0.9411823118241317 0.389134323859027 0.10435985721791355 0.3114920119038567
1 0.7628751745853357 0.9020771470496927 0.15581940564770314 0.19584570590061467
1 0.8619949169969813 0.3714832155459665 0.17618939311129084 0.310347668421519
1 0.6209667517158597 0.33023045988862576 0.17320078543115897 0.31501698770335984
1 0.9705899816576 0.15723488406568148 0.05527383636823089 0.18154089149054772
1 0.7754055137900536 0.12484404400118945 0.15228522868809904 0.18679199375348404
1 0.5677291252976162 0.6291901346548567 0.17154735721791353 0.31188289734428026
1 0.8088254867386718 0.6680991403121974 0.17632578543115898 0.3150351684215192
1 0.9098651495125111 0.6866587636523726 0.14806439311129083 0.310184041958086
1 0.8641421578922882 0.9125515596174794 0.13960337226160852 0.17489688076504137
1 0.6633601548562804 0.10856453814745697 0.14603522868809904 0.1867556323171656
1 0.39340376055785525 0.8720823265499085 0.16531407759274241 0.25583534690018306
1 0.43936844457708835 0.6096901800307881 0.16676892900466816 0.30873062626704134
1 0.4941231068887092 0.31230209562363687 0.17163828543115897 0.31500789734428025
1 0.5468318844023092 0.08522651121648564 0.14071123119538154 0.16485336123992672