1 0.10078125 0.49140625 0.07265625 0.17109375
1 0.16796875 0.49609375 0.07109375 0.17109375
1 0.1671875 0.6625 0.071875 0.16953125
1 0.37421875 0.14453125 0.071875 0.1703125
1 0.03125 0.32421875 0.0625 0.171875
1 0.375 0.32109375 0.0703125 0.171875
1 0.440625 0.49609375 0.07578125 0.17578125
1 0.10234375 0.3234375 0.07265625 0.171875
1 0.3078125 0.1484375 0.0703125 0.17109375
1 0.10234375 0.834375 0.07109375 0.17421875
1 0.16875 0.8390625 0.07265625 0.17109375
1 0.0375 0.6734375 0.06953125 0.17734375
1 0.2328125 0.67109375 0.07109375 0.17421875
1 0.103125 0.6640625 0.0734375 0.1703125
1 0.3734375 0.496875 0.07265625 0.1734375
1 0.1 0.14921875 0.0734375 0.17265625
1 0.4421875 0.65703125 0.07578125 0.17265625
1 0.03125 0.490625 0.0625 0.16796875
1 0.16796875 0.321875 0.06953125 0.175
1 0.38203125 0.66171875 0.06953125 0.16953125
1 0.23984375 0.49453125 0.07109375 0.16953125
1 0.03125 0.0328125 0.0625 0.065625
1 0.1671875 0.14765625 0.06640625 0.1703125
1 0.43984375 0.31953125 0.07421875 0.17265625
1 0.23828125 0.8390625 0.07109375 0.16953125
1 0.4421875 0.83046875 0.07578125 0.17578125
1 0.378125 0.83671875 0.06953125 0.17265625
1 0.03125 0.1484375 0.0625 0.171875
1 0.4453125 0.1484375 0.06796875 0.17265625
1 0.31015625 0.49375 0.06875 0.16796875
1 0.228125 0.14921875 0.07265625 0.171875
1 0.0984375 0.03125 0.071875 0.0625
1 0.3109375 0.6609375 0.06953125 0.16953125
1 0.45078125 0.959375 0.06875 0.08046875
1 0.03125 0.83984375 0.0625 0.171875
1 0.4328125 0.02734375 0.071875 0.0546875
1 0.23046875 0.3203125 0.07109375 0.175
1 0.30859375 0.31953125 0.06953125 0.16875
1 0.31171875 0.83671875 0.07109375 0.16953125
1 0.10703125 0.96328125 0.07578125 0.0734375
1 0.3046875 0.03125 0.065625 0.0625
1 0.0328125 0.9625 0.065625 0.07421875
1 0.16875 0.03125 0.06875 0.0625
1 0.3703125 0.03125 0.071875 0.0625
1 0.234375 0.0328125 0.075 0.065625
1 0.3796875 0.959375 0.071875 0.08125
1 0.240625 0.9609375 0.0703125 0.078125
1 0.3140625 0.96015625 0.078125 0.07890625
1 0.175 0.9625 0.06640625 0.075
0 0.13203125 0.60390625 0.02109375 0.03359375
0 0.19375 0.16640625 0.0203125 0.02890625
0 0.05546875 0.428125 0.0234375 0.02578125
0 0.40234375 0.4265625 0.0203125 0.0234375