1 0.7363839995366638 0.5148115588523188 0.16997522721932726 0.21689894805083548
1 0.7061037664117048 0.6998274870176517 0.17638891832631992 0.22169554220663662
1 0.8551439232204612 0.5354086566615681 0.17320935462398887 0.22007849512873606
1 0.9464112416472975 0.5554972398603208 0.10717751670540494 0.2146546095770768
1 0.8911657248570746 0.35810977110990894 0.16506947241000383 0.21056712743398434
1 0.6689411054265971 0.978770693186162 0.13195932813030103 0.02260347727182861
1 0.5096652429132419 0.46952019846116777 0.18129467313564335 0.22802736282348768
1 0.8271528763931713 0.7188211745184756 0.18129467313564324 0.22802736282348768
1 0.5975273745790728 0.6798343612052251 0.17638891832631992 0.22169554220663662
1 0.9580630150609425 0.36930064124029266 0.08387396987811506 0.2078864123370204
1 0.680401905882084 0.8816365945661339 0.17153772721932725 0.21692622158978586
1 0.805347242828424 0.13916094805742593 0.16959328130301116 0.20596144805083538
1 0.7727778234057957 0.3257802865311844 0.1683581635169963 0.215309174511885
1 0.65178327712666 0.3083490990303606 0.1760615361123346 0.2123205422066367
1 0.630878044001701 0.49320138596199153 0.17310022721932725 0.21695349512873605
1 0.795682165500731 0.8921319894532838 0.17535220798203355 0.19200804220663664
1 0.5695535865678216 0.10829987500164764 0.17660717313564334 0.2165997500032953
1 0.9197507494094367 0.16757054586667525 0.16049850118112657 0.21064894805083534
1 0.4446851498916343 0.9592333092560607 0.13672123920022675 0.06953302434972919
1 0.9737301658792491 0.19006710877288854 0.05253966824150176 0.20254434740221222
1 0.5760864281146028 0.8717315349063313 0.17649804573098143 0.2248205422066369
1 0.5440972626986897 0.2914673364484589 0.16775796279135696 0.19812167451188503
1 0.4811930464487717 0.6615401030875503 0.18592760943331238 0.22654668344033874
1 0.9304216704569044 0.732632484178278 0.13915665908619132 0.2070330243497292
1 0.6780754146981227 0.12105760471240345 0.17649804573098143 0.22482054220663672
1 0.5592660050637774 0.9720860909126859 0.12943452885594056 0.039736430193927676
1 0.454900908877309 0.8488315974055075 0.17644348202865068 0.22325804220663664
1 0.8936930795658815 0.9005836432688875 0.1355803798517325 0.17101370373287814