1 0.96875 0.58984375 0.0625 0.1640625
1 0.90703125 0.76015625 0.07265625 0.1671875
1 0.90625 0.4265625 0.07109375 0.17109375
1 0.90625 0.5921875 0.071875 0.16796875
1 0.771875 0.09296875 0.0703125 0.1734375
1 0.7703125 0.59140625 0.071875 0.16875
1 0.971875 0.92578125 0.05625 0.1484375
1 0.96875 0.75390625 0.0625 0.171875
1 0.6953125 0.92578125 0.071875 0.1484375
1 0.69609375 0.59453125 0.06875 0.17265625
1 0.76484375 0.759375 0.07734375 0.175
1 0.69609375 0.25859375 0.0671875 0.16875
1 0.90546875 0.25625 0.06953125 0.16484375
1 0.840625 0.9296875 0.06875 0.140625
1 0.7625 0.92578125 0.06875 0.1484375
1 0.76484375 0.25859375 0.0765625 0.1671875
1 0.69765625 0.09296875 0.06953125 0.1765625
1 0.96875 0.25625 0.0625 0.16015625
1 0.9046875 0.09453125 0.06953125 0.165625
1 0.84140625 0.2625 0.07109375 0.1640625
1 0.76640625 0.42734375 0.071875 0.17265625
1 0.69453125 0.7703125 0.06875 0.171875
1 0.83984375 0.6015625 0.07265625 0.16953125
1 0.9046875 0.92578125 0.071875 0.1484375
1 0.96875 0.09765625 0.0625 0.1640625
1 0.9703125 0.42578125 0.059375 0.171875
1 0.69765625 0.4296875 0.06796875 0.16796875
1 0.8421875 0.75625 0.0703125 0.17265625
1 0.840625 0.428125 0.0734375 0.17265625
1 0.840625 0.09296875 0.06796875 0.16796875
0 0.7359375 0.3578125 0.0234375 0.03359375
0 0.9921875 0.36328125 0.015625 0.03125
0 0.865625 0.53359375 0.02578125 0.0265625
0 0.7921875 0.5296875 0.03125 0.028125
0 0.7234375 0.696875 0.02109375 0.025
0 0.86796875 0.69921875 0.02578125 0.034375
0 0.90234375 0.94453125 0.03203125 0.046875