1 0.48046875 0.6203125 0.08046875 0.1859375
1 0.55703125 0.61953125 0.08125 0.1875
1 0.703125 0.61640625 0.08203125 0.184375
1 0.709375 0.24609375 0.07890625 0.184375
1 0.85703125 0.6203125 0.08046875 0.18671875
1 0.62578125 0.61953125 0.08125 0.18671875
1 0.6328125 0.24375 0.07734375 0.18671875
1 0.7796875 0.62109375 0.08046875 0.18515625
1 0.9328125 0.08203125 0.078125 0.1640625
1 0.9859375 0.08203125 0.028125 0.1640625
1 0.8625 0.25 0.078125 0.184375
1 0.48515625 0.43203125 0.078125 0.18203125
1 0.78671875 0.24765625 0.07890625 0.18671875
1 0.98125 0.43359375 0.0375 0.1875
1 0.9265625 0.62109375 0.08125 0.18359375
1 0.928125 0.4359375 0.0796875 0.184375
1 0.86015625 0.4359375 0.08046875 0.184375
1 0.9796875 0.6234375 0.040625 0.19140625
1 0.62890625 0.4328125 0.078125 0.1875
1 0.7828125 0.4359375 0.08046875 0.18828125
1 0.85546875 0.79765625 0.08203125 0.18203125
1 0.56328125 0.24375 0.07734375 0.18828125
1 0.70625 0.43125 0.078125 0.18515625
1 0.7875 0.0796875 0.075 0.159375
1 0.7765625 0.7984375 0.07890625 0.18125
1 0.478125 0.79921875 0.08046875 0.17890625
1 0.984375 0.25 0.03125 0.1796875
1 0.8640625 0.0796875 0.078125 0.159375
1 0.62421875 0.796875 0.08203125 0.18203125
1 0.9796875 0.80078125 0.040625 0.1796875
1 0.7015625 0.79375 0.08203125 0.18828125
1 0.5546875 0.79609375 0.0796875 0.17734375
1 0.5609375 0.43125 0.0765625 0.1859375
1 0.4984375 0.078125 0.084375 0.15625
1 0.92890625 0.25 0.0796875 0.18359375
1 0.921875 0.79765625 0.08046875 0.18359375
1 0.76640625 0.9484375 0.07890625 0.10234375
1 0.7109375 0.0796875 0.078125 0.159375
1 0.5640625 0.0796875 0.078125 0.159375
1 0.478125 0.94609375 0.08515625 0.1078125
1 0.48828125 0.24375 0.08125 0.1890625
1 0.62578125 0.94375 0.08125 0.1125
1 0.8484375 0.94765625 0.08125 0.1046875
1 0.55234375 0.94375 0.08203125 0.1125
1 0.91875 0.95 0.08125 0.1
1 0.6390625 0.0796875 0.078125 0.159375
1 0.978125 0.946875 0.04375 0.09765625
1 0.69921875 0.946875 0.0734375 0.10625
0 0.51015625 0.66875 0.02578125 0.0359375
0 0.584375 0.3078125 0.03046875 0.04765625
0 0.7375 0.1234375 0.02421875 0.0328125
0 0.5109375 0.3046875 0.0328125 0.0328125
0 0.6609375 0.309375 0.0265625 0.02734375
0 0.73203125 0.49453125 0.02734375 0.02734375
0 0.98046875 0.27265625 0.02890625 0.040625
0 0.95625 0.49296875 0.02890625 0.0421875
0 0.79921875 0.86015625 0.03359375 0.0359375
0 0.88046875 0.6828125 0.0296875 0.03515625
0 0.5796875 0.90859375 0.02578125 0.028125
0 0.58125 0.859375 0.02421875 0.03203125