1 0.3453125 0.54765625 0.06875 0.1671875
1 0.01875 0.5484375 0.0375 0.16796875
1 0.28046875 0.55234375 0.06953125 0.1703125
1 0.0171875 0.21875 0.034375 0.1640625
1 0.2703125 0.2203125 0.06953125 0.159375
1 0.1421875 0.98203125 0.071875 0.0359375
1 0.07421875 0.21875 0.06953125 0.1609375
1 0.14140625 0.54609375 0.06875 0.16484375
1 0.07734375 0.54609375 0.07109375 0.165625
1 0.07890625 0.709375 0.0703125 0.16796875
1 0.28203125 0.7109375 0.06875 0.165625
1 0.27890625 0.3796875 0.06875 0.16796875
1 0.415625 0.984375 0.06875 0.03125
1 0.0203125 0.87890625 0.040625 0.171875
1 0.0796875 0.984375 0.071875 0.03125
1 0.08046875 0.88125 0.07265625 0.1734375
1 0.14140625 0.71328125 0.071875 0.16796875
1 0.26796875 0.0734375 0.06875 0.1421875
1 0.3484375 0.98046875 0.071875 0.0390625
1 0.2109375 0.715625 0.06796875 0.165625
1 0.284375 0.984375 0.06875 0.03125
1 0.20625 0.984375 0.06875 0.03125
1 0.01875 0.06640625 0.0375 0.1328125
1 0.4140625 0.7140625 0.075 0.16796875
1 0.48125 0.88125 0.06796875 0.171875
1 0.346875 0.7171875 0.06875 0.165625
1 0.34765625 0.8796875 0.06875 0.17109375
1 0.2046875 0.21953125 0.06796875 0.159375
1 0.46875 0.0765625 0.0671875 0.1484375
1 0.01875 0.7046875 0.0375 0.16796875
1 0.0203125 0.98046875 0.040625 0.0390625
1 0.13671875 0.21953125 0.0703125 0.1609375
1 0.40703125 0.2296875 0.06875 0.16640625
1 0.0734375 0.37890625 0.06875 0.1640625
1 0.4765625 0.3921875 0.06953125 0.16640625
1 0.4703125 0.23203125 0.06640625 0.165625
1 0.2828125 0.88046875 0.06796875 0.17109375
1 0.47734375 0.55703125 0.06796875 0.165625
1 0.41171875 0.88359375 0.06875 0.1703125
1 0.14296875 0.88046875 0.07109375 0.1703125
1 0.34375 0.38125 0.06875 0.1625
1 0.0171875 0.3765625 0.034375 0.16796875
1 0.40390625 0.075 0.06875 0.14609375
1 0.340625 0.225 0.06875 0.1609375
1 0.20390625 0.07421875 0.06953125 0.14296875
1 0.07265625 0.06875 0.06875 0.1375
1 0.4828125 0.98203125 0.065625 0.0359375
1 0.2109375 0.54609375 0.06796875 0.1640625
1 0.4125 0.38359375 0.0671875 0.1640625
1 0.3359375 0.075 0.065625 0.14375
1 0.2078125 0.3859375 0.06953125 0.1671875
1 0.40703125 0.5453125 0.06875 0.1671875
1 0.4796875 0.71875 0.06875 0.16484375
1 0.20859375 0.8828125 0.07421875 0.1703125
1 0.13828125 0.38828125 0.07109375 0.16640625
1 0.134375 0.07265625 0.06640625 0.1390625
0 0.48671875 0.653125 0.04296875 0.03203125
0 0.4890625 0.73046875 0.01875 0.0296875