1 0.5375 0.51015625 0.0796875 0.18359375
1 0.82890625 0.69296875 0.0765625 0.18359375
1 0.62734375 0.15703125 0.075 0.17421875
1 0.6140625 0.5125 0.078125 0.1859375
1 0.89609375 0.696875 0.0765625 0.18046875
1 0.915625 0.0375 0.075 0.07421875
1 0.9671875 0.521875 0.065625 0.18359375
1 0.4875 0.03125 0.075 0.0625
1 0.975 0.040625 0.05 0.08125
1 0.68203125 0.515625 0.07890625 0.18671875
1 0.9109375 0.16015625 0.07578125 0.1765625
1 0.8390625 0.33671875 0.07734375 0.178125
1 0.5984375 0.8640625 0.078125 0.18203125
1 0.6734375 0.8671875 0.07734375 0.18125
1 0.52890625 0.8671875 0.078125 0.18203125
1 0.9015625 0.5203125 0.07890625 0.1828125
1 0.75390625 0.690625 0.078125 0.1796875
1 0.84296875 0.16328125 0.0765625 0.178125
1 0.5453125 0.32734375 0.07890625 0.1734375
1 0.83359375 0.5171875 0.07734375 0.18046875
1 0.76875 0.15390625 0.0765625 0.178125
1 0.8484375 0.03515625 0.078125 0.0703125
1 0.55625 0.03125 0.08125 0.0625
1 0.6984375 0.0328125 0.078125 0.065625
1 0.9640625 0.8765625 0.071875 0.17578125
1 0.7578125 0.51640625 0.07734375 0.18203125
1 0.9734375 0.1625 0.053125 0.17578125
1 0.89140625 0.87890625 0.07734375 0.1796875
1 0.4703125 0.3234375 0.0734375 0.17734375
1 0.74765625 0.87265625 0.078125 0.1828125
1 0.9703125 0.33984375 0.059375 0.1796875
1 0.6875 0.334375 0.075 0.175
1 0.678125 0.68984375 0.0765625 0.1765625
1 0.7734375 0.03515625 0.078125 0.0703125
1 0.82265625 0.8765625 0.0765625 0.178125
1 0.45859375 0.68671875 0.07890625 0.178125
1 0.62109375 0.32890625 0.07734375 0.1765625
1 0.55234375 0.1484375 0.07890625 0.18359375
1 0.69453125 0.15234375 0.07578125 0.18046875
1 0.90625 0.3390625 0.07734375 0.1796875
1 0.7625 0.33515625 0.078125 0.1796875
1 0.965625 0.6953125 0.06875 0.1796875
1 0.534375 0.6859375 0.078125 0.17890625
1 0.603125 0.68515625 0.07734375 0.17734375
1 0.63125 0.03125 0.075 0.0625
1 0.46328125 0.5046875 0.075 0.18359375
1 0.4546875 0.8671875 0.07734375 0.1796875
0 0.48671875 0.5671875 0.0234375 0.02578125
1 0.484375 0.14921875 0.078125 0.18046875
0 0.7890625 0.26484375 0.02578125 0.0296875
1 0.74375 0.98046875 0.07734375 0.03671875
1 0.81953125 0.9828125 0.0765625 0.0328125
1 0.95859375 0.98515625 0.07890625 0.028125
0 0.48046875 0.7453125 0.02421875 0.02421875
1 0.890625 0.98359375 0.07578125 0.03125
1 0.6015625 0.978125 0.071875 0.04296875
1 0.66875 0.978125 0.07734375 0.0421875
1 0.52421875 0.978125 0.08359375 0.040625
1 0.45078125 0.98046875 0.0671875 0.0390625
1 0.996875 0.984375 0.00625 0.0234375
0 0.5109375 0.08125 0.025 0.02890625
0 0.63125 0.79921875 0.02265625 0.0328125
0 0.4796875 0.7921875 0.0234375 0.025
0 0.7140625 0.22109375 0.0265625 0.03203125
0 0.55859375 0.6203125 0.02734375 0.03046875
0 0.70625 0.62421875 0.025 0.03515625