1 0.9609375 0.7913135473404493 0.0578125 0.24923067885919253
1 0.6375 0.30527386555268826 0.109375 0.24976918973360746
1 0.61875 0.5443191195070209 0.115625 0.24064885771838504
1 0.903125 0.5522629761996417 0.11875 0.2485886917107738
1 0.95078125 0.9370398828157128 0.0515625 0.05053851087441501
1 0.60390625 0.7730489559708678 0.1140625 0.24996019072219067
1 0.71640625 0.5473711822448715 0.1171875 0.2500875247145794
1 0.8890625 0.7825234791653912 0.1140625 0.2530851907221905
1 0.98046875 0.3155177098880193 0.0390625 0.2469041749048598
1 0.97421875 0.5595223778727969 0.0515625 0.24428851087441483
1 0.73125 0.3053600957810248 0.11875 0.24858869171077372
1 0.9203125 0.3125001392415034 0.11875 0.2501511917107738
1 0.878125 0.934531648138752 0.10625 0.06370435574121842
1 0.65546875 0.09752564498162823 0.109375 0.19505128996325646
1 0.596875 0.9389604574537426 0.10625 0.07776685574121842
1 0.8140625 0.5472982449827221 0.1171875 0.25165002471457926
1 0.7875 0.9358805839180266 0.109375 0.06851918973360753
1 0.8 0.7806837479484715 0.121875 0.2518410257031626
1 0.68828125 0.9375796881763705 0.1015625 0.07288835475263547
1 0.70703125 0.7758781842220379 0.1171875 0.24071252471457943
1 0.82734375 0.30847582551506975 0.1140625 0.24996019072219058
1 0.98671875 0.09813648068544704 0.0265625 0.1962729613708941
1 0.7484375 0.09333555209199088 0.1140625 0.18667110418398175
1 0.9359375 0.0992811573203274 0.1140625 0.1985623146406548
1 0.8484375 0.09406441671186755 0.1171875 0.1881288334237351
0 0.79609375 0.23084291543895752 0.05 0.07234984387822055
0 0.6234375 0.011086102738288051 0.034375 0.022172205476576102