1 0.09025210651329216 0.1693618802766534 0.15264247964646938 0.3211227978886796
1 0.14028698778909943 0.7992345665596613 0.28057397557819885 0.30164786931630944
1 0.18820492763504837 0.20667887378383165 0.2981121099041942 0.35644446347211084
1 0.5323499960432712 0.31228835105895547 0.30871541723114043 0.38004560470581294
1 0.44093153720055833 0.08078457548811499 0.2556369255988834 0.16156915097622998
1 0.7960484051338111 0.1507978774405749 0.2658175090451117 0.24660581330995507
1 0.4720333779984765 0.8823514350684871 0.28013231456303556 0.22187854869945847
1 0.8577483864777612 0.4330552240320082 0.2568253686106214 0.3728955779204517
1 0.3081689518337662 0.8516486801972232 0.2755134136130958 0.28267968100470675
1 0.3641632400503773 0.25980605357401776 0.29367027136958346 0.3610501428552598
1 0.414529573723748 0.6093872678602027 0.3179266429208809 0.3770842459395148
1 0.6190222376755281 0.10969873376794562 0.26195552464894367 0.21939746753589123
1 0.7039926226829513 0.3732962146965174 0.3101960300760108 0.37851037824476325
1 0.9205261047042697 0.20326258401612224 0.14912133197588986 0.2539352978886796
1 0.6622932078266601 0.9008854265470706 0.2856519742194024 0.17826491639421035
1 0.5846097003634282 0.670422405036715 0.3147197557657512 0.37546719886161417
1 0.7619667384684977 0.7266473112879508 0.31167664292088093 0.3769751517837136
1 0.26670614314802354 0.05258348336090851 0.2415877137039529 0.10516696672181702
1 0.11286409090945995 0.49319880073134864 0.2257281818189199 0.36672739853730274
1 0.049080472637522764 0.7496493981335609 0.09816094527504553 0.3007012037328781
1 0.2456025113084191 0.5561373571447402 0.3064159328349727 0.3659558311668626