1 0.9027563093168492 0.30852617455280423 0.17593802586424728 0.09603908404557523
1 0.9080863184880492 0.23256291402946055 0.16973348997087 0.09723756299888783
1 0.5785973952893689 0.2985490189805488 0.18218802586424748 0.09640310509226264
1 0.576896154460569 0.22299528213472844 0.17759145407749272 0.0992550893072471
1 0.569057259237707 0.35837904528890807 0.18379598997087018 0.09805661035393456
1 0.6039229703748289 0.03378950550872694 0.18071645407749273 0.06757901101745388
1 0.41680575211157106 0.14964732934860075 0.17906302586424747 0.09622109456891895
1 0.9793438898790925 0.3836179088383759 0.017670884798020835 0.07122255261671846
1 0.7405722095542762 0.2267209796591843 0.1806255258642473 0.09631209983059082
1 0.5859050930986556 0.1546170084572051 0.1742845976510022 0.09282307878390342
1 0.922726794668866 0.03618406882525706 0.15254598997087002 0.07236813765051411
1 0.4364088614410557 0.027307410692752904 0.17718227711788864 0.05461482138550581
1 0.3909489796125359 0.42178763985782697 0.17115959765100214 0.09264106826055962
1 0.7399524324363875 0.30162997439751243 0.17901756175762476 0.09465859456891898
1 0.3944209720906885 0.3560716345961552 0.17745506175762477 0.09456758930724707
1 0.926988397334433 0.00006455830191335609 0.14438649749271767 0.00012911660382671218
1 0.22607413737181012 0.40565294759504306 0.1791084899708701 0.09778359456891894
1 0.40814014278208643 0.2866390951336163 0.17584709765100204 0.09291408404557525
1 0.25324335728442054 0.14201538182414492 0.17745506175762477 0.09456758930724711
1 0.7731587036817814 0.03308109111677524 0.17593802586424764 0.06616218223355048
1 0.4078650096334185 0.21568185302612405 0.18062552586424746 0.09631209983059082
1 0.2474276148062679 0.20786789497832453 0.17115959765100205 0.09264106826055966
1 0.06963523541852362 0.40330773954724347 0.13927047083704724 0.08658848933548188
1 0.9132572032860701 0.16206840350611684 0.16339256175762457 0.09374854195220043
1 0.0706809098708453 0.3320774816547357 0.1413618197416906 0.0878779735504664
1 0.07961197750096483 0.2659974553463765 0.14455163354437942 0.08953147881213823
1 0.8951734783588947 0.38150094296865567 0.17433006175762458 0.09438557878390341
1 0.5942009778966761 0.08394048741051773 0.17745506175762493 0.0945675893072471
1 0.23177621958340602 0.3437066844408634 0.17428459765100213 0.09282307878390342
1 0.7496038802456741 0.157561455981661 0.1775005258642473 0.09613008930724706
1 0.5505823923863751 0.43042835053646245 0.18058006175762475 0.09474959983059077
1 0.8933776461472988 0.44321969296865565 0.17897209765100186 0.09309609456891894
1 0.9766531474009399 0.4492884114692117 0.019324313011265914 0.0744385578783902
1 0.7263923861181689 0.3655937638600513 0.1806709899708702 0.09787459983059081
1 0.7243237692668368 0.4366875138600513 0.18058006175762475 0.09474959983059077
1 0.9174422496042887 0.09865064561360906 0.1587505258642473 0.0950380261671849
1 0.2592636882423752 0.06913161866996528 0.17437552586424748 0.09594807878390339
1 0.09144805093707212 0.1272611790380172 0.13825616943775673 0.08760495776545088
1 0.4282721010162144 0.07722629777856967 0.17593802586424748 0.09603908404557523
1 0.26871289608079174 0.02280119219219683 0.17507420783841654 0.04560238438439366
1 0.09882629341522471 0.061317660622165725 0.13825616943775673 0.08760495776545088
1 0.7655758727238268 0.09111740862661434 0.17750052586424747 0.09613008930724709
1 0.0855186481923628 0.19701994219219685 0.14294366943775674 0.0878779735504664
1 0.2383504800082473 0.27858991865584787 0.17433006175762475 0.09438557878390341
1 0.1063038242940371 0.023907936859937813 0.14051735141192578 0.047815873719875626
0 0.823766457442705 0.047951966575591844 0.03992631802583091 0.03196263154179624