1 0.9843517532214537 0.16121101623934112 0.03082379488495235 0.19600348423243058
1 0.37289207845522293 0.10244185429215309 0.1604658430895541 0.19120949430041678
1 0.9242364098373121 0.15277961397888967 0.14961015632127078 0.20501742116215288
1 0.9543894589256767 0.7449677671892716 0.07691806576579943 0.3314331443766667
1 0.5228511718393646 0.11296439304548656 0.1605476563212708 0.20527199430041682
1 0.4764689920049682 0.6986830342880213 0.16763396935659552 0.349167464665139
1 0.9703336632551576 0.42185757550989667 0.05664192720211787 0.3372103656913195
1 0.3280951245185255 0.6842906131258684 0.17386578863843632 0.3461879350298613
1 0.3518745547457054 0.3574560094023961 0.1707407886384363 0.34611519984750017
1 0.9039728650505557 0.412499452884723 0.16761578863843632 0.346042464665139
1 0.5041546722321482 0.3719393495425004 0.16761578863843632 0.346042464665139
1 0.22617511797742199 0.3404659183123613 0.17072260792027708 0.3429901998475001
1 0.3063872543998042 0.9236615844405212 0.14930108411256365 0.15189242116215276
1 0.8763008203619952 0.7368993876302439 0.1644816982793568 0.344407229482778
1 0.19844853113438382 0.6742408530578821 0.1691419272021178 0.33982883225631966
1 0.6037627450300304 0.7102407429692367 0.17075896935659554 0.3492401998475
1 0.2432363947120016 0.09395459422416687 0.16040221057599682 0.1802719943004168
1 0.45632362188624687 0.9318533313063891 0.14928290339440445 0.13629333738722166
1 0.6291001300776704 0.384223756836945 0.17386578863843632 0.3461879350298612
1 0.5805287363476275 0.9356336011580211 0.1508181323171655 0.12873279768395776
1 0.6485824248644267 0.12448573413552137 0.16527151775758925 0.21163109707395847
1 0.18066963691336152 0.9097964933504862 0.15399767447164328 0.1535640239356944
1 0.7766437923508694 0.13840537661232705 0.15588742739850953 0.20985039152687515
1 0.8515543086545303 0.9505345153863198 0.14599427693097128 0.09893096922736042
1 0.7062781700908488 0.9425388710096531 0.15544199980360834 0.11492225798069385
1 0.7263644528755526 0.7224705988769103 0.1707407886384363 0.34611519984750017
1 0.7548222927436529 0.39730759792697984 0.16761578863843632 0.346042464665139