1 0.10390625 0.71171875 0.10546875 0.1921875
1 0.0265625 0.55078125 0.053125 0.1953125
1 0.0046875 0.74609375 0.009375 0.1875
1 0.1453125 0.52734375 0.10703125 0.19453125
1 0.16953125 0.6953125 0.1015625 0.19375
1 0.040625 0.728125 0.08125 0.19140625
1 0.0015625 0.2109375 0.003125 0.1875
1 0.015625 0.375 0.03125 0.1875
1 0.23359375 0.153125 0.10859375 0.18515625
1 0.28359375 0.4921875 0.10703125 0.1875
1 0.0375 0.19921875 0.075 0.1875
1 0.259375 0.328125 0.1078125 0.1828125
1 0.121875 0.353125 0.10234375 0.1875
1 0.0265625 0.05859375 0.053125 0.1171875
1 0.38828125 0.65546875 0.103125 0.18671875
1 0.3171875 0.6703125 0.103125 0.18671875
1 0.32890625 0.3125 0.10546875 0.1828125
1 0.078125 0.54140625 0.10234375 0.1890625
1 0.30625 0.13984375 0.10390625 0.18359375
1 0.1609375 0.1671875 0.10546875 0.184375
1 0.05390625 0.3640625 0.10546875 0.18828125
1 0.215625 0.040625 0.08828125 0.08125
1 0.09609375 0.18671875 0.10390625 0.18359375
1 0.35625 0.4765625 0.10703125 0.18671875
1 0.24453125 0.68359375 0.10078125 0.1890625
1 0.1453125 0.0484375 0.09453125 0.09609375
1 0.21796875 0.51328125 0.10703125 0.19140625
1 0.07890625 0.0546875 0.09765625 0.109375
1 0.28125 0.0328125 0.08203125 0.06484375
1 0.19375 0.34140625 0.10625 0.18125
0 0.03671875 0.60859375 0.028125 0.04296875