1 0.2765983405554714 0.13135218670431645 0.16469882513557327 0.1112840400222717
1 0.8658774465308408 0.5038588214512674 0.16783291549465282 0.11288290268936266
1 0.5711790666495622 0.2605697087444055 0.1678056444174139 0.10819540268936265
1 0.5834705092715781 0.16226856874599635 0.16465337334017516 0.1034715400222717
1 0.9832159792173487 0.21067299013363022 0.03185905405833438 0.10505112667090888
1 0.963764979806524 0.5995354954646304 0.06313632513557295 0.11010225334181775
1 0.5573114884889268 0.3611964174092692 0.1740738251355733 0.11139312802354437
1 0.2911335392276115 0.05026581870622545 0.161482921544777 0.09562267735518082
1 0.8950029069104459 0.19792699478831258 0.1772260962128122 0.11611699069063527
1 0.3951382205349459 0.43743964938731567 0.16783291549465282 0.1128829026893626
1 0.8750711602300957 0.4008338187857673 0.17253859621281215 0.11606244668999892
1 0.13804490066392994 0.04223404801877186 0.16141019867214013 0.08312267735518082
1 0.23897457894620225 0.4207777660327713 0.17098518657189174 0.11760676535645342
1 0.9771790817748727 0.30826560546622117 0.04276928298109546 0.10049089600572696
1 0.9154295572797881 0.044248011457630645 0.1611283975406721 0.03468517735518082
1 0.7380716508603217 0.17891227076699537 0.1600022347764936 0.10966699602163539
1 0.8858137383907309 0.3001707474538126 0.1740920058537326 0.11451812802354437
1 0.4058217113615637 0.3469328280553611 0.16314541549465286 0.11282835868872629
1 0.08064750327055177 0.4001823606779086 0.16129500654110354 0.11749767735518084
1 0.716563768641352 0.3841446634309046 0.16470791549465283 0.11284654002227175
1 0.9742717295119363 0.40511333346590295 0.04751132513557295 0.10992044000636336
1 0.4204841750608185 0.24397146005727008 0.1600113251355733 0.11122949602163539
1 0.8551894105246831 0.5951468927832219 0.1740920058537326 0.11451812802354447
1 0.09583363300453665 0.3144175833465903 0.16782382513557326 0.11132040268936265
1 0.757667054254726 0.033817946769540724 0.1580033975406721 0.034648814688089925
1 0.38126155201523093 0.5396288580521794 0.17097609621281212 0.11604426535645337
1 0.9080119670189045 0.11057244545667615 0.17093973477649343 0.10979426535645347
1 0.5457876603282914 0.46185039807445116 0.1709397347764936 0.10979426535645338
1 0.532751329142594 0.5538924474060876 0.17252950585373253 0.11449994668999892
1 0.25277852459328026 0.3310885573679075 0.16316359621281212 0.11595335868872621
1 0.7319983919815272 0.2827548860995863 0.16783291549465282 0.11288290268936256
1 0.95376729020957 0.7064576574633576 0.07251132513557294 0.11021134134309048
1 0.5227672750842596 0.6584708594048149 0.17879768657189174 0.11769767202418073
1 0.12901026824856848 0.11791530068427192 0.16158291549465287 0.1128101773551808
1 0.9713189254536019 0.5097735614655848 0.0521806444174139 0.10684998400699967
1 0.04823751210024841 0.034938621339908785 0.05352497579950318 0.06936816534054512
1 0.43796308743221335 0.059787364059497264 0.1630999636992548 0.10501585868872627
1 0.263512012394836 0.2319879860359529 0.16470791549465283 0.11284654002227172
1 0.432761982144215 0.14801407005886094 0.15529655405833437 0.10648745202099903
1 0.11359382562655256 0.2161800780155902 0.16627950585373247 0.11442722135581711
1 0.7050353953011769 0.4855798940960865 0.16627950585373236 0.11442722135581711
1 0.22588825078556693 0.5214135653644076 0.17253859621281206 0.11606244668999892
1 0.8436519468254284 0.6981446234484038 0.17411018657189176 0.11764312802354446
1 0.03612333148028504 0.10277101133831797 0.03810905405833439 0.1051238520050907
1 0.0729324641902341 0.5000823633434086 0.1458649283804682 0.11578972668681722
1 0.06794952752014652 0.6023715693427724 0.13589905504029304 0.11724313868554467
1 0.6928075851927182 0.5729435340944956 0.16943177693097128 0.11915108402290801
1 0.7534199157892404 0.0923662434356771 0.16002041549465282 0.11279199602163537
1 0.596470479020957 0.07647651941435991 0.1678056444174139 0.1081954026893626
1 0.6789218263139236 0.6766952427593594 0.16473518657189173 0.11753404002227157
1 0.3712956786750558 0.6410822700509067 0.16470791549465283 0.11284654002227157
1 0.217503058163551 0.6197601586966804 0.16465337334017516 0.10347154002227157
0 0.7022528464092038 0.023797509428677432 0.040688632513557366 0.011410214672181562
0 0.5322579880961433 0.10151233473899665 0.04551248789975162 0.034902258672817876