1 0.18515625 0.57421875 0.075 0.16875
1 0.17265625 0.89765625 0.06953125 0.17109375
1 0.17265625 0.89765625 0.06953125 0.17109375
1 0.1578125 0.98984375 0.071875 0.0203125
1 0.034375 0.98046875 0.06875 0.0390625
1 0.0921875 0.9921875 0.065625 0.015625
1 0.1015625 0.9 0.06484375 0.17421875
1 0.11953125 0.575 0.06640625 0.17890625
1 0.05546875 0.5671875 0.07578125 0.17421875
1 0.0140625 0.56328125 0.028125 0.1609375
1 0.0109375 0.7265625 0.021875 0.15625
1 0.04609375 0.734375 0.06875 0.16328125
1 0.11171875 0.7375 0.0796875 0.165625
1 0.1765625 0.73671875 0.0796875 0.16640625
1 0.0359375 0.884375 0.065625 0.15703125