1 0.296875 0.96484375 0.06875 0.0703125
1 0.075 0.19609375 0.0671875 0.16015625
1 0.425 0.96640625 0.06875 0.0671875
1 0.46875 0.19921875 0.06640625 0.1609375
1 0.4984375 0.96640625 0.071875 0.0671875
1 0.0296875 0.853125 0.059375 0.16796875
1 0.0265625 0.96640625 0.053125 0.0671875
1 0.48359375 0.51640625 0.07109375 0.1625
1 0.34765625 0.521875 0.0703125 0.16171875
1 0.425 0.8515625 0.0703125 0.16640625
1 0.49296875 0.85390625 0.0703125 0.16953125
1 0.22265625 0.85546875 0.0703125 0.16640625
1 0.2234375 0.96640625 0.071875 0.0671875
1 0.146875 0.68515625 0.06953125 0.16328125
1 0.078125 0.35703125 0.0703125 0.16953125
1 0.0921875 0.96640625 0.071875 0.0671875
1 0.0890625 0.85625 0.0703125 0.16875
1 0.153125 0.96640625 0.06875 0.0671875
1 0.55 0.6859375 0.0671875 0.16328125
1 0.35 0.684375 0.06875 0.165625
1 0.146875 0.52265625 0.06875 0.16171875
1 0.40546875 0.19765625 0.0671875 0.1578125
1 0.34296875 0.3578125 0.0671875 0.1625
1 0.4734375 0.35859375 0.0671875 0.16171875
1 0.20703125 0.1953125 0.0671875 0.159375
1 0.53203125 0.05859375 0.06875 0.11640625
1 0.48515625 0.68359375 0.07734375 0.165625
1 0.2703125 0.19609375 0.06640625 0.1625
1 0.15 0.85546875 0.06875 0.16796875
1 0.5484375 0.51640625 0.07421875 0.1625
1 0.41796875 0.521875 0.06796875 0.16171875
1 0.2796875 0.35703125 0.07109375 0.1671875
1 0.14296875 0.35703125 0.0671875 0.16328125
1 0.40390625 0.0546875 0.0671875 0.10859375
1 0.13984375 0.19609375 0.0671875 0.15859375
1 0.28828125 0.68515625 0.0703125 0.1671875
1 0.21953125 0.684375 0.06796875 0.1609375
1 0.21640625 0.521875 0.06640625 0.16015625
1 0.08125 0.52265625 0.0703125 0.16015625
1 0.35234375 0.8484375 0.0703125 0.16328125
1 0.5578125 0.9625 0.065625 0.07421875
1 0.28359375 0.5171875 0.071875 0.16171875
1 0.54296875 0.3578125 0.06796875 0.16328125
1 0.29453125 0.85390625 0.06953125 0.1640625
1 0.33671875 0.20078125 0.06953125 0.16328125
1 0.0703125 0.05546875 0.06875 0.1109375
1 0.42109375 0.68359375 0.0671875 0.1625
1 0.3546875 0.96640625 0.065625 0.0671875
1 0.08515625 0.68515625 0.071875 0.16875
1 0.5359375 0.2 0.06640625 0.16015625
1 0.0296875 0.68359375 0.059375 0.171875
1 0.20703125 0.353125 0.07734375 0.16640625
1 0.553125 0.8453125 0.06875 0.16953125
1 0.20546875 0.053125 0.06875 0.10546875
1 0.41015625 0.3578125 0.065625 0.16328125
1 0.01875 0.1875 0.0375 0.1640625
1 0.01875 0.053125 0.0375 0.10546875
1 0.0203125 0.353125 0.040625 0.17578125
1 0.465625 0.05703125 0.06796875 0.1140625
1 0.0296875 0.515625 0.059375 0.1640625
1 0.12578125 0.05703125 0.09296875 0.1125
1 0.33359375 0.05234375 0.07421875 0.1046875
1 0.26640625 0.0546875 0.06796875 0.109375