1 0.9668303587630028 0.9106997303278973 0.06633928247399438 0.0387150192218769
1 0.9694547524323367 0.7847137624400728 0.061090495135326606 0.08049308344622794
1 0.6019567499934094 0.9318332604039078 0.13406708279171564 0.0788354081860291
1 0.6659931927758296 0.005658021258041773 0.15386138555165907 0.011316042516083546
1 0.2103732219902322 0.9421897427639108 0.1327227711033184 0.09125352103089916
1 0.5917441785657795 0.7947426961795566 0.13900004464226862 0.09314356965141819
1 0.2118908575418914 0.9843362991863458 0.1267534147726524 0.017570359565510073
1 0.870679476454459 0.9161861697215906 0.13209547970746058 0.055316021030899165
1 0.7313481952048709 0.8632769329505736 0.14220686525911966 0.09799484396167771
1 0.8660720227215808 0.7866215004542851 0.1389182240254178 0.0884560696514182
1 0.09408970291550875 0.9553215858210773 0.11227390340856666 0.08237648801421216
1 0.33465838148787885 0.8050881331984009 0.13897277110331832 0.09158106965141818
1 0.7339879999934095 0.9249137957954439 0.1385363944801128 0.06658106965141819
1 0.9286022869316308 0.004251572253409974 0.09470457386326174 0.008503144506819948
1 0.1946919005626023 0.8053857835825138 0.13116027110331832 0.09117163387576932
1 0.9693007938281945 0.8613172060176378 0.06139841234361114 0.08994997060135787
1 0.46594929179630434 0.8005533621675017 0.14064436525911966 0.09791295680654777
1 0.8051238766232054 0.0057974621220731855 0.14462275324641077 0.011594924244146371
1 0.5214483060063545 0.008479806083750855 0.13977161201270896 0.01695961216750171
1 0.08936920088691386 0.8640791101313369 0.1174796006486231 0.1123096494796016
1 0.33115728043221865 0.87330254466379 0.13741027110331833 0.09149918249628826
1 0.8658459261301475 0.8632658876094149 0.1389727711033185 0.09158106965141818
1 0.20836466273746695 0.8719181863414758 0.1295432240254177 0.08796474672063966
1 0.6024555819743462 0.8708138732487782 0.1358477711033183 0.09141729534115868
1 0.7269686124131554 0.7915657072608331 0.1389727711033185 0.09158106965141818
1 0.08528962702365196 0.8095553844415964 0.11723413879807006 0.0982471494796016
1 0.46399705397116897 0.8679046364777612 0.13765573295387146 0.10556168249628825
1 0.4800953867628846 0.9390017085040284 0.13409435633066594 0.0803979081860291
1 0.336222655837608 0.9395040767759657 0.13746481818121908 0.09462418249628826
1 0.10084426338609002 0.9839002872005583 0.1175966030842551 0.02957903663473118
1 0.09538342166592065 0.8950425050883826 0.1252102800317721 0.10803158525525021
1 0.6098510706102604 0.9361113246282592 0.13390344155801373 0.0694604081860291