1 0.49216745611959184 0.9862694499091429 0.22528384288963732 0.027461100181714215
1 0.12757578513188375 0.5672051893936934 0.2154233646384672 0.15941037878738662
1 0.3211148795043958 0.629580115897088 0.25273236364988405 0.15668817051050077
1 0.5358206611390575 0.7905120511069098 0.2496710306460784 0.15808689620024124
1 0.12111222091115845 0.6572979228853499 0.195238198630856 0.16147084577069998
1 0.5506551408731023 0.6954009469684669 0.2527960306460784 0.15825067051050076
1 0.7572937545229864 0.84967344640264 0.24791752965749508 0.15331750904511168
1 0.503857031214732 0.9473297806418376 0.24565469269935694 0.10534043871632477
1 0.3083694817855734 0.7185640507682256 0.25611203163466156 0.1631019448207603
1 0.1062870114430686 0.8482980591359686 0.1495436966536896 0.1497211182719372
1 0.511660260948777 0.8672040258921392 0.2544221976422728 0.1598950576656307
1 0.7400200242946499 0.9316782044316987 0.2465460306460784 0.13664359113660254
1 0.11656132516950231 0.7560662935321363 0.17798703163466162 0.15900758706427265
1 0.7716971527361004 0.7631151486866322 0.2501166996194392 0.16902439620024126
1 0.7189382031538424 0.9779390507682255 0.2436173488211363 0.04412189846354906
1 0.2935031685534312 0.8128939049066686 0.25767453163466153 0.16318383197588987
1 0.27407668931367796 0.9101030975797222 0.2591733646384672 0.1617032191310198
1 0.9235381784392629 0.8926875412688288 0.10920785672980174 0.11642393939369348
1 0.9379734101504742 0.8069104935528209 0.11571252471457924 0.12300148801421251
1 0.9031394482109265 0.9622243981786056 0.11564885771838504 0.07555120364278878
0 0.14887641805913968 0.8029755930571666 0.050220175893442943 0.04628850180902226
0 0.03384037258431363 0.5817822665083433 0.022095175893442964 0.044814533016686656