1 0.5950116801906326 0.612774794295777 0.1745944456152035 0.24630334913967822
1 0.9487296006486231 0.3406650076022483 0.10254079870275383 0.24593064441741408
1 0.6737639715864904 0.6491668122497579 0.17785581330995512 0.2541340298578376
1 0.9060873222351133 0.7567576402140015 0.17149671915415396 0.24784766842151917
1 0.9441737033225458 0.7905695588319124 0.08205238960884884 0.22545451795398092
1 0.8304736676087309 0.7211650529781799 0.1793364926931041 0.24945562021691714
1 0.9500096826295599 0.17036614314086776 0.09998063474088034 0.14902837334017516
1 0.9467870454530477 0.5640797817045493 0.10642590909390463 0.24285109621281223
1 0.9888597228076016 0.36589681175877864 0.02228055438479686 0.22984203610435347
1 0.8127375535707223 0.10784289636232161 0.13622960064862316 0.10703177088084712
1 0.7470672836819248 0.46289348984465917 0.17777399269310407 0.2494465298578376
1 0.7572173997518235 0.6863673512809777 0.1793092191541536 0.24789312021691715
1 0.9036740194784653 0.3052269564707802 0.17777399269310407 0.24944652985783752
1 0.9869057106327371 0.1947985165792388 0.02618857873452569 0.1564136264634331
1 0.9105427181398562 0.5341650227275588 0.1789145637202875 0.2541703912941561
1 0.8304450251605081 0.271991754773578 0.177610351459402 0.2400715298578376
1 0.8906676846581547 0.14188661913676265 0.1476580243497292 0.13522040339440444
1 0.8305070750777827 0.49931277887587894 0.1808444456152035 0.24633971057599685
1 0.6799246481302657 0.42031964958377543 0.1793364926931041 0.24945562021691714
1 0.7556262573036007 0.2371849627172961 0.1839694456152035 0.24635789129415606
0 0.9913165211033184 0.2049774924769378 0.01736695779336337 0.061055674668035034
0 0.9302756554371616 0.17336387811375312 0.04144320616851012 0.047111349336070064