1 0.07566946460846403 0.13123127132400042 0.14298643939369338 0.10628745735199914
1 0.9286473004295412 0.15094630987432398 0.14270539914091743 0.10641472668681726
1 0.7371182196968467 0.04878929929186555 0.2523614393936933 0.0975785985837311
1 0.9291314396766068 0.0516498489417754 0.14173712064678626 0.1032996978835508
1 0.08296738749381402 0.22573524932368225 0.14742827792830412 0.1016545013526355
1 0.7447846347802806 0.14533375123332276 0.2432321008590826 0.11213856269890758
1 0.5050869696968467 0.050139263307614826 0.25236143939369343 0.10027852661522965
1 0.9343108022385636 0.24544119720723306 0.1313783955228729 0.1016545013526355
1 0.7466547512431955 0.24068261390041368 0.26165455223856354 0.10610673870145293
1 0.2719446783124169 0.23682564863145616 0.23805327792830414 0.10270901869827131
1 0.2696241824962884 0.13288303596436526 0.24290455223856364 0.10588856269890759
1 0.5130023682719372 0.13786833859804862 0.2508808265488231 0.10910446936663484
1 0.2626947518090223 0.04764206665738679 0.2519520036180446 0.09528413331477358
1 0.4978487590451115 0.2365421959341394 0.2475920522385636 0.10594310669954395
1 0.07096095318850329 0.0421875 0.14192190637700658 0.084375