1 0.85234375 0.18359375 0.09609375 0.2265625
1 0.75078125 0.18046875 0.0921875 0.2265625
1 0.853125 0.0328125 0.09375 0.065625
1 0.9390625 0.03515625 0.096875 0.0703125
1 0.9984375 0.0375 0.003125 0.07421875
1 0.7546875 0.03125 0.090625 0.0625
1 0.73984375 0.4078125 0.09609375 0.22890625
1 0.93671875 0.18671875 0.0921875 0.22578125
1 0.84296875 0.41171875 0.096875 0.2296875
1 0.653125 0.403125 0.09765625 0.2296875
1 0.66640625 0.1765625 0.090625 0.22578125
1 0.4828125 0.02734375 0.096875 0.0546875
1 0.38984375 0.1703125 0.0953125 0.2265625
1 0.47890625 0.17265625 0.096875 0.2296875
1 0.9953125 0.18359375 0.009375 0.2265625
1 0.3953125 0.02734375 0.096875 0.0546875
1 0.56796875 0.4 0.09609375 0.228125
1 0.584375 0.0296875 0.1 0.05859375
1 0.92890625 0.41484375 0.0953125 0.22890625
1 0.56953125 0.1734375 0.09453125 0.22734375
1 0.66875 0.0296875 0.09375 0.05859375
1 0.9859375 0.4203125 0.028125 0.22265625
1 0.465625 0.39765625 0.0953125 0.22578125
1 0.3734375 0.40625 0.09765625 0.2171875
0 0.41171875 0.47578125 0.03359375 0.0359375
0 0.515625 0.31640625 0.0265625 0.0296875
0 0.41953125 0.3109375 0.02421875 0.03203125