1 0.06345982190399292 0.38203373920022676 0.12691964380798584 0.12344247840045357
1 0.06645884175562491 0.2609945529025577 0.13291768351124983 0.12823910580511536
1 0.9575695785535068 0.37981411804046894 0.06351959897381931 0.1130654843909034
1 0.057667029635277776 0.06061260698624167 0.11533405927055555 0.09622521397248333
1 0.5192578398557639 0.06348221287617499 0.27085932028847226 0.10000995680090718
1 0.5341340381846525 0.2641642591553107 0.2700241721120834 0.13120539309857637
1 0.5282632850505206 0.382023881750649 0.2747116721120834 0.13136908420556886
1 0.7912419426293056 0.0682887970817439 0.27064111474138886 0.0906349568009072
1 0.2558674870822222 0.05897572903342578 0.2771456878796529 0.10179071161023061
1 0.9529749571626039 0.2748810813799801 0.07140483415618064 0.11646330290255769
1 0.7909633068020135 0.3825968337422328 0.27144120174736114 0.12500995680090715
1 0.2537535943210761 0.3849479519915838 0.28092530452090286 0.13002483901489229
1 0.8035743692067012 0.2774827478073833 0.2747844072944446 0.13449408420556885
1 0.25488229606843726 0.2692683882892529 0.2779094072944446 0.13460321161023056
1 0.05526807503812496 0.1480580432839108 0.11053615007624992 0.1273660865678216
1 0.9511059454790971 0.15362364027298747 0.07133209897381931 0.11333830290255764
1 0.5208547478157985 0.16283737213200214 0.27307643692972233 0.1281895205032381
1 0.8006695343849305 0.1671355248492253 0.273767421162153 0.1578770205032381
1 0.2511234760643054 0.1620188834799295 0.2777639369297223 0.1283532116102306