1 0.2877466922050654 0.1293227532987053 0.12269203657757739 0.17680184389007841
1 0.3636963103407547 0.6910247829238765 0.13490287650146532 0.20837009263643722
1 0.4877916794278462 0.8639658409205776 0.1302153765014653 0.20823370031656907
1 0.37947918334499786 0.48469822657652806 0.13015170950527094 0.2066712003165691
1 0.7050562090109793 0.2210582415537158 0.13008804250907638 0.20510870031656908
1 0.41908810037837324 0.8822551881758681 0.13659271049385407 0.21154055674305985
1 0.7545335800752371 0.40119202243252816 0.12702670950527092 0.2065802721033238
1 0.33859556228073995 0.30481449828414037 0.1317778765014653 0.20827916442319178
1 0.6561345948668038 0.07371422862159205 0.11851918973360753 0.11269387978345571
1 0.4066770588206989 0.29040866897553835 0.12846187551288218 0.20350073620994644
1 0.9070656028498313 0.9081587394421448 0.1007586867678576 0.0981312746106063
1 0.3099625207974277 0.5021835917785074 0.13346771049385406 0.2114496285298145
1 0.49865501730020556 0.09644337179938992 0.1254350346004111 0.16751777210332378
1 0.25460256425790634 0.31173443652651556 0.13652904349765968 0.20997805674305986
1 0.6856708335352782 0.4155751196878189 0.1333403765014653 0.2083246285298145
1 0.6312512944862428 0.22905494648913843 0.13652904349765968 0.20997805674305986
1 0.35579635524692704 0.11413567399010324 0.11956703657757739 0.17671091567683303
1 0.43408972338261637 0.6759058997752085 0.13015170950527094 0.20667120031656908
1 0.8344557738003584 0.9263344264308788 0.10531885277546911 0.09514266693047446
1 0.21051303015178685 0.14892454796757124 0.127634204562355 0.18318823620994645
1 0.9076294051703773 0.3666304689881736 0.12878021049385424 0.21131323620994652
1 0.5770519313306505 0.08623930918383531 0.1228538626613009 0.1424723079967011
1 0.5991258384781941 0.4364666297169487 0.13809154349765967 0.21002352084968262
1 0.4506020386291059 0.9785976761016743 0.11466467787060922 0.042804647796651454
1 0.5469863824329643 0.24845215267820234 0.13015170950527094 0.20667120031656908
1 0.7433745400747996 0.6060924710997446 0.13334037650146513 0.2083246285298145
1 0.5743685079830275 0.8438555808914477 0.1317778765014653 0.20827916442319178
1 0.7955139961200294 0.7941069481384911 0.13496654349765969 0.2099325926364372
1 0.8128912026223698 0.5886071058977652 0.13008804250907663 0.20510870031656908
1 0.6139960351690648 0.9647374160725445 0.0941266847906915 0.07052516785491107
1 0.4618141808735398 0.4753890742275301 0.12846187551288213 0.20350073620994652
1 0.5190403849416033 0.654187675639456 0.13015170950527094 0.20667120031656908
1 0.8920375331547173 0.577644525335522 0.13015170950527094 0.20667120031656908
1 0.863563659161891 0.7789198688298891 0.12858920950527092 0.20662573620994634
1 0.4812486358930054 0.26292617814673835 0.1333403765014653 0.2083246285298145
1 0.8359599936113904 0.3887351380302189 0.12858920950527092 0.20662573620994645
1 0.5375490099230127 0.4573043154520414 0.1252095415204934 0.2002848079967011
1 0.7806955375661606 0.20062973277822715 0.128461875512882 0.20350073620994644
1 0.5376882031538424 0.969828081353666 0.0998673488211363 0.06034383729266786
1 0.8463696171099251 0.18459320730969112 0.12689937551288216 0.20345527210332373
1 0.43491085228117754 0.10239184342785998 0.12607170456235503 0.18314277210332378
1 0.6455431710248891 0.828759429796091 0.1318415434976597 0.2098416644231918
1 0.9479440459691176 0.563170499866986 0.10411190806176478 0.20336434389007838
1 0.9382354414822185 0.7585595562143345 0.12352911703556302 0.20667120031656908
1 0.8063428419010542 0.06403901491068079 0.11268568380210837 0.0844324874635877
1 0.7204649165762649 0.8098706889672911 0.13015170950527094 0.20667120031656908
1 0.9765093977560035 0.7413326037861943 0.04698120448799301 0.2067788489046432
1 0.733191843383929 0.06893345189941477 0.11950868676785795 0.0986768438900784
1 0.966617086006736 0.8908779627199674 0.06676582798652789 0.0981312746106063
1 0.8596442554372075 0.05076377658916328 0.08491351087441501 0.0539720976510021
1 0.6843257812147321 0.9540075103915878 0.10075868676785796 0.09198497921682432
1 0.668293627032938 0.6210749619285446 0.1315232085166876 0.2020291644231918
1 0.7593430272603994 0.9405356672596786 0.0960075197716634 0.09643238229073817
1 0.9090141971479813 0.17080950362790967 0.09714820851668762 0.20102895407749283
1 0.5917457144853678 0.6383557386507219 0.1252732085166878 0.2018473079967011
1 0.9566008157221905 0.3573069447732788 0.08679836855561902 0.20576191818411543
1 0.9834995439919514 0.540088352532553 0.03300091201609732 0.19051735141192588
0 0.791785593383929 0.0706383558977653 0.0440975098858317 0.04810253087881238
0 0.3627877959691176 0.22826637015003728 0.03778384288963732 0.04635817445232169
0 0.44008512501859054 0.21022707548117134 0.03772017589344294 0.04479567445232162
0 0.6183718814815622 0.6406911284633076 0.052228344866803764 0.056142351411925875