1 0.36710388602700916 0.8404081575086604 0.16923438936371688 0.12414126413349429
1 0.6968930126600694 0.48851262833716086 0.16950740514873247 0.12882876413349428
1 0.7157787915286774 0.570588143940993 0.17281441567207612 0.1321175384437538
1 0.795999828642729 0.2795736403229484 0.17759292093374784 0.13392569990914288
1 0.2520964521508432 0.4937998303940104 0.17281441567207612 0.13211753844375362
1 0.5385197995623596 0.4333382066950063 0.1695984104104042 0.1303912641334941
1 0.5633293547393268 0.5229396172558843 0.1695984104104042 0.13039126413349428
1 0.8376699311041558 0.4568421472203534 0.18080892619541977 0.1356519742194024
1 0.6520069049369709 0.3098453957500154 0.17455892619541977 0.13532442559888339
1 0.7637443966209402 0.748310352217879 0.1727234104104042 0.13055503844375363
1 0.7398070967056446 0.660230498079436 0.1711609104104042 0.13047315128862386
1 0.6482852675688054 0.8648538003179997 0.17106990514873247 0.12891065128862386
1 0.6786064732681177 0.40327116915576366 0.1695984104104042 0.13039126413349425
1 0.9712427523484873 0.6031328917932864 0.05751449530302537 0.12045634215265544
1 0.22659665223554776 0.4058018634106972 0.17281441567207612 0.13211753844375376
1 0.3680183127871263 0.3717466887163249 0.1743769156720761 0.13219942559888337
1 0.8572459547110919 0.5373142192466208 0.18080892619541977 0.1356519742194024
1 0.6020641729998865 0.6901747048859839 0.16950740514873247 0.12882876413349428
1 0.34169509137338566 0.7539726905253472 0.17410389988706054 0.12751192559888339
1 0.6301807387001974 0.7827373411366025 0.16785389988706054 0.12718437697836435
1 0.9238140155026671 0.2540679500247439 0.1457058841020448 0.12135045680654792
1 0.8796662572572232 0.6262572105401935 0.17612142619541976 0.13540631275401332
1 0.9833024075678068 0.6932665688625079 0.03339518486438635 0.11634869629109837
1 0.9513937129565356 0.4328170697670191 0.09721257408692878 0.12357469810012063
1 0.4404294520096689 0.6328203075540889 0.16307539462538861 0.12537621551297526
1 0.38272815700310947 0.9203036974227521 0.15664338410204498 0.12192366689245623
1 0.09831973379146144 0.43681724728646654 0.15222889988706054 0.12636550542706698
1 0.8135961232963526 0.3664185430819104 0.17759292093374804 0.133925699909143
1 0.6746272306665153 0.9269476865686184 0.16723227360693613 0.08976626413349394
1 0.4140041889260764 0.5558417277259053 0.17097889988706055 0.12734815128862387
1 0.7867184360128918 0.8333061499338867 0.17097889988706055 0.12734815128862415
1 0.5128379891237205 0.34221523971169304 0.1727234104104042 0.1305550384437537
1 0.30599353882725433 0.6657257400503773 0.16169490514873236 0.12841932835784534
1 0.276397773112826 0.5881296845324533 0.1680359104104042 0.13030937697836437
1 0.5133488254471958 0.889165482814288 0.15995039462538863 0.12521244120271574
1 0.1383363309912163 0.6126051413390012 0.17446792093374794 0.1337619255988834
1 0.4937728018402597 0.8086934107880207 0.15360938936371688 0.12332239258219672
1 0.9203809614646496 0.8071863059722093 0.15923807707070062 0.12734815128862387
1 0.4714435045558002 0.7213129194944481 0.15682539462538864 0.12504866689245625
1 0.9936630548946186 0.7795758830868593 0.012673890210762906 0.1139673247398008
1 0.11848729159926459 0.5274455693127338 0.16500191567207606 0.13170810266810484
1 0.16976761249066025 0.6948068097017954 0.17603042093374793 0.13384381275401314
1 0.9647883550216754 0.5142751096811109 0.07042328995664918 0.11774077792830404
1 0.5642463836079348 0.6059568351437088 0.1470863735787013 0.1183073439616777
1 0.3920466179640936 0.4613890428547679 0.17768392619541978 0.13548819990914293
1 0.9082910571725187 0.7140914032132473 0.17263240514873246 0.12899253844375363
1 0.24035094120397646 0.9379526221171244 0.1701598525320139 0.11328565128862422
1 0.9332484706372817 0.8613415394638657 0.13350305872543658 0.07620173111680728
1 0.3855948227457727 0.9695224474227521 0.14842208944842133 0.03425989258219673
1 0.5307785201290542 0.9462409984181204 0.15805469468185826 0.06591932835784534
1 0.08538490721487095 0.712550909656367 0.04314232622365464 0.09884029172311415
1 0.93889793010638 0.338200610585622 0.1222041397872399 0.12110479534115867
1 0.8044666491106016 0.8958504155377192 0.15905575256024881 0.08310682835784533
1 0.06438289150044257 0.6345044747852293 0.04314232622365464 0.09884029172311415
1 0.15858500171320272 0.9602613913390012 0.04619173151356133 0.07096095318850323
1 0.18772792819097117 0.7879017124607575 0.17603042093374793 0.13384381275401314
1 0.13468549915295397 0.8862849807781231 0.046085315700310936 0.0958790660333733
1 0.21704297284459476 0.8741324615562462 0.17437691567207608 0.13219942559888337
1 0.047840862631834576 0.5523061284487024 0.03671031570031095 0.09538774310259512
1 0.03070729956235955 0.4599515321121756 0.013181810438639096 0.09259693577564879
1 0.11028546765351004 0.8037148202172449 0.042869310438639105 0.09415279172311405
0 0.7515236596339454 0.9017595788121306 0.046116136803468065 0.042917840343633176
0 0.5999486651779659 0.6134893741532894 0.03737817363517095 0.05336401741285464
0 0.842582757186636 0.702645970151132 0.042627115756780756 0.036504066033373486