0 0.56953125 0.47971276301468696 0.0375 0.044622822188333446
0 0.59140625 0.6745161167381593 0.0390625 0.04778418977951393
0 0.75390625 0.08167138725538131 0.04375 0.05258079255305559
0 0.73984375 0.9359049455760063 0.0328125 0.04607621941479181
0 0.82578125 0.7331234780610757 0.0328125 0.04138871941479181
1 0.97421875 0.7874810568989228 0.0515625 0.26838763050895836
1 0.9171875 0.7974022239770131 0.15625 0.28176175911805573
1 0.68046875 0.8318181640408675 0.1515625 0.2816526563445141
1 0.9125 0.0516085596518052 0.0875 0.1032171193036104
1 0.56171875 0.8517696009705897 0.1515625 0.2738401563445141
1 0.36328125 0.09427406402020821 0.1453125 0.18854812804041643
1 0.25859375 0.10804366365961784 0.1453125 0.19244468597979184
1 0.8234375 0.060766660525485794 0.140625 0.12153332105097159
1 0.31484375 0.6153281803771178 0.153125 0.3035640239356946
1 0.70703125 0.06917987899034696 0.1453125 0.13835975798069391
1 0.8 0.8141922933155549 0.1515625 0.2816526563445141
1 0.39140625 0.32057741840927056 0.1609375 0.30374586189159736
1 0.28828125 0.33938392942718726 0.15625 0.3036367591180557
1 0.48203125 0.08586084555534705 0.1453125 0.1717216911106941
1 0.6265625 0.28463534593659673 0.1609375 0.30687086189159735
1 0.4546875 0.8605107809664579 0.146875 0.2612310535709724
1 0.95703125 0.5199123504019089 0.0859375 0.29262521751493065
1 0.6 0.07357774468166645 0.15 0.1471554893633329
1 0.85078125 0.2544165966021868 0.1578125 0.2989856267092363
1 0.7328125 0.2696623497363188 0.1625 0.3022197294827779
1 0.3453125 0.869306512349097 0.15625 0.2489492591180557
1 0.93828125 0.2422237614960756 0.1046875 0.28681162860909726
1 0.64765625 0.5599256334556592 0.15625 0.3005117591180557
1 0.50859375 0.3022248490707288 0.1625 0.30534472948277785
1 0.42109375 0.5964489341768399 0.159375 0.3099594943004167
1 0.8796875 0.5318687961653465 0.15625 0.3005117591180557
1 0.7671875 0.5454247627303466 0.1578125 0.3083606267092362
1 0.53125 0.5759162689986107 0.1546875 0.3004753915268751
0 0.68203125 0.453656796449687 0.0421875 0.07285692496187508