1 0.85859375 0.03203125 0.0703125 0.0640625
1 0.9796875 0.296875 0.040625 0.1640625
1 0.9796875 0.45703125 0.040625 0.1640625
1 0.92421875 0.29609375 0.0734375 0.159375
1 0.86015625 0.3 0.071875 0.1609375
1 0.72109375 0.29765625 0.0703125 0.15859375
1 0.71640625 0.79609375 0.071875 0.17421875
1 0.71640625 0.1375 0.06953125 0.15390625
1 0.92578125 0.45859375 0.071875 0.165625
1 0.925 0.94140625 0.075 0.1171875
1 0.8578125 0.13984375 0.06875 0.153125
1 0.8609375 0.459375 0.0703125 0.16875
1 0.98125 0.796875 0.0375 0.171875
1 0.92734375 0.6296875 0.071875 0.1703125
1 0.7140625 0.94140625 0.071875 0.1171875
1 0.72109375 0.46171875 0.07109375 0.17578125
1 0.78046875 0.4609375 0.0703125 0.1734375
1 0.978125 0.134375 0.04375 0.15234375
1 0.91953125 0.03203125 0.06953125 0.06328125
1 0.925 0.8 0.07265625 0.17421875
1 0.98125 0.94140625 0.0375 0.1171875
1 0.71640625 0.6328125 0.071875 0.16640625
1 0.86171875 0.6296875 0.071875 0.16953125
1 0.7875 0.94140625 0.075 0.1171875
1 0.92265625 0.140625 0.0703125 0.15390625
1 0.78671875 0.296875 0.07109375 0.1578125
1 0.9765625 0.62890625 0.046875 0.171875
1 0.9796875 0.03125 0.040625 0.0625
1 0.8609375 0.94296875 0.071875 0.1140625
1 0.8609375 0.79765625 0.0703125 0.1734375
1 0.78671875 0.03203125 0.0703125 0.0640625
1 0.7890625 0.79765625 0.07265625 0.17578125
1 0.78046875 0.13125 0.06953125 0.15625
1 0.78828125 0.63046875 0.071875 0.16875
0 0.8078125 0.23125 0.02890625 0.03046875
0 0.88515625 0.9015625 0.025 0.03046875
0 0.88515625 0.73203125 0.02265625 0.03203125
0 0.8 0.2359375 0.04375 0.04140625
0 0.95078125 0.08359375 0.0203125 0.02421875
0 0.9515625 0.2390625 0.01796875 0.02421875
0 0.7453125 0.23359375 0.0171875 0.02578125