1 0.9645993682464422 0.473275295870506 0.07080126350711566 0.23544769867918128
1 0.9054111679499762 0.4851127718810055 0.1260597839891055 0.23412155601527193
1 0.840715276237772 0.07748591661363881 0.1189305524755441 0.15497183322727762
1 0.726641425842484 0.4895382845719589 0.12467929451244934 0.23722837468172653
1 0.8693316418533785 0.25490765121741443 0.1278952997741211 0.23882723734881744
1 0.9475683683523229 0.2507917685391877 0.10486326329535416 0.2355931493475448
1 0.8130871600574683 0.4838417205601867 0.12624179451244907 0.23724655601527206
1 0.9882937444559794 0.6957315512015061 0.0234125110880413 0.2334852093411815
1 0.6902356760542454 0.2671547545751406 0.1260597839891055 0.234121556015272
1 0.8494474072148709 0.7054440005570051 0.1260597839891055 0.2341215560152719
1 0.9248627630835925 0.07306149860759362 0.10910052616718495 0.14612299721518723
1 0.880589533353821 0.8911451432209141 0.11507751038216937 0.15279883068109043
1 0.7539055209761003 0.0764143126193658 0.11406104195220053 0.1528286252387316
1 0.7613026651073788 0.7088149959023227 0.12275277346576186 0.23096019334818116
1 0.7973143017696724 0.8975865945655956 0.11378802616718495 0.15746814934754488
1 0.9399244984022334 0.6973400518778238 0.12015100319553333 0.23096019334818116
1 0.9608123930276221 0.8868838098743239 0.07837521394475573 0.14184314934754488
1 0.6622640525461313 0.08632566195895644 0.11515310509226265 0.17265132391791288
1 0.7827038971150503 0.2574792152291866 0.12458828925077743 0.23566587468172653