0 0.2125 0.71796875 0.034375 0.034375
1 0.2765625 0.02734375 0.071875 0.0546875
1 0.2765625 0.1421875 0.07265625 0.18046875
1 0.00625 0.3265625 0.0125 0.18359375
1 0.19765625 0.51953125 0.06953125 0.1828125
1 0.20078125 0.3375 0.07421875 0.18984375
1 0.1984375 0.69296875 0.071875 0.17890625
1 0.053125 0.51640625 0.07265625 0.18671875
1 0.0125 0.0234375 0.025 0.046875
1 0.0015625 0.87109375 0.003125 0.1875
1 0.059375 0.33125 0.0703125 0.18671875
1 0.2625 0.88203125 0.075 0.196875
1 0.19375 0.8828125 0.078125 0.196875
1 0.0046875 0.509375 0.009375 0.19140625
1 0.065625 0.025 0.075 0.05
1 0.0515625 0.6890625 0.07421875 0.18359375
1 0.0140625 0.12890625 0.028125 0.1796875
1 0.2640625 0.68828125 0.07421875 0.1875
1 0.275 0.51328125 0.0671875 0.18828125
1 0.11875 0.87890625 0.07890625 0.190625
1 0.0046875 0.6859375 0.009375 0.18359375
1 0.27578125 0.3375 0.06796875 0.17734375
1 0.2015625 0.13515625 0.075 0.1921875
1 0.06328125 0.13359375 0.075 0.18125
1 0.12109375 0.6890625 0.0734375 0.18984375
1 0.04453125 0.875 0.0734375 0.19453125
1 0.1328125 0.025 0.071875 0.05
1 0.12890625 0.1390625 0.06640625 0.17734375
1 0.20625 0.025 0.0625 0.05
1 0.0046875 0.9765625 0.009375 0.0390625
1 0.1234375 0.334375 0.07109375 0.1875
1 0.121875 0.51484375 0.07109375 0.190625
1 0.040625 0.978125 0.08125 0.04296875
1 0.1171875 0.978125 0.08046875 0.04296875
1 0.1859375 0.978125 0.078125 0.04296875
1 0.259375 0.98046875 0.0875 0.0390625