0 0.5046875 0.0078125 0.028125 0.015625
0 0.8671875 0.0140625 0.034375 0.02734375
0 0.7234375 0.01171875 0.021875 0.0234375
0 0.72265625 0.06328125 0.02109375 0.03125
0 0.57734375 0.053125 0.02109375 0.03125
0 0.6515625 0.05625 0.0203125 0.03671875
0 0.8703125 0.01171875 0.021875 0.0234375
0 0.79296875 0.18984375 0.02109375 0.03046875
0 0.496875 0.36875 0.0203125 0.040625
0 0.64296875 0.37265625 0.028125 0.03125
0 0.71484375 0.37734375 0.01796875 0.028125
0 0.7875 0.38125 0.01484375 0.03046875
0 0.490625 0.55234375 0.01953125 0.03515625
0 0.56328125 0.55625 0.02421875 0.0375
0 0.6375 0.5609375 0.02734375 0.0328125
0 0.7109375 0.5609375 0.025 0.04140625
0 0.48671875 0.73359375 0.021875 0.03515625
0 0.56328125 0.73828125 0.025 0.0390625
0 0.634375 0.7421875 0.028125 0.03671875
0 0.5625 0.79140625 0.021875 0.03125
0 0.48515625 0.78828125 0.0265625 0.0328125
0 0.70546875 0.9234375 0.02421875 0.03671875
0 0.77578125 0.92890625 0.02734375 0.034375
1 0.84296875 0.32421875 0.075 0.184375
1 0.9109375 0.32734375 0.07421875 0.1796875
1 0.975 0.3265625 0.05 0.18359375
1 0.765625 0.32109375 0.0734375 0.18671875
1 0.621875 0.11640625 0.071875 0.19140625
1 0.82890625 0.87109375 0.07578125 0.1875
1 0.9765625 0.0234375 0.046875 0.046875
1 0.61484375 0.31640625 0.07734375 0.18515625
1 0.69453125 0.11796875 0.07265625 0.18671875
1 0.96875 0.87109375 0.0625 0.1875
1 0.903125 0.51015625 0.07109375 0.18984375
1 0.75 0.884375 0.07421875 0.2234375
1 0.76953125 0.1234375 0.07578125 0.18046875
1 0.8453125 0.1265625 0.078125 0.178125
1 0.91328125 0.1265625 0.0765625 0.18046875
1 0.896875 0.87109375 0.07265625 0.18828125
1 0.76875 0.01953125 0.06875 0.0390625
1 0.9703125 0.509375 0.059375 0.19140625
1 0.975 0.12890625 0.05 0.1796875
1 0.6828125 0.67890625 0.06796875 0.1890625
1 0.690625 0.31953125 0.07578125 0.18515625
1 0.96875 0.6859375 0.0625 0.18359375
1 0.68671875 0.49375 0.0765625 0.1859375
1 0.896875 0.68671875 0.071875 0.18046875
1 0.9140625 0.0171875 0.071875 0.034375
1 0.609375 0.5 0.07578125 0.1921875
1 0.825 0.978125 0.07421875 0.04296875
1 0.53828125 0.67421875 0.06796875 0.18359375
1 0.90390625 0.97734375 0.0921875 0.04375
1 0.6921875 0.0140625 0.071875 0.02734375
1 0.75234375 0.678125 0.0734375 0.1859375
1 0.83359375 0.5046875 0.0765625 0.18125
1 0.9640625 0.9765625 0.071875 0.0390625
1 0.6265625 0.01171875 0.071875 0.0234375
1 0.54453125 0.31328125 0.075 0.184375
1 0.8484375 0.01953125 0.071875 0.0390625
1 0.4828125 0.0140625 0.084375 0.02734375
1 0.55625 0.0140625 0.08125 0.02734375
1 0.47734375 0.109375 0.0796875 0.1828125
1 0.5515625 0.109375 0.0796875 0.1875
1 0.76015625 0.49921875 0.07421875 0.19140625
1 0.83046875 0.6859375 0.0796875 0.19140625
1 0.471875 0.31328125 0.0765625 0.19375
1 0.4671875 0.4921875 0.08359375 0.184375
1 0.53984375 0.49453125 0.0796875 0.19140625
1 0.46328125 0.6734375 0.08203125 0.196875
1 0.6078125 0.67734375 0.0828125 0.19375
1 0.4578125 0.85234375 0.08046875 0.1890625
1 0.53125 0.8546875 0.08046875 0.1890625
1 0.60546875 0.85546875 0.0828125 0.19296875
1 0.678125 0.86015625 0.08203125 0.1875
1 0.75 0.86015625 0.084375 0.196875
1 0.4515625 0.96875 0.078125 0.0625
1 0.5265625 0.96875 0.078125 0.0625
1 0.603125 0.97265625 0.08203125 0.05390625
1 0.6765625 0.97421875 0.08046875 0.0515625