1 0.0296875 0.5078125 0.059375 0.1875
1 0.24765625 0.50859375 0.07578125 0.1890625
1 0.10625 0.69296875 0.07890625 0.1890625
1 0.32734375 0.13125 0.08203125 0.17734375
1 0.10234375 0.51015625 0.07734375 0.1875
1 0.3203125 0.01953125 0.071875 0.0390625
1 0.10859375 0.88828125 0.0765625 0.20703125
1 0.2453125 0.0234375 0.078125 0.046875
1 0.0296875 0.0234375 0.059375 0.046875
1 0.32421875 0.509375 0.07421875 0.19375
1 0.24609375 0.1359375 0.07421875 0.18203125
1 0.25 0.6875 0.075 0.18203125
1 0.246875 0.31953125 0.0765625 0.18984375
1 0.1015625 0.0234375 0.078125 0.046875
1 0.17890625 0.51015625 0.07578125 0.1890625
1 0.25546875 0.875 0.078125 0.1984375
1 0.0328125 0.88125 0.065625 0.20703125
1 0.10234375 0.1359375 0.078125 0.18671875
1 0.03125 0.69375 0.0625 0.18359375
1 0.325 0.31953125 0.07578125 0.18828125
1 0.17734375 0.13671875 0.07421875 0.184375
1 0.0296875 0.1328125 0.059375 0.1875
1 0.175 0.01953125 0.075 0.0390625
1 0.103125 0.32109375 0.078125 0.1890625
1 0.17734375 0.32109375 0.07578125 0.19140625
1 0.18671875 0.87421875 0.08046875 0.203125
1 0.18359375 0.68828125 0.07578125 0.184375
1 0.0328125 0.3140625 0.065625 0.18359375
1 0.33046875 0.6890625 0.0828125 0.18359375
1 0.3328125 0.88125 0.08671875 0.20546875
0 0.23046875 0.85078125 0.0359375 0.0375