1 0.5467212760077402 0.5790301801375833 0.20490658525525038 0.1303670901960187
1 0.09833298253137464 0.7749131760460501 0.19666596506274928 0.12713296279135697
1 0.12408828019161167 0.6975049386599219 0.20498847241038015 0.1319295901960187
1 0.6348985481702931 0.8457687576349123 0.20169969810012062 0.12869546279135696
1 0.4956014320460625 0.7211829638028473 0.20342597241038013 0.13187502649368774
1 0.23576832937795755 0.8877802198781151 0.20161781094499087 0.12713296279135697
1 0.3709267379026707 0.5259027240544663 0.1984109237898611 0.12546133538669527
1 0.867261748079436 0.6676536482015999 0.13829893939369348 0.10932541469812271
1 0.8397298903229485 0.7465971037365626 0.14306832654882307 0.11105160580511537
1 0.2899722297620703 0.7462995588081894 0.20334408525525038 0.1303125264936879
1 0.262686033470972 0.8205555143431523 0.20342597241038013 0.13187502649368774
1 0.6621847444613914 0.7715128020999494 0.20457903663473137 0.12411709019601869
1 0.7633334073971187 0.9395410610856242 0.15648237336031984 0.06940974282842376
1 0.3909670844663402 0.9619022222403679 0.18674972749876284 0.051751016875041245
1 0.04976322535105623 0.5095634837579313 0.09952645070211245 0.11524803248413758
1 0.07550577453740212 0.8856249867531562 0.15101154907480424 0.0942658990890262
1 0.037887345093331436 0.5763243978230818 0.07577469018666287 0.11610120435383653
1 0.4129582711465002 0.9291616441100666 0.19948210085908263 0.11614089908902621
1 0.467574929332529 0.7946849511889755 0.20169969810012062 0.12869546279135696
1 0.3443808480340075 0.6009126477382637 0.20334408525525038 0.13031252649368774
1 0.7897188449817898 0.8824726055506613 0.15581398801421234 0.11617561542376223
1 0.5208338054063824 0.6563565719702154 0.20490658525525038 0.1303670901960187
1 0.2002324575995174 0.47961554501319137 0.20811347241038014 0.1320387176006804
1 0.8143746862299339 0.8137672455691947 0.15104460085908258 0.11444942431676956
1 0.022640803370217392 0.6471006892928941 0.045281606740434785 0.10579862141421188
1 0.6023483197670191 0.9163094361280331 0.20951219810012062 0.12896828130301116
1 0.7242830320006339 0.6281968225183695 0.20630531094499105 0.12729665389834963
1 0.6876627792871005 0.7019989102673174 0.21000352103089917 0.13834328130301135
1 0.5810564959317295 0.950585232407169 0.2013035504295413 0.06161709019601887
1 0.1734818498430298 0.5585317186969887 0.2097578595655099 0.13365578130301117
1 0.14968914575001538 0.6256472968272899 0.20638719810012068 0.12885915389834962
1 0.21706923903432446 0.9321031387525892 0.18501680913596857 0.078204389470379
1 0.4340796766189956 0.8683779115332619 0.20334408525525038 0.1303125264936881
1 0.3250709260531687 0.6717707847615724 0.2050703595655099 0.13349209019601868
1 0.008011737336843844 0.7303496989115409 0.01602347467368769 0.10805060217691817
1 0.08388650158390934 0.8368055408368402 0.16777300316781868 0.13036709019601878
1 0.06348821065173514 0.43571675599044973 0.12697642130347028 0.12231648801910051
0 0.4290800746282592 0.576899739663563 0.04398901741285464 0.03584821996293321
0 0.6490373705352447 0.6355033802302505 0.04382524310259513 0.03272321996293322
0 0.13115490897899842 0.48826634791574897 0.04884029172311406 0.039136911069925694
0 0.695901325194086 0.7679959324998361 0.04752345318850324 0.04376984736759475
0 0.24875740954482528 0.6845733743246188 0.03889208163720577 0.027872028855940555