1 0.0015625 0.46875 0.003125 0.171875
1 0.1703125 0.0171875 0.065625 0.034375
1 0.2390625 0.453125 0.07421875 0.1734375
1 0.2359375 0.29453125 0.071875 0.171875
1 0.046875 0.46875 0.06953125 0.171875
1 0.17421875 0.80234375 0.075 0.17578125
1 0.10859375 0.4578125 0.06796875 0.16796875
1 0.178125 0.2859375 0.06875 0.16640625
1 0.1734375 0.45390625 0.06953125 0.171875
1 0.0015625 0.29296875 0.003125 0.171875
1 0.04921875 0.80234375 0.0734375 0.1734375
1 0.2328125 0.121875 0.07109375 0.16640625
1 0.25078125 0.79765625 0.07109375 0.1734375
1 0.0015625 0.803125 0.003125 0.17578125
1 0.240625 0.62421875 0.075 0.17109375
1 0.10859375 0.29296875 0.06953125 0.1671875
1 0.003125 0.11875 0.00625 0.16796875
1 0.040625 0.015625 0.06875 0.03125
1 0.1765625 0.63203125 0.06953125 0.16875
1 0.2296875 0.0171875 0.071875 0.034375
1 0.0453125 0.63359375 0.06953125 0.16953125
1 0.0046875 0.6328125 0.009375 0.171875
1 0.1 0.0171875 0.06875 0.034375
1 0.04375 0.29609375 0.07109375 0.17109375
1 0.16953125 0.12109375 0.0703125 0.165625
1 0.25 0.94453125 0.071875 0.1109375
1 0.10703125 0.1234375 0.06875 0.165625
1 0.115625 0.80078125 0.07578125 0.17421875
1 0.04609375 0.946875 0.0734375 0.10546875
1 0.18515625 0.9453125 0.071875 0.109375
1 0.04296875 0.12265625 0.07265625 0.1703125
1 0.00625 0.9453125 0.0125 0.1015625
1 0.11484375 0.946875 0.07265625 0.10546875
1 0.11015625 0.63359375 0.06953125 0.1671875