1 0.7433614873970807 0.564661554388092 0.10991587226160818 0.1815148271096728
1 0.57962089931299 0.7129059598252534 0.1196091210079672 0.19261596834337472
1 0.7926581084050478 0.7545228952974824 0.11979097743445788 0.1988659683433749
1 0.9692190129321236 0.12607279262026438 0.061561974135752706 0.11518071509696393
1 0.6395642006457736 0.7314008153451406 0.11170569279472176 0.18935460064862292
1 0.8555900174179634 0.7682757037394687 0.11505801332783525 0.19722164772652384
1 0.8859176780802314 0.9240756903467883 0.11448370031656907 0.12381142126547431
1 0.538273170624891 0.5275957512211112 0.11648412100796719 0.19256142126547413
1 0.9487558891525115 0.6094307633992712 0.102488221694977 0.18940914772652384
1 0.6742200646606186 0.2031843120987297 0.11473976458147632 0.18628414772652382
1 0.6059835078510518 0.5443917390462467 0.11317726458147633 0.18625687418757336
1 0.7101267532321983 0.7387672560923753 0.11340458511458973 0.19406937418757336
1 0.9138615746897486 0.11145691356142695 0.09546091567683276 0.11410913879807003
1 0.6720226626408252 0.9067047784135095 0.11414873119538153 0.16597164772652348
1 0.9194850328573694 0.7882648754119799 0.11487615690134448 0.19097164772652384
1 0.8537497549480578 0.40953194927524195 0.11166022868809904 0.1877921006486231
1 0.6406898138026887 0.367133763803013 0.1131318004748536 0.18469437418757345
1 0.9262385203874641 0.42937111648352627 0.11326819279472175 0.18938187418757338
1 0.5201622974388458 0.9797037220001179 0.08036946159934022 0.02482845048646709
1 0.8856493096460536 0.24326602110990891 0.1131318004748536 0.18469437418757345
1 0.8188615925699303 0.5805399245184756 0.11308633636823098 0.18313187418757337
1 0.5844293859186479 0.9856167569031541 0.07683528463973613 0.010711403408566866
1 0.5019816326199426 0.7040997500032953 0.11473976458147632 0.18628414772652385
1 0.9503386322907381 0.2600210986266188 0.09932273541852368 0.1862023271096728
1 0.46713893434843745 0.876670225246529 0.11335912100796719 0.19250687418757337
1 0.5425935754146642 0.8909860953769126 0.12117162100796719 0.19264324188232526
1 0.7505468839400908 0.22061154545963815 0.11156930047485361 0.1846671006486231
1 0.8177670716537406 0.9190120892911281 0.11015991316955046 0.13622960064862327
1 0.6054118241610231 0.9008326538188991 0.11299540815498563 0.18000687418757338
1 0.6764778642775425 0.5494144297934813 0.12108069279472175 0.189518241882325
1 0.440937798692487 0.9701435357171103 0.07935253087881229 0.04355117694751698
1 0.716948436922227 0.38221724716392147 0.11166022868809904 0.1877921006486231
1 0.7802989169304743 0.08799391437220586 0.09398934389007821 0.11720686525911972
1 0.7777411844149444 0.40304221591433337 0.11643865690134447 0.19099892126547413
1 0.9662568004748536 0.4418205235455409 0.06748639905029279 0.18730117694751697
1 0.8133651326864497 0.23045810390162455 0.11634772868809903 0.18787392126547414
1 0.7550624831739385 0.9130717808491415 0.11681909012915455 0.15040119480442443
1 0.8431171656768331 0.09784047281419225 0.09233591567683286 0.11405459172016937
1 0.7032590438109361 0.07292406778077251 0.09711434389007838 0.11726141233702041
1 0.984895488717229 0.2711398307697113 0.03020902256554194 0.1834397913958578
1 0.8910775733696003 0.5910040917267599 0.11478522868809904 0.18784664772652385
1 0.576240868896396 0.35497072889997694 0.10853522868809903 0.18773755357072242
1 0.6426481527447093 0.058349099030360604 0.09233591567683312 0.11405459172016937
1 0.6144358877010145 0.19015820657884258 0.10848976458147633 0.18617505357072242