1 0.325 0.5703125 0.103125 0.1921875
1 0.040625 0.1015625 0.08125 0.1796875
1 0.18515625 0.59765625 0.103125 0.1890625
1 0.12734375 0.253125 0.1078125 0.1875
1 0.24609375 0.07890625 0.103125 0.1578125
1 0.10625 0.090625 0.10546875 0.18046875
1 0.1125 0.6125 0.10625 0.18984375
1 0.3015625 0.403125 0.1046875 0.18671875
1 0.3984375 0.5578125 0.1 0.18671875
1 0.153125 0.428125 0.10703125 0.18828125
1 0.08828125 0.44296875 0.10546875 0.18984375
1 0.25078125 0.5828125 0.10625 0.19140625
1 0.0125 0.64453125 0.025 0.1953125
1 0.05703125 0.26796875 0.10390625 0.1875
1 0.04375 0.63125 0.0875 0.19140625
1 0.16953125 0.084375 0.1046875 0.16875
1 0.0328125 0.4546875 0.065625 0.19140625
1 0.225 0.41484375 0.10859375 0.18671875
1 0.26796875 0.2296875 0.1046875 0.18515625
1 0.0046875 0.115625 0.009375 0.18359375
1 0.36484375 0.3828125 0.1046875 0.1890625
1 0.31640625 0.06796875 0.1015625 0.1359375
1 0.0203125 0.2875 0.040625 0.19140625
1 0.20234375 0.24140625 0.1046875 0.18359375
1 0.33828125 0.21796875 0.10703125 0.184375
1 0.0328125 0.0140625 0.065625 0.02734375
0 0.0484375 0.509375 0.02265625 0.02890625
0 0.1390625 0.140625 0.0296875 0.03203125
0 0.21015625 0.12734375 0.028125 0.0296875