1 0.95859375 0.6622622303278972 0.0828125 0.1918400192218769
1 0.68046875 0.17527564394099304 0.096875 0.1941395036180446
1 0.759375 0.1617653426069406 0.096875 0.19101450361804462
1 0.94921875 0.12681605325867576 0.0515625 0.17926477611928182
1 0.83203125 0.845457589893407 0.09375 0.1596007293077853
1 0.7375 0.040496688716324836 0.09375 0.08099337743264967
1 0.94140625 0.48738173903432447 0.0984375 0.19109639077317442
1 0.7203125 0.5270937714851843 0.09375 0.200225729307785
1 0.89921875 0.1395926922228278 0.09375 0.1830382293077851
1 0.7734375 0.3391533582107728 0.0984375 0.19109639077317447
1 0.74453125 0.7086370205806732 0.0953125 0.19718261646291496
1 0.7921875 0.5217644623492157 0.0984375 0.19578389077317446
1 0.9140625 0.8310022642490953 0.09375 0.1596007293077853
1 0.97109375 0.3053571330868592 0.0515625 0.18238977611928178
1 0.8953125 0.6726099101106522 0.0953125 0.19093261646291496
1 0.87265625 0.4941097738600336 0.0953125 0.18780761646291494
1 0.83359375 0.14928195273827738 0.0953125 0.18780761646291486
1 0.85625 0.32465708898889595 0.096875 0.19101450361804462
1 0.6578125 0.047272311172133506 0.09375 0.09454462234426701
1 0.8203125 0.6890404935568804 0.1 0.19117827792830405
1 0.96953125 0.817157770241989 0.0609375 0.1610060990500603
1 0.7046875 0.3521313930364819 0.0953125 0.18937011646291496
1 0.984375 0.4726298422682563 0.03125 0.18132524310259507
1 0.7578125 0.8587222297620704 0.096875 0.16132700361804453
1 0.91953125 0.313528159206141 0.0953125 0.19249511646291487
1 0.92890625 0.025512418589936837 0.0484375 0.051024837179873675
1 0.87734375 0.03208332315792113 0.0890625 0.06416664631584226
1 0.8125 0.036187646993210795 0.09375 0.07237529398642159
0 0.99375 0.7697947693374778 0.0125 0.04440509724103805
0 0.81484375 0.43698334859983434 0.025 0.0325601944820761