1 0.6830754279449667 0.21946783117345312 0.2166716671451935 0.30203760714144484
1 0.5609127073490614 0.06230158238797383 0.1812004146981227 0.12460316477594766
1 0.5836210649682753 0.23683833766627488 0.21678079454985522 0.30516260714144483
1 0.7637103251350762 0.05123562297305275 0.19929565027015245 0.1024712459461055
1 0.6599404843909034 0.05597371591103813 0.18238096878180662 0.11194743182207625
1 0.7266171299365505 0.48136781331654566 0.2117659123358699 0.2957057865245938
1 0.9670213528098905 0.47228927354554096 0.06595729438021891 0.282613676947517
1 0.7908879279449668 0.21758595698587965 0.226210358252186 0.3068887483751469
1 0.8332937158714 0.46934332589844735 0.22470242195451684 0.30842397483619666
1 0.8418353251350762 0.05029468587926602 0.13992065027015244 0.10058937175853204
1 0.6200223895551973 0.495736050734644 0.21678079454985522 0.30516260714144494
1 0.9079638113400781 0.45768703125617866 0.18407237731984374 0.3065341923687924
1 0.8874355457309815 0.20651999757095857 0.19770341233587 0.2954603246740408