1 0.02666648541852363 0.46346760236113216 0.05333297083704726 0.18943520472226433
1 0.2254817893250966 0.6561101411959601 0.09447272868809904 0.1864556504675381
1 0.2345850385336738 0.9600295058537324 0.0773641335443794 0.0799409882925353
1 0.14924721291948845 0.45641414734428026 0.08675115690134438 0.18953519867214014
1 0.02953410649299773 0.9618005632317166 0.05906821298599546 0.07639887353656682
1 0.07860340696785142 0.2794107649289188 0.08996708511458977 0.19267837939029936
1 0.09161628853367379 0.9596022589769906 0.0851766335443794 0.08079548204601891
1 0.3787204495916533 0.6530947463857627 0.09300115690134447 0.18957156010845858
1 0.22827050554329037 0.8288118429913582 0.09456365690134438 0.18958065046753808
1 0.2227074449727998 0.45606014422102226 0.0883591210079671 0.1911067890312197
1 0.30967596674691916 0.9571135841125636 0.08379598997087019 0.08577283177487267
1 0.0261914608079174 0.6564590782588311 0.0523829216158348 0.18788179508134384
1 0.14889655727178525 0.6564459636010589 0.09608069279472176 0.18802724082661798
1 0.08585568501017693 0.8357971203151131 0.0946091210079671 0.1911431504675381
1 0.07407033432316697 0.11294997277444108 0.08772262351524955 0.16923178903121974
1 0.08396187905853991 0.6591937136992547 0.08969430047485369 0.18330337939029934
1 0.29768471291948845 0.4572777314568439 0.09166597743445788 0.19737496974937904
1 0.14675401339434213 0.27355619554888216 0.09943301332783515 0.1958579215447771
1 0.08344035649299772 0.46228235226293635 0.08987615690134443 0.18955337939029934
1 0.3784486988002305 0.9565323220123153 0.08384145407749273 0.08693535597536943
1 0.02865854592250718 0.27830680718159234 0.05731709184501436 0.2003636143631847
1 0.3020897534317193 0.6549930687908614 0.09612615690134438 0.18958974082661778
1 0.1573094846936078 0.9574584968767421 0.07906302586424747 0.08508300624651569
1 0.304097219649913 0.8276902254067198 0.09309208511458973 0.19269656010845856
1 0.028666765703768905 0.8385585059519283 0.05733353140753781 0.1941136143631848
1 0.2992114236608988 0.2705362555591449 0.08840458511458973 0.19266928903121974
1 0.3819948991167996 0.8359572433607007 0.09300115690134439 0.18957156010845858
1 0.4430978159807669 0.26668506859446967 0.10126829796757128 0.2052420119038567
1 0.4519543949601645 0.9544067406302261 0.08085284639736087 0.09118651873954775
1 0.3734886949727998 0.45693736387220535 0.09322847743445788 0.19738406010845858
1 0.4432018013992905 0.45109188485124835 0.09313754922121245 0.19425906010845856
1 0.4511313440230925 0.8230759691602039 0.08679662100796719 0.19109769867214013
1 0.52102160985821 0.650015719062008 0.10108644154108042 0.1989920119038567
1 0.5230708770134759 0.9538277511197476 0.0840233105039836 0.09234449776050475
1 0.5251682375966017 0.8297577612164856 0.10407504922121244 0.19432269262201593
1 0.15942957733004498 0.8315368671918553 0.09492736975432585 0.20208065046753837
1 0.5182699975592245 0.44918447208707 0.09603522868809904 0.1864647408266178
1 0.5150637441940122 0.26397822511213215 0.1093081185006847 0.21309996369925477
1 0.5106215997625732 0.09439243295765441 0.10375680047485361 0.1833851926220159
1 0.4347494215493278 0.09707655054229296 0.09608069279472176 0.18802724082661784
1 0.3628516894960165 0.09743964402463054 0.09580790815498563 0.17865224082661785
1 0.2885647433360824 0.0993516019683487 0.10040447994174029 0.17555451190385668
1 0.2241432275009648 0.27244366832332323 0.0992966210079671 0.19117042154477704
1 0.44841082396483267 0.6480305173648058 0.09005801332783517 0.19580337939029935
1 0.3676659069678514 0.28109248135864806 0.09300115690134439 0.18957156010845858
1 0.21570390485628038 0.1059601502711465 0.10201244404836292 0.1771261022629363
1 0.1430703869095917 0.10475619857394425 0.10173965940862688 0.16775110226293632
1 0.02528114482715051 0.1188999909248137 0.05056228965430102 0.16904998184962738
0 0.495736801861509 0.7670759540348933 0.02301160266556703 0.03918976502711473
0 0.27691494253202437 0.9025447796614458 0.026045674452321598 0.03608294574527378
0 0.13291855311515016 0.7759044907284219 0.024346782132453625 0.031386355386194255
0 0.2768049454350182 0.7720533037637468 0.018096782132453627 0.03134999394987581
0 0.20592884112009852 0.9521402586824028 0.02305706677218975 0.04075226502711473
0 0.4238223494333687 0.7143049571581512 0.024346782132453625 0.031386355386194255
0 0.35031665327343475 0.7162214602814092 0.026045674452321598 0.03608294574527378
0 0.2744672071135007 0.7181243278660479 0.0229206744523216 0.03606476502711473
0 0.19912988948338115 0.5950090147325271 0.019795674452321686 0.03604658430895533
0 0.4895516156641978 0.38885096008501746 0.026045674452321775 0.03608294574527386
0 0.344057259237707 0.3942555566906131 0.024346782132453625 0.031386355386194255
0 0.2707106874509524 0.39070330981387097 0.02604567445232169 0.03608294574527395
0 0.1970913310244617 0.396526062937129 0.024301318025830954 0.029823855386194253
0 0.4854049879258061 0.2091089179305398 0.02439224623907634 0.032948855386194256
0 0.4151379520324288 0.20713735177195697 0.0322956744523216 0.03611930718159231
0 0.3408055417658721 0.21061180971567514 0.02618206677218975 0.040770445745273866
0 0.2689760058724947 0.20863115319801273 0.030915030878812467 0.042360216822512696
0 0.47751123456059386 0.023875399878363023 0.02935253087881229 0.04235112646343312
0 0.4078890563473484 0.026595878899320035 0.033949102665567034 0.039253397540671975
0 0.3335566460807917 0.03007033684303819 0.026091138558944314 0.037645445745273884