1 0.12738393075836746 0.7350369766470463 0.15098715064493082 0.31261018268618096
1 0.3805998497363189 0.7281853506126843 0.15254965064493078 0.3126283640197263
1 0.24789253324756863 0.9265512199634107 0.14233558320625012 0.14224313868554467
1 0.3539036371584721 0.13022056528486586 0.14818815254479184 0.25946700135263545
1 0.24144643075836747 0.7337097392982288 0.1572371506449308 0.31268290802036275
1 0.1306868494519784 0.9286960699793191 0.13917421561506957 0.14064427601845358
1 0.026980074088194434 0.1528068266629547 0.05396014817638887 0.2443863466740906
1 0.2185837329981596 0.13882450063654686 0.14179268218006963 0.2531442760184537
1 0.38604649667843677 0.9304109219446388 0.13739351006798622 0.13125109468490806
1 0.3657619786297566 0.4260961392823205 0.15247691546256964 0.30950336401972645
1 0.2324955369503816 0.41358814330045607 0.15407578305375028 0.31108404535327183
1 0.4947532687142703 0.7229518632638668 0.1524769154625698 0.30950336401972633
1 0.04316866565638811 0.9304954746578641 0.08288784802388902 0.13842724801081766
1 0.4830403976077079 0.4208262892664122 0.1539666802802085 0.3063965453532719
1 0.5001635480652076 0.9267399345958214 0.14062761284152786 0.13597495735199913
1 0.46860191679374985 0.13829778930618306 0.1502961664125003 0.2765955786123661
1 0.10519338022461792 0.1448301473185916 0.146371079406528 0.24851132001909
1 0.11915973556361074 0.4172500399825008 0.1493519154625697 0.3094670013526354
1 0.04438931924482614 0.7360914939926821 0.08877863848965228 0.30893974267981755
1 0.03971385058934016 0.43309376332750027 0.07942770117868032 0.30881247334499945
1 0.6347022022255201 0.9181450899109131 0.1375389804327085 0.1375010946849084
1 0.5991252181805207 0.13518133263050167 0.14549956363895866 0.27036266526100333
1 0.6261487390789924 0.7151746312460495 0.14935191546256982 0.3094670013526356
1 0.614363132790069 0.41617405724859485 0.14771668028020848 0.30632382001909003
0 0.06077439295496452 0.9123267299888642 0.04186149810013893 0.05359771467218159