1 0.11444884026088376 0.06640625 0.1663976805217675 0.1328125
1 0.32075338241536144 0.07578125 0.3165067648307229 0.1515625
1 0.8637742129136878 0.621875 0.27115790339440443 0.1453125
1 0.619277761707465 0.225 0.32435562626704134 0.1578125
1 0.5839367219888741 0.59609375 0.31963176483072286 0.1515625
1 0.8825403101084586 0.25 0.23491937978308286 0.15
1 0.3383721535907962 0.015625 0.2986193071815924 0.03125
1 0.3151851593463328 0.19296875 0.3118465359079618 0.15625
1 0.10183118647369585 0.18046875 0.15863063231716562 0.140625
1 0.2908179810640605 0.5703125 0.31336358411256365 0.1484375
1 0.630305644417414 0.10625 0.31182835518980256 0.153125
1 0.8837891927202118 0.13984375 0.23242161455957638 0.1453125
1 0.0727583274732643 0.5546875 0.1398806323171656 0.140625
1 0.09162546037960508 0.30625 0.15860336123992674 0.1359375
1 0.29803908684303815 0.334375 0.31963176483072286 0.1515625
1 0.0744339360809124 0.43984375 0.14459540339440446 0.1453125
1 0.6036896440246305 0.365625 0.3258817648307229 0.1515625
1 0.8782255148307229 0.37578125 0.24354897033855422 0.1453125
1 0.6361556686179108 0.0375 0.30668633723582167 0.075
1 0.6012327854169823 0.48046875 0.32437380698520074 0.1609375
1 0.29327483967170853 0.45546875 0.32751698770335985 0.1640625
1 0.8793840147325269 0.5046875 0.241231970534946 0.14375
1 0.8922556776930971 0.0625 0.21548864461380574 0.078125
0 0.19679072511213214 0.52265625 0.06436248184962734 0.0515625
0 0.8271033763652372 0.09296875 0.06906816256778647 0.0546875
0 0.7315646591499411 0.32265625 0.07216589149054772 0.05
0 0.48679355639602545 0.55 0.07375566256778665 0.0546875
0 0.22898858411256368 0.1484375 0.06590680113146818 0.0484375