1 0.76875 0.95703125 0.06875 0.0859375
1 0.975 0.9609375 0.05 0.078125
1 0.9125 0.9609375 0.075 0.078125
1 0.85 0.66015625 0.06953125 0.1859375
1 0.69375 0.953125 0.075 0.09375
1 0.79375 0.109375 0.06875 0.21875
1 0.98125 0.665625 0.0375 0.17578125
1 0.98125 0.3140625 0.0375 0.19140625
1 0.91796875 0.66171875 0.06796875 0.178125
1 0.8625 0.48125 0.06640625 0.1796875
1 0.9375 0.13359375 0.075 0.16640625
1 0.8515625 0.82890625 0.07265625 0.1734375
1 0.625 0.953125 0.075 0.09375
1 0.846875 0.95859375 0.06875 0.0828125
1 0.7890625 0.31015625 0.06875 0.171875
1 0.93125 0.30859375 0.06484375 0.19765625
1 0.7875 0.47890625 0.06953125 0.18671875
1 0.6453125 0.47265625 0.06953125 0.178125
1 0.725 0.12578125 0.07890625 0.18125
1 0.64921875 0.303125 0.07421875 0.1765625
1 0.978125 0.8296875 0.04375 0.17578125
1 0.9796875 0.48828125 0.040625 0.1796875
1 0.86640625 0.3125 0.071875 0.18046875
1 0.5515625 0.953125 0.071875 0.09375
1 0.9234375 0.4859375 0.06640625 0.1828125
1 0.87109375 0.1390625 0.07109375 0.165625
1 0.66328125 0.021875 0.06875 0.04375
1 0.571875 0.29765625 0.0734375 0.1828125
1 0.6359375 0.815625 0.0703125 0.1890625
1 0.871875 0.03125 0.065625 0.06171875
1 0.63984375 0.6453125 0.0703125 0.16796875
1 0.79609375 0.02734375 0.0703125 0.0546875
1 0.91875 0.828125 0.06953125 0.175
1 0.77265625 0.8359375 0.071875 0.175
1 0.9875 0.1328125 0.025 0.1640625
1 0.6546875 0.12734375 0.07421875 0.18671875
1 0.51328125 0.1203125 0.08046875 0.18046875
1 0.5828125 0.12265625 0.0703125 0.18203125
1 0.51484375 0.01953125 0.07734375 0.0390625
1 0.5875 0.021875 0.075 0.04296875
1 0.72734375 0.02578125 0.0765625 0.0515625
1 0.94140625 0.03125 0.0765625 0.0625
1 0.9859375 0.03125 0.028125 0.0625
1 0.5078125 0.2890625 0.08046875 0.1765625
1 0.5 0.4578125 0.07734375 0.20859375
1 0.57421875 0.46875 0.07421875 0.19375
1 0.4953125 0.64140625 0.07421875 0.18203125
1 0.5671875 0.64609375 0.08359375 0.184375
1 0.48515625 0.8171875 0.07421875 0.19140625
1 0.55859375 0.8203125 0.08515625 0.18203125
1 0.7171875 0.303125 0.07734375 0.1859375
1 0.715625 0.48125 0.0859375 0.18828125
1 0.7109375 0.64609375 0.07734375 0.19140625
1 0.7765625 0.6546875 0.07734375 0.18984375
1 0.48125 0.946875 0.075 0.10546875
1 0.7046875 0.825 0.07265625 0.20234375
0 0.75703125 0.03125 0.025 0.02578125
0 0.75546875 0.075 0.01953125 0.03515625
0 0.82578125 0.0796875 0.0234375 0.0375
0 0.53203125 0.36015625 0.01953125 0.03515625
0 0.60078125 0.4109375 0.02265625 0.03359375
0 0.66875 0.41328125 0.01640625 0.0296875
0 0.74375 0.4140625 0.01796875 0.03515625
0 0.52578125 0.53203125 0.02265625 0.0375
0 0.52265625 0.5828125 0.0265625 0.03515625
0 0.6671875 0.58515625 0.02265625 0.0390625
0 0.6015625 0.24296875 0.01484375 0.03125
0 0.53203125 0.2421875 0.025 0.03359375
0 0.5109375 0.88046875 0.02265625 0.0390625
0 0.65859375 0.88515625 0.03125 0.04453125
0 0.509375 0.93203125 0.02265625 0.0375
0 0.58203125 0.9359375 0.01796875 0.03359375