1 0.2341587144346394 0.24478799938082746 0.11450776385373888 0.1487714478903041
1 0.15412241976854163 0.026468300661953777 0.10425516046291672 0.05293660132390755
1 0.01122632857882852 0.6925492189827533 0.02245265715765704 0.1399015620344933
1 0.08820201323456635 0.09801366087720148 0.04651974317557446 0.1284546397847523
1 0.1255200767168017 0.1001733203066609 0.11436221463952716 0.14564644789030418
1 0.0924999073625448 0.22332187593101344 0.11607026385373889 0.14884422249740997
1 0.1590324358985921 0.23425506782546152 0.11450776385373888 0.1487714478903042
1 0.38157940819111436 0.5107661021524771 0.10618584160399794 0.1374700748547749
1 0.22819562055432993 0.02788309739496613 0.10610875889134012 0.05576619478993226
1 0.20206534429459425 0.364775167701627 0.11243584160399786 0.13776117328319834
1 0.04361935545999136 0.4560830260548479 0.08723871091998273 0.1391781240689866
1 0.023937229012249296 0.34055007134011817 0.04787445802449859 0.1258390620344933
1 0.2746144706398924 0.6147515889179107 0.11109166542531543 0.1423758986760925
1 0.008017899504661969 0.4593557293218356 0.016035799009323937 0.13441354135632883
1 0.2442655370176119 0.7307597326316044 0.11116444003242129 0.14393839867609248
1 0.4769327193970382 0.15396598449363127 0.10945639081820957 0.14074062406898663
1 0.4323908149299774 0.05046011062953247 0.11021837014004521 0.10092022125906494
1 0.27030388378889625 0.12149389454226325 0.11294526385373889 0.1486986732831983
1 0.045773629757510946 0.6999593045908952 0.09154725951502189 0.14244867328319835
1 0.0280542636488511 0.5747067475188006 0.0561085272977022 0.14433650496239886
1 0.2741757847413003 0.3731098984712046 0.11265416542531544 0.14244867328319835
1 0.0535465692732036 0.22279749110865982 0.052696968568468595 0.12718323821317573
1 0.4046403424325674 0.14953750372405364 0.11309081306795062 0.1518236732831983
1 0.14345855418111964 0.8531677336650617 0.11963191149637402 0.1583647717116218
1 0.24211880190480808 0.4923158167920042 0.11436221463952716 0.1456464478903042
1 0.3353466869320494 0.13093736104381723 0.11294526385373889 0.14869867328319825
1 0.19283385525284896 0.1110701248975561 0.1142894400324213 0.14408394789030415
1 0.07394657485928408 0.8392550909848253 0.11160108767505646 0.1533133986760923
1 0.3481418618723867 0.6261385450803825 0.10440501778268026 0.13270980024766904
1 0.10960159264196438 0.7097473734498141 0.10476889081820957 0.14052230024766904
1 0.31206742886927874 0.49685345947224063 0.1080394400324213 0.14379284946188076
1 0.2996339729116948 0.0355842814315314 0.1069820541766104 0.0711685628630628
1 0.0696209096388564 0.5806442243594369 0.10811221463952717 0.14535534946188075
1 0.3641502371797184 0.041123651985861334 0.10919952564056316 0.08224730397172267
1 0.5046468045908952 0.05734365736254482 0.10945639081820957 0.11468731472508964
1 0.17171641067231372 0.4807833114153207 0.11258139081820961 0.14088617328319836
1 0.4449485111676517 0.2716094028144308 0.11130998924663302 0.14706339867609247
1 0.0660572237402643 0.33914808312694245 0.11123721463952715 0.14550089867609248
1 0.18334730769577628 0.7164468296122858 0.11436221463952716 0.1456464478903042
1 0.13269891418697038 0.3477375250213906 0.11436221463952716 0.1456464478903042
1 0.3399998378844534 0.3825169776692057 0.10789389081820958 0.14066784946188077
1 0.4161620775453712 0.38754477192101866 0.11294526385373889 0.14869867328319836
1 0.09911581865403107 0.46623496794929603 0.11080056699689203 0.13612589867609248
1 0.20672053350295522 0.8673714747737217 0.1080394400324213 0.1437928494618806
1 0.13987775165713906 0.5953017297361203 0.11265416542531544 0.14244867328319835
1 0.21596721671095098 0.6018920239879334 0.11116444003242129 0.14393839867609232
1 0.029263545080382508 0.8259417617868243 0.058527090160765016 0.14811647642635145
1 0.3157766639820826 0.735224600704735 0.1080394400324213 0.1437928494618806
1 0.37447334532805154 0.26163939743774733 0.11109166542531543 0.14237589867609246
1 0.2976197468996281 0.2714553531859344 0.09550089867609249 0.10890842721213971
1 0.2780861112532142 0.8749613428468521 0.12028688296032675 0.1724272717116218
0 0.24185535877201483 0.9164061342031811 0.03761131596343468 0.03761131596343503
0 0.13223426385824807 0.7928852051290145 0.027799668320799588 0.027799668320799498
0 0.004454039910841401 0.775888257857883 0.008908079821682803 0.026237168320799496
0 0.1944582437992562 0.5615773930945211 0.026382717535011313 0.03085189371369381
0 0.2062883097626909 0.5251668581483331 0.027799668320799588 0.027799668320799498
0 0.3659394456185018 0.46160301013419447 0.02765411910658786 0.0246746683207995
0 0.3116907473139129 0.4212541459900053 0.02899829528527027 0.02005994292790536
0 0.2968448432611369 0.45546648015040514 0.024674668320799585 0.02765411910658777
0 0.4057019205971112 0.31085599338497144 0.021258569892376223 0.021258569892376223
0 0.32403885173819236 0.23982220947224064 0.027799668320799498 0.027799668320799588