1 0.365625 0.1671875 0.125 0.078125
1 0.36796875 0.096875 0.1203125 0.078125
1 0.3671875 0.3203125 0.1328125 0.078125
1 0.365625 0.0296875 0.11875 0.05859375
1 0.36640625 0.24453125 0.1265625 0.078125
1 0.2375 0.02734375 0.125 0.0546875
1 0.2390625 0.09375 0.1234375 0.0796875
1 0.2359375 0.31484375 0.12890625 0.078125
1 0.11953125 0.0859375 0.11953125 0.07890625
1 0.11796875 0.1546875 0.12265625 0.078125
1 0.2390625 0.16328125 0.11953125 0.08125
1 0.23515625 0.240625 0.12578125 0.08046875
1 0.03125 0.01953125 0.0625 0.0390625
1 0.115625 0.025 0.11875 0.05
1 0.11484375 0.2359375 0.13046875 0.08125
1 0.0265625 0.1484375 0.053125 0.078125
1 0.028125 0.225 0.05625 0.07421875
1 0.109375 0.31328125 0.12890625 0.078125
1 0.0296875 0.0796875 0.059375 0.07421875
1 0.025 0.3046875 0.05 0.078125
0 0.2 0.18984375 0.02734375 0.01953125