1 0.853125 0.45078125 0.06953125 0.17109375
1 0.85234375 0.28671875 0.06875 0.1703125
1 0.915625 0.45078125 0.06953125 0.16796875
1 0.8578125 0.93359375 0.071875 0.1328125
1 0.85390625 0.61328125 0.06953125 0.1625
1 0.8546875 0.78203125 0.0703125 0.1734375
1 0.9234375 0.9296875 0.065625 0.140625
1 0.778125 0.11953125 0.07421875 0.16015625
1 0.92109375 0.78203125 0.06953125 0.17109375
1 0.7828125 0.61953125 0.06953125 0.1609375
1 0.9734375 0.6171875 0.053125 0.171875
1 0.853125 0.12109375 0.06796875 0.1640625
1 0.91953125 0.61328125 0.06875 0.1671875
1 0.7171875 0.93515625 0.071875 0.1296875
1 0.71875 0.7859375 0.07109375 0.17109375
1 0.7734375 0.45546875 0.07109375 0.17421875
1 0.9703125 0.11328125 0.059375 0.15625
1 0.71953125 0.6171875 0.071875 0.16875
1 0.975 0.9296875 0.05 0.140625
1 0.915625 0.115625 0.06875 0.159375
1 0.9171875 0.2859375 0.065625 0.16796875
1 0.9703125 0.4515625 0.059375 0.16796875
1 0.78046875 0.2859375 0.0703125 0.1703125
1 0.9703125 0.27734375 0.059375 0.171875
1 0.7125 0.4515625 0.0703125 0.16953125
1 0.9734375 0.7734375 0.053125 0.171875
1 0.7734375 0.93359375 0.071875 0.1328125
1 0.7171875 0.121875 0.06875 0.16015625
1 0.784375 0.7828125 0.071875 0.1703125
1 0.7125 0.28203125 0.06796875 0.1671875
1 0.9734375 0.01953125 0.053125 0.0390625
1 0.77578125 0.0203125 0.0765625 0.040625
1 0.8515625 0.0203125 0.06640625 0.03984375
1 0.9140625 0.0203125 0.06640625 0.03984375
1 0.71328125 0.021875 0.0703125 0.04375
1 0.809375 0.02109375 0.14453125 0.0421875
0 0.740625 0.06328125 0.0234375 0.034375
0 0.94921875 0.8875 0.02109375 0.02734375