1 0.5890625 0.96484375 0.121875 0.0703125
1 0.58984375 0.8953125 0.1203125 0.0765625
1 0.0203125 0.9375 0.040625 0.078125
1 0.58828125 0.8203125 0.121875 0.07578125
1 0.346875 0.95859375 0.121875 0.075
1 0.5875 0.7546875 0.12265625 0.07421875
1 0.3421875 0.99375 0.115625 0.01171875
1 0.11328125 0.5921875 0.121875 0.0765625
1 0.10078125 0.94453125 0.12421875 0.07578125
1 0.0234375 0.7953125 0.046875 0.07421875
1 0.0234375 0.865625 0.046875 0.07421875
1 0.34375 0.67265625 0.1171875 0.075
1 0.01875 0.98828125 0.0375 0.0234375
1 0.0984375 0.98984375 0.121875 0.0203125
1 0.4640625 0.8921875 0.12109375 0.07734375
1 0.025 0.728125 0.05 0.06640625
1 0.46640625 0.7453125 0.11953125 0.0734375
1 0.3453125 0.88359375 0.11640625 0.07421875
1 0.4609375 0.9625 0.121875 0.07421875
1 0.46015625 0.821875 0.12734375 0.07578125
1 0.58671875 0.68125 0.11796875 0.07109375
1 0.465625 0.99609375 0.125 0.0078125
1 0.10859375 0.8 0.125 0.075
1 0.221875 0.66953125 0.1234375 0.0734375
1 0.34453125 0.8125 0.11796875 0.078125
1 0.0265625 0.6546875 0.053125 0.07421875
1 0.22734375 0.59140625 0.12421875 0.075
1 0.46796875 0.60234375 0.1203125 0.071875
1 0.22421875 0.740625 0.121875 0.07578125
1 0.10390625 0.8765625 0.121875 0.07578125
1 0.221875 0.95625 0.12109375 0.075
1 0.128125 0.52890625 0.13203125 0.07109375
1 0.21875 0.9921875 0.11875 0.015625
1 0.11171875 0.66171875 0.1125 0.07578125
1 0.034375 0.521875 0.06875 0.07421875
1 0.23671875 0.52890625 0.10625 0.06875
1 0.22734375 0.88046875 0.12265625 0.07421875
1 0.228125 0.80390625 0.121875 0.07421875
1 0.5875 0.609375 0.11328125 0.07421875
1 0.10859375 0.73515625 0.1234375 0.07421875
1 0.46796875 0.6734375 0.12109375 0.07265625
1 0.346875 0.7453125 0.1140625 0.07578125
1 0.0265625 0.584375 0.053125 0.07421875
1 0.34921875 0.53359375 0.12890625 0.0734375
1 0.3515625 0.6 0.121875 0.06953125
1 0.5875 0.546875 0.11171875 0.0734375
1 0.465625 0.53984375 0.11953125 0.07421875
0 0.30625 0.76328125 0.0328125 0.02265625
0 0.03046875 0.67890625 0.03515625 0.0265625
0 0.03203125 0.82578125 0.025 0.03125
0 0.3921875 0.6984375 0.0234375 0.0265625
0 0.54140625 0.56484375 0.02109375 0.021875
0 0.5109375 0.70234375 0.02421875 0.0328125
0 0.63203125 0.85 0.02109375 0.0265625