1 0.16346282561418532 0.4997603446054165 0.11628554420664754 0.24004573138263902
1 0.07669861150756266 0.5033412459159374 0.12097304420664753 0.24015483415618064
1 0.07246706723440813 0.2731270690542013 0.11941054420664754 0.24011846656500008
1 0.02474027256554218 0.5094470819719792 0.04948054513108436 0.23423083605604167
1 0.08017163783402853 0.7327923565732638 0.11472304420664751 0.24000936379145835
1 0.16086197750096481 0.26716605015249983 0.11941054420664754 0.24011846656500008
1 0.020606044702119443 0.7390618467896181 0.041212089404238886 0.23245013050895835
1 0.019619548892008055 0.9255442074469444 0.03923909778401611 0.1478205573706944
1 0.4602683147936327 0.7098925319163885 0.12097304420664759 0.24015483415618064
1 0.26253813776752155 0.2608959067257636 0.11637647241989288 0.243170731382639
1 0.44826710530586344 0.9076942522811107 0.11097826708875883 0.16497299620027803
1 0.08246024887937278 0.922454268617361 0.1074895542357774 0.1524002610179167
1 0.16620006604727391 0.7276671390583331 0.11637647241989288 0.243170731382639
1 0.2651162538274307 0.4942714511786804 0.11793897241989289 0.24320709897381962
1 0.5521960873591748 0.9044945574676037 0.11405780298213611 0.163483231382639
1 0.021854616455620583 0.28068630233670133 0.043709232911241166 0.2386273953265973
1 0.3591136770926181 0.9128922049784025 0.11392141066226813 0.158795731382639
1 0.4567043602539214 0.48356642125906213 0.12262647241989288 0.24331620174736113
1 0.35622567247376463 0.7169984767298955 0.12262647241989288 0.2433162017473613
1 0.27315344503930683 0.9156736724933332 0.11387594655564541 0.157233231382639
1 0.3493932800873896 0.2541900054152427 0.11637647241989288 0.243170731382639
1 0.5467299666804122 0.4752252847661801 0.11950147241989288 0.24324346656500015
1 0.44862170493542264 0.06960006592006927 0.11213159012915472 0.13920013184013855
1 0.539532546780437 0.23961509308680512 0.11950147241989288 0.24324346656500007
1 0.17316706386919584 0.08575239599218734 0.10882473370266399 0.1446241286090973
1 0.07068692154932779 0.09282197321451383 0.11181334138279594 0.14000936379145842
1 0.3534656999873647 0.4898729322769789 0.11950147241989288 0.243243466565
1 0.45345865446056893 0.2463028106017357 0.12262647241989288 0.2433162017473612
1 0.01907660893377319 0.09876415511024303 0.03815321786754638 0.13684668977951392
1 0.5506887263138306 0.7148144616279162 0.11637647241989288 0.243170731382639
1 0.26397392029568656 0.07739307570371505 0.11194973370266395 0.14469686379145844
1 0.2702199763138306 0.7213424442448261 0.12262647241989288 0.2433162017473613
1 0.3492665626155546 0.07227177745107626 0.10422816191590938 0.1445435549021525
1 0.16998298093268413 0.9196364335112499 0.11066001834240007 0.15403549620027804
1 0.537775133148668 0.06542040577583312 0.10882473370266403 0.13084081155166624
0 0.32309257521847395 0.648285497531458 0.03238660266556703 0.039789851823611146
0 0.5193956107161398 0.7975185120647564 0.03238660266556703 0.039789851823611146
0 0.12823499709700611 0.12739568854524294 0.03560253087881238 0.04298758700597225
0 0.42201449386480777 0.8708306851267704 0.03560253087881229 0.04298758700597247
0 0.3174793535234969 0.11674521001239557 0.0356479949854351 0.04455008700597225
0 0.5114122437983009 0.4010981069545134 0.03569345909205772 0.046112587005972296