1 0.03984375 0.50859375 0.07734375 0.18671875
1 0.18125 0.51953125 0.075 0.1765625
1 0.17578125 0.86953125 0.075 0.178125
1 0.109375 0.33203125 0.07578125 0.17421875
1 0.10234375 0.86875 0.07578125 0.17734375
1 0.18046875 0.6890625 0.0765625 0.178125
1 0.003125 0.03125 0.00625 0.0625
1 0.1828125 0.3359375 0.075 0.18515625
1 0.0015625 0.32421875 0.003125 0.1796875
1 0.18515625 0.1609375 0.07421875 0.1734375
1 0.04296875 0.32890625 0.07578125 0.18125
1 0.1109375 0.15078125 0.075 0.1734375
1 0.10546875 0.68984375 0.07578125 0.17734375
1 0.04375 0.0328125 0.075 0.065625
1 0.184375 0.03515625 0.075 0.0703125
1 0.1125 0.0328125 0.075 0.065625
1 0.25078125 0.16171875 0.07421875 0.1765625
1 0.10625 0.52421875 0.07421875 0.16953125
1 0.0046875 0.14453125 0.009375 0.1796875
1 0.0328125 0.865625 0.065625 0.16796875
1 0.0453125 0.15 0.0734375 0.17109375
1 0.2515625 0.03515625 0.071875 0.0703125
1 0.24765625 0.51796875 0.0734375 0.17421875
1 0.034375 0.6875 0.06875 0.1796875
1 0.25078125 0.33515625 0.075 0.178125
1 0.24609375 0.68984375 0.071875 0.18046875
1 0.24140625 0.87265625 0.07265625 0.1765625
1 0.0328125 0.9765625 0.065625 0.046875
1 0.1734375 0.9796875 0.07265625 0.0375
1 0.23984375 0.98125 0.075 0.03515625
1 0.1015625 0.978125 0.071875 0.04296875
0 0.221875 0.634375 0.0265625 0.0296875
0 0.13203125 0.45234375 0.0234375 0.03359375
0 0.21015625 0.2671875 0.01796875 0.04453125