1 0.78828125 0.91171875 0.075 0.17578125
1 0.7203125 0.91171875 0.071875 0.1765625
1 0.984375 0.728125 0.03125 0.16796875
1 0.9828125 0.3828125 0.034375 0.171875
1 0.7171875 0.56015625 0.07421875 0.178125
1 0.93125 0.55703125 0.07265625 0.17578125
1 0.9828125 0.553125 0.034375 0.18359375
1 0.93046875 0.38671875 0.071875 0.17421875
1 0.98125 0.0609375 0.0375 0.12109375
1 0.92890625 0.2046875 0.0703125 0.17109375
1 0.7171875 0.20859375 0.07890625 0.17734375
1 0.7890625 0.0625 0.071875 0.125
1 0.9328125 0.89609375 0.071875 0.1765625
1 0.6515625 0.7296875 0.0703125 0.178125
1 0.784375 0.559375 0.075 0.178125
1 0.98125 0.20703125 0.0375 0.171875
1 0.9265625 0.06640625 0.071875 0.1328125
1 0.78359375 0.20546875 0.07109375 0.175
1 0.7234375 0.734375 0.07265625 0.16953125
1 0.65625 0.91328125 0.078125 0.1734375
1 0.86484375 0.9015625 0.07421875 0.17109375
1 0.865625 0.734375 0.07421875 0.1734375
1 0.65078125 0.5609375 0.06953125 0.17421875
1 0.790625 0.73515625 0.071875 0.1671875
1 0.8609375 0.0625 0.071875 0.125
1 0.7140625 0.06640625 0.078125 0.1328125
1 0.9859375 0.896875 0.028125 0.17578125
1 0.86328125 0.20859375 0.07265625 0.16875
1 0.6484375 0.0625 0.065625 0.125
1 0.72109375 0.38984375 0.07421875 0.171875
1 0.65078125 0.3859375 0.06796875 0.17421875
1 0.7875 0.3875 0.07421875 0.175
1 0.93203125 0.734375 0.075 0.1734375
1 0.8640625 0.38671875 0.0734375 0.1765625
1 0.86640625 0.55859375 0.0765625 0.17734375
1 0.65078125 0.21875 0.06640625 0.1734375
0 0.88984375 0.7890625 0.0265625 0.03828125
0 0.6796875 0.26640625 0.02265625 0.0359375
0 0.6796875 0.61953125 0.02265625 0.0375
0 0.7453125 0.62421875 0.02890625 0.0359375
0 0.959375 0.61875 0.02421875 0.03671875
0 0.74453125 0.44296875 0.0296875 0.03828125
0 0.88671875 0.6203125 0.02421875 0.034375
0 0.81015625 0.66875 0.02734375 0.03515625
0 0.8890625 0.44375 0.021875 0.03671875
0 0.8125 0.44296875 0.02578125 0.03828125
0 0.68046875 0.14453125 0.0234375 0.03203125
0 0.68125 0.4421875 0.01640625 0.0375
0 0.67578125 0.09609375 0.0234375 0.03125