1 0.04578724379830084 0.9054806788591925 0.09157448759660168 0.15783635771838506
1 0.3260143013992905 0.46225323817418296 0.42595004922121243 0.21087642197629125
1 0.07938296578922882 0.27381418479069153 0.15876593157845764 0.18292919961943915
1 0.09272104592250717 0.09294618676785789 0.16143290815498565 0.18449169961943915
1 0.28886937325255213 0.9217277613687065 0.4203078029821362 0.15654447726258702
1 0.360857280483101 0.12499066011329323 0.4260409774344578 0.2140014219762913
1 0.740934607746639 0.5034074091618911 0.42438754922121225 0.21081275498009688
1 0.7555236081423504 0.35147749463715466 0.4244784774344579 0.21393775498009687
1 0.3422794620615586 0.3064807406456409 0.41951819279472174 0.20437175399151375
1 0.06930862648475043 0.42880543231923357 0.13861725296950086 0.18261086463846715
1 0.6962954283462593 0.9433175543720747 0.41953491316955044 0.11336489125585061
1 0.7741696227238267 0.16764366410480697 0.4213534774344579 0.21381042098770814
1 0.7254279650310596 0.6599929901885304 0.41956365690134445 0.20593425399151374
1 0.3728237345605938 0.03631016209045957 0.4043525308788124 0.058613585018153
1 0.05189850296950088 0.7626710963496784 0.10379700593900176 0.17534219269935694
1 0.3113571048436451 0.6165269026989193 0.42595004922121243 0.21087642197629144
1 0.0631973673135504 0.5833337648287477 0.1263947346271008 0.18854252965749527
1 0.9314637017032243 0.8639323681728704 0.0707624440483631 0.1792365138401643
1 0.29601794668865944 0.7942380672236559 0.4226886569013445 0.2060615879839025
1 0.7069410748227625 0.8383580707208779 0.4196545851145899 0.20905925399151365
1 0.7879713614410557 0.0696518330781677 0.4050344924781527 0.08205108501815299
0 0.9477730118114966 0.921695788629106 0.018642351411925516 0.05070033695813834