0 0.4226320478994591 0.7481524967502938 0.020657945337363516 0.0300420560063543
0 0.6055712698918232 0.8076071375769589 0.02999658267027261 0.027080697240056396
0 0.5912349552037333 0.965201449265356 0.029960220003181704 0.023955697240056396
0 0.8151473592457315 0.659672018257354 0.029996582670272432 0.027080697240056396
1 0.6571786758832326 0.8718020511317952 0.10507040268936266 0.16898755357072243
1 0.5543980265356879 0.9693575206962812 0.09769316000954512 0.061284958607437545
1 0.6403082545353697 0.9724240194784652 0.10388861600890867 0.05515196104306952
1 0.7706791965706863 0.7206271091667444 0.10972154002227157 0.16594437418757338
1 0.3878201485519144 0.8522536156628615 0.10350790268936265 0.16896028003177221
1 0.40373714457354976 0.6931240775134146 0.10343517735518085 0.1627102800317722
1 0.455987798536006 0.9661273806803952 0.10399770401018138 0.06774523863920975
1 0.7539991318825964 0.8781805105467162 0.10979426535645338 0.17219437418757338
1 0.672314421904868 0.712658876212873 0.10659654002227174 0.1658898271096728
1 0.8721871525700499 0.7270873891985167 0.10973972135581711 0.16750687418757337
1 0.7402537105347333 0.9779842727248761 0.10377952800763594 0.044031454550247776
1 0.9463422679026408 0.7338516322986577 0.07845335868872638 0.1638364034085667
1 0.921449166534097 0.9843218218313717 0.08804544000636341 0.03135635633725649
1 0.9312792472151873 0.8867448072175798 0.08955449069063519 0.17808981818121908
1 0.37009575186986965 0.9630608818982112 0.09776588534372674 0.07387823620357778
1 0.8371014385344152 0.981200775971287 0.09747498400699968 0.03759844805742603
1 0.8539264065484146 0.886176017039538 0.10979426535645338 0.17219437418757338
1 0.4706599205522325 0.8513553632272295 0.10198176535645338 0.17205800649282174
1 0.48491441923936796 0.7007923015388323 0.10972154002227175 0.16594437418757338
1 0.5689701512174145 0.864011096181101 0.11600790268936265 0.16917846834337488
1 0.5825524879058225 0.7040593977232286 0.10661472135581711 0.16745232710967278