1 0.8328125 0.61796875 0.071875 0.16171875
1 0.62734375 0.12265625 0.06875 0.1828125
1 0.83046875 0.121875 0.06953125 0.1875
1 0.68984375 0.121875 0.06953125 0.1859375
1 0.625 0.78828125 0.06953125 0.175
1 0.6890625 0.78828125 0.0703125 0.175
1 0.99375 0.13125 0.0125 0.17578125
1 0.896875 0.45625 0.06796875 0.16640625
1 0.8296875 0.9375 0.071875 0.125
1 0.89609375 0.29765625 0.06953125 0.15859375
1 0.6890625 0.45859375 0.0703125 0.165625
1 0.6203125 0.62265625 0.07109375 0.1625
1 0.89765625 0.621875 0.06953125 0.1609375
1 0.5546875 0.9375 0.071875 0.125
1 0.621875 0.9390625 0.06875 0.12109375
1 0.9640625 0.93125 0.071875 0.13671875
1 0.83125 0.45859375 0.06953125 0.165625
1 0.62578125 0.459375 0.06875 0.16640625
1 0.69140625 0.62265625 0.06875 0.1625
1 0.9953125 0.61328125 0.009375 0.15625
1 0.6875 0.9375 0.06875 0.125
1 0.89921875 0.77890625 0.075 0.1765625
1 0.8328125 0.7859375 0.07109375 0.1734375
1 0.896875 0.9375 0.06875 0.125
1 0.83046875 0.29609375 0.0703125 0.1671875
1 0.76015625 0.78515625 0.06796875 0.17265625
1 0.553125 0.78828125 0.07265625 0.178125
1 0.7609375 0.62265625 0.06953125 0.159375
1 0.96171875 0.62421875 0.06875 0.1625
1 0.55390625 0.621875 0.06875 0.15859375
1 0.965625 0.7828125 0.06875 0.17578125
1 0.48203125 0.78359375 0.06953125 0.16953125
1 0.6265625 0.2984375 0.071875 0.16796875
1 0.759375 0.9375 0.06875 0.125
1 0.55390625 0.45859375 0.06796875 0.16875
1 0.9953125 0.45703125 0.009375 0.1640625
1 0.55546875 0.29609375 0.06875 0.15859375
1 0.68984375 0.2984375 0.06875 0.16796875
1 0.55625 0.1234375 0.06875 0.1828125
1 0.9625 0.4609375 0.075 0.1671875
1 0.48515625 0.62265625 0.06875 0.16015625
1 0.9953125 0.2984375 0.009375 0.15234375
1 0.89296875 0.12265625 0.0671875 0.18984375
1 0.4796875 0.93515625 0.065625 0.1296875
1 0.7609375 0.459375 0.06875 0.16640625
1 0.4859375 0.46015625 0.0703125 0.16328125
1 0.76015625 0.29375 0.06953125 0.16484375
1 0.76015625 0.12109375 0.0671875 0.1875
1 0.48671875 0.29140625 0.0703125 0.1625
1 0.965625 0.2984375 0.065625 0.1578125
1 0.99375 0.02734375 0.0125 0.0546875
1 0.49375 0.12578125 0.0703125 0.1796875
1 0.9625 0.121875 0.06796875 0.1875
1 0.56171875 0.0203125 0.0703125 0.040625
1 0.76328125 0.0203125 0.07109375 0.03984375
1 0.4953125 0.021875 0.071875 0.04375
1 0.68828125 0.01875 0.0703125 0.0375
1 0.6265625 0.01875 0.0671875 0.0375
1 0.8265625 0.0171875 0.0703125 0.03359375
0 0.709375 0.89375 0.02734375 0.0328125
0 0.784375 0.89453125 0.021875 0.034375
0 0.471875 0.1984375 0.02109375 0.0359375
0 0.87421875 0.92109375 0.01875 0.03125
0 0.8921875 0.86015625 0.021875 0.01953125