1 0.9796875 0.29296875 0.040625 0.171875
1 0.92265625 0.46484375 0.07421875 0.16875
1 0.921875 0.290625 0.0734375 0.17421875
1 0.9796875 0.459375 0.040625 0.16796875
1 0.72421875 0.65703125 0.07109375 0.18125
1 0.78515625 0.66484375 0.071875 0.18203125
1 0.859375 0.3 0.0734375 0.171875
1 0.85859375 0.12265625 0.071875 0.17734375
1 0.72421875 0.8296875 0.06953125 0.175
1 0.8578125 0.01953125 0.071875 0.0390625
1 0.9234375 0.0140625 0.065625 0.02734375
1 0.9828125 0.6546875 0.034375 0.17578125
1 0.71953125 0.1265625 0.071875 0.17421875
1 0.98125 0.8296875 0.0375 0.17578125
1 0.9296875 0.6546875 0.07109375 0.17890625
1 0.8625 0.6546875 0.06953125 0.17734375
1 0.9234375 0.12265625 0.06796875 0.175
1 0.93046875 0.8328125 0.0703125 0.175
1 0.859375 0.46640625 0.0703125 0.1703125
1 0.978125 0.1171875 0.04375 0.171875
1 0.7171875 0.021875 0.071875 0.04296875
1 0.71953125 0.3015625 0.06953125 0.17265625
1 0.72109375 0.47265625 0.06875 0.17734375
1 0.77578125 0.30390625 0.071875 0.17578125
1 0.7875 0.4671875 0.07578125 0.17421875
1 0.975 0.0140625 0.05 0.02734375
1 0.790625 0.8390625 0.06953125 0.1734375
1 0.86484375 0.82734375 0.07265625 0.1703125
1 0.7734375 0.01953125 0.071875 0.0390625
1 0.78359375 0.12421875 0.06875 0.1765625
1 0.93125 0.95859375 0.075 0.0828125
1 0.984375 0.95859375 0.03125 0.0828125
1 0.865625 0.959375 0.07265625 0.08125
1 0.790625 0.9609375 0.06875 0.078125
1 0.72578125 0.9625 0.0703125 0.075
1 0.7578125 0.9625 0.1484375 0.075
0 0.80546875 0.228125 0.025 0.03125
0 0.8828125 0.403125 0.021875 0.03046875
0 0.94765625 0.06015625 0.01875 0.0359375
0 0.95703125 0.765625 0.01328125 0.02578125