1 0.9 0.796875 0.12578125 0.075
1 0.30859375 0.84765625 0.12421875 0.07578125
1 0.9734375 0.98828125 0.053125 0.0234375
1 0.53125 0.978125 0.125 0.04296875
1 0.978125 0.8734375 0.04375 0.07421875
1 0.9828125 0.7953125 0.034375 0.07421875
1 0.653125 0.98046875 0.125 0.0390625
1 0.9015625 0.73046875 0.12421875 0.06953125
1 0.9828125 0.728125 0.034375 0.06640625
1 0.5390625 0.921875 0.12109375 0.078125
1 0.9765625 0.94140625 0.046875 0.078125
1 0.896875 0.87109375 0.125 0.07578125
1 0.775 0.98203125 0.11875 0.0359375
1 0.3015625 0.9125 0.1234375 0.07734375
1 0.42890625 0.846875 0.11953125 0.07890625
1 0.1828125 0.90625 0.1125 0.0765625
1 0.2171875 0.63125 0.11484375 0.06875
1 0.89453125 0.93828125 0.12265625 0.07890625
1 0.4171875 0.9765625 0.121875 0.046875
1 0.7875 0.71953125 0.11796875 0.0765625
1 0.08515625 0.76640625 0.121875 0.0734375
1 0.890625 0.9859375 0.125 0.02734375
1 0.66640625 0.859375 0.1203125 0.0734375
1 0.065625 0.96875 0.125 0.0625
1 0.77578125 0.86484375 0.12421875 0.0765625
1 0.19453125 0.84140625 0.1171875 0.07734375
1 0.65859375 0.925 0.12109375 0.07421875
1 0.771875 0.9328125 0.125 0.07578125
1 0.296875 0.97421875 0.125 0.0515625
1 0.2109375 0.69375 0.12578125 0.07109375
1 0.0765625 0.8375 0.1203125 0.07421875
1 0.5578125 0.70546875 0.1171875 0.07421875
1 0.06875 0.903125 0.12265625 0.071875
1 0.79921875 0.653125 0.1109375 0.06640625
1 0.54453125 0.85625 0.11875 0.07109375
1 0.09140625 0.690625 0.1203125 0.071875
1 0.41875 0.91640625 0.11953125 0.078125
1 0.31953125 0.775 0.11640625 0.07265625
1 0.33515625 0.634375 0.1265625 0.0703125
1 0.328125 0.70078125 0.1203125 0.0734375
1 0.984375 0.66015625 0.03125 0.0703125
1 0.1765625 0.9703125 0.115625 0.05859375
1 0.203125 0.76953125 0.125 0.07734375
1 0.671875 0.784375 0.11953125 0.07734375
1 0.4375 0.77421875 0.1171875 0.07109375
1 0.4453125 0.7046875 0.1171875 0.0765625
1 0.67109375 0.715625 0.12265625 0.07578125
1 0.553125 0.78203125 0.1171875 0.075
1 0.9140625 0.65703125 0.125 0.07109375
1 0.44765625 0.640625 0.11796875 0.07421875
1 0.55859375 0.64453125 0.1046875 0.0734375
1 0.0953125 0.62890625 0.12421875 0.07109375
1 0.68359375 0.6515625 0.13203125 0.0703125
1 0.7859375 0.790625 0.1265625 0.07578125
1 0.0265625 0.628125 0.05234375 0.07109375
1 0.01796875 0.6890625 0.0359375 0.07421875
1 0.01484375 0.7625 0.02890625 0.07578125
1 0.55078125 0.86796875 0.11875 0.03828125
1 0.0109375 0.834375 0.021875 0.07421875
1 0.809375 0.79375 0.06015625 0.06796875
0 0.22890625 0.93203125 0.02890625 0.02421875
0 0.13828125 0.653125 0.0328125 0.02421875
0 0.80078125 0.775 0.02421875 0.02421875
0 0.62734375 0.7359375 0.02109375 0.02265625
0 0.47265625 0.80390625 0.0234375 0.02578125
0 0.5109375 0.80625 0.028125 0.021875
0 0.596875 0.6671875 0.021875 0.02890625
0 0.753125 0.6765625 0.03125 0.025