1 0.18388959136958155 0.35010165980398134 0.21523236364988402 0.15106153611233458
1 0.1852053991645162 0.47097715499465787 0.2104811966536896 0.14933534500534212
1 0.1864482000765497 0.2298710053574776 0.20729252965749523 0.1476637176006804
1 0.16925415802458374 0.8241567186969888 0.1949835306460784 0.15191470798203355
1 0.1838418063120599 0.12152279201796645 0.20091519566510646 0.14432046279135696
1 0.04254032707230656 0.12737846633473604 0.08508065414461312 0.14211806733052793
1 0.042751232699794445 0.22885912078123977 0.08550246539958889 0.13603175843752047
1 0.17347076722584345 0.7015277505481542 0.20585736364988402 0.15073415389834963
1 0.04111313684440757 0.3499255889300743 0.08222627368881515 0.1407738221398514
1 0.17703346041949197 0.5758010642504849 0.20930069863085596 0.15865578130301117
1 0.0441665288788768 0.5832465204184201 0.0883330577577536 0.14131945916315977
1 0.044098873992826304 0.47160961597191636 0.08819774798565261 0.1411557680561673
1 0.17068257311797386 0.04240821089244043 0.18679434585538685 0.06581351687504099
1 0.04451339152158713 0.7001612019067658 0.08902678304317425 0.14115576805616747
1 0.0375490795437645 0.05491318929289404 0.075098159087529 0.04329862141421193
1 0.04759462916429744 0.8169667559904497 0.09518925832859489 0.1411557680561672
0 0.24249390612177946 0.04146078058522106 0.0362850098858317 0.04807540145127883