1 0.28125 0.81796875 0.0703125 0.16953125
1 0.015625 0.29296875 0.03125 0.171875
1 0.125 0.015625 0.06875 0.03125
1 0.3453125 0.64453125 0.06875 0.17421875
1 0.015625 0.459375 0.03125 0.16796875
1 0.13359375 0.46875 0.07109375 0.17578125
1 0.4015625 0.015625 0.071875 0.03125
1 0.34140625 0.46484375 0.06953125 0.175
1 0.1984375 0.015625 0.071875 0.03125
1 0.128125 0.1203125 0.0703125 0.16640625
1 0.328125 0.0140625 0.06875 0.02734375
1 0.071875 0.95625 0.07265625 0.0875
1 0.275 0.11640625 0.0703125 0.171875
1 0.27890625 0.6484375 0.071875 0.17890625
1 0.0734375 0.46953125 0.0765625 0.17421875
1 0.0734375 0.65234375 0.0703125 0.1734375
1 0.27890625 0.45390625 0.06953125 0.175
1 0.40390625 0.11484375 0.06875 0.16484375
1 0.01875 0.6546875 0.0375 0.17578125
1 0.34609375 0.81953125 0.06875 0.1703125
1 0.2703125 0.0140625 0.071875 0.02734375
1 0.0171875 0.8296875 0.034375 0.17578125
1 0.20234375 0.2828125 0.06875 0.16796875
1 0.20390625 0.459375 0.0703125 0.1703125
1 0.20859375 0.646875 0.0703125 0.175
1 0.140625 0.95546875 0.06953125 0.0890625
1 0.07578125 0.82890625 0.07109375 0.175
1 0.41328125 0.81171875 0.07109375 0.17109375
1 0.334375 0.11484375 0.0703125 0.17109375
1 0.2015625 0.11640625 0.071875 0.16875
1 0.0140625 0.1171875 0.028125 0.171875
1 0.465625 0.015625 0.06875 0.03125
1 0.4765625 0.4609375 0.06875 0.1734375
1 0.48046875 0.8140625 0.06796875 0.1734375
1 0.47890625 0.64375 0.06796875 0.17578125
1 0.1375 0.82109375 0.07109375 0.17265625
1 0.34609375 0.95 0.0703125 0.1
1 0.47265625 0.28828125 0.06875 0.17421875
1 0.06640625 0.11953125 0.071875 0.16796875
1 0.009375 0.0140625 0.01875 0.02734375
1 0.1296875 0.2890625 0.0703125 0.16953125
1 0.4703125 0.11328125 0.0703125 0.16875
1 0.27265625 0.290625 0.06953125 0.1703125
1 0.21015625 0.82421875 0.0703125 0.17109375
1 0.13828125 0.6484375 0.07109375 0.17890625
1 0.0625 0.0171875 0.06875 0.034375
1 0.409375 0.2875 0.06953125 0.17109375
1 0.421875 0.94921875 0.06875 0.1015625
1 0.40859375 0.6359375 0.071875 0.1765625
1 0.06796875 0.29296875 0.0703125 0.17109375
1 0.28125 0.95234375 0.071875 0.09453125
1 0.4109375 0.45390625 0.06953125 0.17265625
1 0.21484375 0.953125 0.075 0.09375
1 0.01875 0.95859375 0.0375 0.0828125
1 0.48125 0.95 0.071875 0.1
1 0.3390625 0.28828125 0.06953125 0.16953125
0 0.02578125 0.59140625 0.02265625 0.02421875
0 0.09609375 0.5859375 0.0203125 0.03359375
0 0.1609375 0.39765625 0.01875 0.03515625
0 0.02890625 0.93828125 0.01796875 0.0234375