1 0.7921875 0.90546875 0.06953125 0.18671875
1 0.996875 0.04296875 0.00625 0.0859375
1 0.87109375 0.9046875 0.0703125 0.18828125
1 0.953125 0.34921875 0.07578125 0.190625
1 0.9953125 0.165625 0.009375 0.18359375
1 0.990625 0.90234375 0.01875 0.1875
1 0.95078125 0.540625 0.07421875 0.1890625
1 0.796875 0.3515625 0.0734375 0.1875
1 0.7921875 0.90546875 0.06953125 0.18671875
1 0.996875 0.04296875 0.00625 0.0859375
1 0.87109375 0.9046875 0.0703125 0.18828125
1 0.953125 0.34921875 0.07578125 0.190625
1 0.87265625 0.5375 0.07890625 0.18515625
1 0.9953125 0.165625 0.009375 0.18359375
1 0.990625 0.90234375 0.01875 0.1875
1 0.95078125 0.540625 0.07421875 0.1890625
1 0.796875 0.3515625 0.0734375 0.1875
1 0.796875 0.0390625 0.075 0.078125
1 0.94921875 0.9046875 0.0671875 0.18671875
1 0.9515625 0.7203125 0.07578125 0.1828125
1 0.9953125 0.3515625 0.009375 0.1875
1 0.875 0.35078125 0.07421875 0.18828125
1 0.796875 0.16796875 0.075 0.1875
1 0.87734375 0.1671875 0.08359375 0.184375
1 0.72265625 0.90546875 0.06796875 0.184375
1 0.72734375 0.34921875 0.0703125 0.19609375
1 0.990625 0.7171875 0.01875 0.18359375
1 0.7953125 0.54296875 0.07421875 0.19375
1 0.871875 0.040625 0.075 0.08125
1 0.95 0.0390625 0.075 0.078125
1 0.95234375 0.17109375 0.0765625 0.18203125
1 0.990625 0.5390625 0.01875 0.1875
1 0.50078125 0.5375 0.07421875 0.18203125
1 0.72578125 0.53984375 0.07265625 0.1890625
1 0.72734375 0.16171875 0.07578125 0.18828125
1 0.64765625 0.721875 0.07734375 0.190625
1 0.64375 0.89765625 0.07421875 0.2
1 0.7265625 0.71953125 0.07421875 0.19609375
1 0.57890625 0.17421875 0.08203125 0.19375
1 0.6546875 0.0390625 0.071875 0.078125
1 0.79765625 0.715625 0.07578125 0.196875
1 0.50625 0.0390625 0.075 0.078125
1 0.50390625 0.16875 0.08046875 0.2
1 0.49921875 0.3515625 0.08125 0.196875
1 0.57578125 0.3515625 0.078125 0.196875
1 0.65078125 0.3515625 0.0796875 0.196875
1 0.65625 0.165625 0.08046875 0.190625
1 0.57578125 0.5375 0.08046875 0.19609375
1 0.64921875 0.5375 0.0828125 0.19609375
1 0.57109375 0.72421875 0.075 0.18828125
1 0.49453125 0.7203125 0.08203125 0.19140625
1 0.496875 0.9 0.08125 0.19921875
1 0.57109375 0.9 0.07421875 0.19609375
1 0.58125 0.0375 0.075 0.07421875
1 0.728125 0.040625 0.075 0.08125
1 0.87265625 0.71796875 0.084375 0.20625
0 0.67734375 0.2296875 0.0609375 0.0640625
0 0.75 0.61015625 0.05625 0.059375
0 0.68203125 0.10390625 0.025 0.03046875
0 0.75703125 0.103125 0.0203125 0.03515625
0 0.7515625 0.41640625 0.0265625 0.03984375
0 0.83046875 0.2875 0.02109375 0.0296875
0 0.9953125 0.334375 0.009375 0.03515625
0 0.6 0.60078125 0.0203125 0.034375
0 0.8234375 0.60546875 0.02421875 0.03125
0 0.79921875 0.72109375 0.03359375 0.17890625
0 0.67578125 0.7875 0.01953125 0.03046875
0 0.74765625 0.9734375 0.02265625 0.0375
0 0.82109375 0.9734375 0.0234375 0.0453125