1 0.06878024907281147 0.8715168557412186 0.13756049814562293 0.10643036661563343
1 0.06868466214934521 0.6967887697716635 0.13736932429869042 0.10037136760421675
1 0.9476536478915092 0.5899192066138834 0.04590330517696728 0.09228034190105419
1 0.43583212719775755 0.9461600407790559 0.21216534200867015 0.10767991844188814
1 0.06703152139962323 0.7821360207602467 0.13406304279924647 0.10324169961943923
1 0.06960736621559728 0.9487631287071869 0.13921473243119456 0.10247374258562622
1 0.06955655289906718 0.6169102687830803 0.13911310579813435 0.1083112015966055
1 0.6394855611445107 0.6775996428502686 0.20894933674699842 0.10827670950527093
1 0.9465014005929323 0.6634840406062722 0.0394712946536238 0.08890067391627668
1 0.8316653558687215 0.6721175998840817 0.2041708314853266 0.10652320851668762
1 0.24599608247354685 0.9496982290111979 0.21510833148532651 0.10060354197760404
1 0.06917160309671125 0.9899220044486242 0.1383432061934225 0.020155991102751614
1 0.6397677402531151 0.8475447283255324 0.20738683674699843 0.10821304250907664
1 0.4377894693476021 0.9822407915204934 0.20456567363517095 0.035518416959013165
1 0.8313916110598061 0.5961453488954985 0.202881347270342 0.11114704152049341
1 0.43233321380358164 0.6981336828507063 0.21234735253201395 0.11309154349765968
1 0.6403222061228353 0.9321425628122126 0.20738683674699843 0.10821304250907637
1 0.24309640855602715 0.706868059809282 0.2176718893637168 0.12422004448624299
1 0.9431510745104518 0.909242209579633 0.0175962946536238 0.08800933596955503
1 0.43283447176667644 0.7701996838392894 0.21207433674699838 0.10840404349765968
1 0.6376948189664313 0.6007824748654912 0.212347352532014 0.11309154349765968
1 0.6400800114409769 0.9773629377750316 0.20520271046687402 0.045274124449936795
1 0.25075220093175066 0.9838576882507326 0.20861613680346808 0.03228462349853487
1 0.2368379742563381 0.6126405573378241 0.20913134727034208 0.11140170950527092
1 0.4352677689805488 0.6074131823564146 0.21372784200867018 0.11003021049385406
1 0.44280944026723257 0.8543982703031361 0.21547235253201397 0.11321887749004844
1 0.23730216388828618 0.7794606428130877 0.2088583314853265 0.10671420950527093
1 0.8401688296309494 0.754690019351734 0.20931335779368573 0.11452670950527093
1 0.6376052717525591 0.7636644768426575 0.2122563472703419 0.11152904349765969
1 0.8349815297156541 0.843752519351734 0.20904034200867017 0.10983920950527093
1 0.23850137186549855 0.8664340607978651 0.21234735253201392 0.11309154349765968
1 0.9478371164626523 0.7481137085910498 0.02715330517696728 0.09151633794672147
1 0.8409592429545383 0.9293544383250947 0.20885833148532668 0.10671420950527093
1 0.8370838140576954 0.9743745420333754 0.20033319994353035 0.05125091593324917
0 0.9108600322053156 0.6972714501880928 0.04575211575678075 0.036157675893442945
0 0.5113844059957784 0.7929779506452034 0.052093121018452496 0.037974843878220456
0 0.7154187295885971 0.7049699091618911 0.04905912628012441 0.039410009885831696