1 0.24609375 0.1984375 0.06796875 0.159375
1 0.00625 0.96875 0.0125 0.0625
1 0.2484375 0.68828125 0.06875 0.1671875
1 0.11875 0.9703125 0.06875 0.05859375
1 0.04375 0.521875 0.06953125 0.16796875
1 0.25 0.96875 0.06875 0.0625
1 0.0078125 0.85546875 0.015625 0.171875
1 0.0453125 0.85625 0.071875 0.16796875
1 0.0453125 0.96640625 0.071875 0.0671875
1 0.37734375 0.059375 0.06875 0.11875
1 0.246875 0.51875 0.0671875 0.165625
1 0.38125 0.52109375 0.07265625 0.1671875
1 0.00625 0.515625 0.0125 0.1640625
1 0.38515625 0.359375 0.06796875 0.16484375
1 0.18046875 0.19140625 0.0703125 0.16171875
1 0.325 0.97265625 0.06875 0.0546875
1 0.4453125 0.2015625 0.06484375 0.16328125
1 0.3875 0.8578125 0.0703125 0.1703125
1 0.32734375 0.8578125 0.0671875 0.16875
1 0.3890625 0.9703125 0.071875 0.05859375
1 0.11953125 0.85703125 0.06796875 0.16640625
1 0.384375 0.6890625 0.07109375 0.16640625
1 0.05 0.68515625 0.06953125 0.1640625
1 0.11875 0.51640625 0.07734375 0.1671875
1 0.45234375 0.52578125 0.06875 0.16796875
1 0.0484375 0.19921875 0.075 0.16328125
1 0.184375 0.5171875 0.06953125 0.16328125
1 0.45 0.36171875 0.0703125 0.165625
1 0.1796875 0.9703125 0.071875 0.05859375
1 0.24765625 0.35703125 0.0703125 0.16328125
1 0.31875 0.359375 0.06796875 0.16171875
1 0.25 0.85859375 0.06953125 0.1671875
1 0.18125 0.8578125 0.06953125 0.16640625
1 0.45546875 0.68984375 0.06875 0.16171875
1 0.321875 0.68671875 0.06796875 0.16328125
1 0.3203125 0.525 0.0671875 0.16484375
1 0.37421875 0.20625 0.07265625 0.16171875
1 0.0078125 0.68125 0.015625 0.16796875
1 0.00625 0.1859375 0.0125 0.16015625
1 0.1734375 0.3515625 0.06875 0.1640625
1 0.1859375 0.68515625 0.06875 0.16796875
1 0.3203125 0.2046875 0.07734375 0.1609375
1 0.1109375 0.1953125 0.0671875 0.16015625
1 0.440625 0.05859375 0.075 0.1171875
1 0.0046875 0.053125 0.009375 0.10546875
1 0.11015625 0.0546875 0.06875 0.109375
1 0.11328125 0.35390625 0.0703125 0.16171875
1 0.17421875 0.05625 0.06953125 0.11171875
1 0.45703125 0.8578125 0.06953125 0.17109375
1 0.459375 0.96640625 0.06875 0.0671875
1 0.04375 0.35625 0.06796875 0.1609375
1 0.11640625 0.68515625 0.06875 0.16484375
1 0.0046875 0.34765625 0.009375 0.1640625
1 0.0390625 0.05390625 0.071875 0.1078125
1 0.24296875 0.0578125 0.0703125 0.11484375
1 0.31171875 0.0578125 0.0703125 0.115625
1 0.0390625 0.0546875 0.078125 0.109375
0 0.4375 0.96015625 0.0265625 0.034375
0 0.0078125 0.453125 0.015625 0.0390625
0 0.0671875 0.33203125 0.021875 0.02890625