1 0.7645958234906137 0.6683758753832786 0.20732640507947586 0.12149424668035032
1 0.36058296840328863 0.974886891392352 0.19555060217691816 0.050226217215296035
1 0.7682813294810635 0.594974736819597 0.20888890507947586 0.12150333703942984
1 0.7341444647750915 0.892371911585828 0.2041468413771451 0.11991356596219091
1 0.08591775198373457 0.6933278191836448 0.10823414065150563 0.10217155405833438
1 0.7486012904583219 0.7471730410743233 0.2025843413771451 0.11990447560311139
1 0.3927952345605394 0.71307827956325 0.20091271397248328 0.11677038524403187
1 0.5318676913614466 0.9808556111417308 0.19360615626060226 0.03828877771653829
1 0.18520102248697262 0.9634357861043534 0.19943949400955022 0.07312842779129305
1 0.5849777561600857 0.5798486648072818 0.2041468413771451 0.11991356596219109
1 0.08634184871835719 0.6160022499018042 0.1254762043538365 0.1038340480082102
1 0.2352133691367772 0.5621919695529872 0.19633434137714506 0.11986811416679295
1 0.5752084304768553 0.7250748063960255 0.2009127139724832 0.11677038524403187
1 0.08455860470880697 0.5425692950813439 0.1350694591631599 0.11013859016268786
1 0.08745545933279593 0.7597295240041051 0.09702382213985135 0.09429542154477702
1 0.715543286914943 0.9859946465587133 0.1914980192372937 0.026109023807713072
1 0.5453200669520097 0.9410391322189696 0.20732640507947586 0.1179217355620608
1 0.40337309209493527 0.5686379331540461 0.20576390507947587 0.1214851563212708
1 0.22651298093234234 0.6261908370394299 0.20102184137714502 0.11989538524403187
1 0.379900908877309 0.8582862404338343 0.19789684137714508 0.11987720452587274
1 0.20142124481215845 0.847093689498758 0.20096727767481415 0.11833288524403188
1 0.55404773700761 0.8796077702916719 0.2010218413771451 0.11989538524403187
1 0.19781758437520494 0.9228385780624395 0.197896841377145 0.11987720452587247
1 0.7252258217613332 0.9501207790722705 0.20182044954451311 0.0980294756031114
1 0.37554328029152095 0.934807833817976 0.197896841377145 0.11987720452587247
1 0.5805928457231323 0.6555890081914235 0.2024752139724832 0.11677947560311139
1 0.22212807049538882 0.7019311804235716 0.20096727767481415 0.11833288524403188
1 0.08775804889584245 0.8354971384654857 0.08139882213985135 0.09420451795398108
1 0.397906831295162 0.6357799813586481 0.20096727767481423 0.11833288524403188
1 0.38687510597475133 0.7895907825883122 0.2041468413771451 0.11991356596219091
1 0.21623522376076618 0.7792249334486337 0.2009127139724834 0.11677038524403187
1 0.7400100296585487 0.8142969085607659 0.2025843413771451 0.11990447560311139
1 0.567643956337571 0.7992344690620079 0.19956846878180662 0.12301129488495235
1 0.08725210660772352 0.9104789577473265 0.06555556733052795 0.0878636143631848
1 0.08614596359396519 0.9680551084112563 0.04754961179556509 0.06388978317748731
0 0.8210740019837346 0.697604833130605 0.04651290145127902 0.034638620413308986
0 0.46330614200226805 0.6744339360809124 0.05276290145127884 0.03467498184962743
0 0.11776546350914718 0.6435232619038567 0.04791171034428626 0.02996021077238851
0 0.6370983060674186 0.68559921593875 0.04640377404661713 0.03151362041330898
0 0.6927307471744111 0.6906094236860764 0.03363095553496294 0.023628397540672096
0 0.7938022069705432 0.9231815500513136 0.03363095553496276 0.023628397540672096
0 0.6136236336495655 0.9080736587571575 0.03535714664195542 0.02832498789975162
0 0.6036335639567849 0.9798759358845206 0.04796627404661713 0.03152271077238851