1 0.4549698580124085 0.10725700552711362 0.11618971602481701 0.1867956502701525
1 0.17132211135422631 0.15982641170289785 0.11155676002545337 0.1913194591631599
1 0.20766069537713436 0.32977681315417673 0.11311926002545336 0.1913740228654907
1 0.4293657094207233 0.6584821996293311 0.11319198535963508 0.19762402286549072
1 0.38282542206395165 0.4842708841129017 0.11471812269254426 0.19455358656782162
1 0.03007204471672497 0.36965030108845914 0.05374426002545337 0.18930060217691827
1 0.36007990742358675 0.677147864875608 0.11315562269254435 0.19449902286549073
1 0.4165811620384982 0.2980258492665114 0.11628062269254436 0.19460815027015244
1 0.5391236121100859 0.82943459509016 0.11629880402608972 0.19617065027015243
1 0.3503567253739527 0.31133189191745 0.11475448535963517 0.19767858656782167
1 0.4599964493952699 0.4721280373782791 0.11629880402608972 0.19617065027015243
1 0.05368062535804432 0.18383185217691825 0.10532494135899881 0.19266370435383648
1 0.681728735439177 0.8031771738534335 0.12104084802672599 0.20102184137714482
1 0.15813614676158655 0.7044568654237622 0.11317380402608972 0.19606152286549072
1 0.37932496801399934 0.11632941596406712 0.11308289735836255 0.18824902286549078
1 0.08214307471354329 0.34804068511654285 0.11628062269254427 0.19460815027015244
1 0.14307148404677056 0.3493874195074461 0.11155676002545337 0.19131945916315996
1 0.400352013446813 0.8495784255827139 0.11157494135899881 0.19288195916315978
1 0.31468121268299926 0.13125252231733658 0.11626244135899881 0.19304565027015244
1 0.49950548675204154 0.6460938162342196 0.11633516669318063 0.19929565027015245
1 0.10428915268936259 0.17076142250267107 0.1130828973583625 0.18824902286549072
1 0.2899401300922685 0.6895362482707195 0.11157494135899881 0.19288195916315995
1 0.4920624200349984 0.2748909388295579 0.11471812269254436 0.19455358656782165
1 0.46740315344522204 0.8402059147829407 0.11475448535963509 0.19767858656782167
1 0.24296984468490823 0.1428050920101172 0.11464539735836252 0.18830358656782162
1 0.6406390167488599 0.627594331295162 0.11791584802672617 0.2009127139724832
1 0.2809891073758617 0.3229663071637269 0.11311926002545336 0.1913740228654907
1 0.2174566027609502 0.7018427861123346 0.1147544853596351 0.19767858656782167
1 0.25773779945094916 0.8750545968194405 0.11315562269254427 0.1944990228654908
1 0.17632143073676948 0.5223536935540632 0.1084135786919079 0.18964783175849825
1 0.2479964360677696 0.5076761238612827 0.11315562269254427 0.19449902286549073
1 0.5971055507240428 0.44333589318339434 0.119478348026726 0.20096727767481415
1 0.5324345233927246 0.45591524953666385 0.11317380402608972 0.19606152286549072
1 0.2008610907860854 0.8863442716843644 0.11475448535963517 0.19767858656782167
1 0.42604345146399397 0.9689385168750408 0.09306020401018138 0.06212296624991822
1 0.5568061727004985 0.2685615824762884 0.11631698535963508 0.19773315027015245
1 0.5641856047501326 0.6342957098809501 0.1179522106938169 0.20403771397248338
1 0.3173640540658606 0.49604170861500574 0.11157494135899881 0.19288195916315995
1 0.5064031134627214 0.9609548912844778 0.09484088001272664 0.07809021743104445
1 0.2356275367997666 0.9835515991816933 0.09576703333863608 0.03289680163661331
1 0.2941485614655848 0.9783383095259797 0.09434998400699968 0.04332338094804058
1 0.6139236174410859 0.8148661528020412 0.11629880402608972 0.19617065027015243
1 0.520513042011454 0.10251743102500957 0.11290108402290802 0.17262402286549078
1 0.05163960407381478 0.5453323473675948 0.09280676002545336 0.19066469473518968
1 0.1228542694541308 0.8937723365678216 0.10843176002545336 0.19121033175849825
1 0.575843456794994 0.9543427927357566 0.09658519334818116 0.09131441452848676
1 0.1108600627386785 0.5341245180561673 0.1099578973583625 0.18813989546082902
1 0.08337250409767732 0.7221503077118812 0.1147363040260897 0.19611608656782167
1 0.3286679174490401 0.8634747452754947 0.11161130402608972 0.19600695916316005
1 0.36282583613140307 0.9732887109772583 0.09449543467536321 0.05342257804548325
1 0.640559937460176 0.9500062395591218 0.09658519334818116 0.09998752088175636
1 0.7192571021244033 0.9411508890070431 0.0981658746817267 0.11432044954451293
1 0.15990083080040293 0.9869022884745874 0.09722044533736343 0.026195423050825183