1 0.8007093612474108 0.284826434932952 0.11526787985173223 0.171295731382639
1 0.5073016455456469 0.44426829122187533 0.11850200725639404 0.17449346656500003
1 0.5674033980775357 0.9290381090418058 0.11315974282842375 0.14192378191638824
1 0.6717635158635507 0.9224348314485592 0.1151587524470706 0.15513033710288154
1 0.49518604754508005 0.27615407085715316 0.11850200725639404 0.17449346656500006
1 0.5230506750345597 0.6046609305645491 0.11984625244707062 0.16827983415618064
1 0.6268750794810635 0.604735625378056 0.12146331614940156 0.1698787017473613
1 0.7540973223094873 0.7606972974901394 0.11510418874473985 0.166608231382639
1 0.6118800181409854 0.4435799198309727 0.1199553798517325 0.17140483415618063
1 0.3217882753973795 0.6085632613022571 0.1214087524470707 0.1683162017473613
1 0.8928150156939146 0.2846283728126049 0.11381450725639404 0.17438436379145844
1 0.44780268229095394 0.7746448158231601 0.12162700725639408 0.17456620174736132
1 0.42795642984388316 0.608692507502535 0.12162700725639408 0.17456620174736132
1 0.6466940500769688 0.7699066836986811 0.11828375244707061 0.16824346656499997
1 0.6976116430985764 0.2832074239150353 0.11537700725639403 0.174420731382639
1 0.4121255548014743 0.4459561181598614 0.11850200725639408 0.17449346656500014
1 0.5466667682258034 0.7667979078631254 0.11850200725639404 0.17449346656500014
1 0.9146230722246693 0.4396977325200007 0.11548613466105592 0.17754573138263902
1 0.7731077610542273 0.920082969366337 0.11833831614940156 0.15983406126732583
1 0.8367857928205747 0.602595816391841 0.11521331614940147 0.16973323138263902
1 0.3645512165891901 0.9344867156150695 0.11261410580511529 0.13102656876986102
1 0.9851290012659444 0.5977297444878481 0.029741997468111236 0.1698410277354167
1 0.7329886702252364 0.6033023715783339 0.11833831614940156 0.16980596656500016
1 0.8752332562449038 0.9189848093642713 0.10885418874473984 0.16203038127145747
1 0.4000099568009071 0.27784189779513924 0.12162700725639408 0.1745662017473612
1 0.9280556335647475 0.6008170704759035 0.11504962504240908 0.165045731382639
1 0.5938418023544034 0.2846952291015283 0.11850200725639404 0.17449346656500014
1 0.5779017999073328 0.11883383975885464 0.11526787985173251 0.171295731382639
1 0.9540303126060226 0.9154250843436118 0.09193937478795497 0.16490026101791672
1 0.9481362047127316 0.7559227977744799 0.10372759057453677 0.16337412860909736
1 0.6794097362050019 0.11963523318559084 0.11526787985173251 0.17129573138263895
1 0.8186657314804965 0.44136737566239653 0.1169395072563943 0.1744570989738195
1 0.854987699714149 0.7661680071212854 0.1168303798517325 0.17133209897381949
1 0.3433061552491119 0.7776769372140627 0.12195438947037936 0.1839412017473613
1 0.9981771274894797 0.7589036338305217 0.003645745021040625 0.1599932490500695
1 0.3794915817584982 0.11499640567892393 0.11861113466105584 0.17761846656500008
1 0.47222730733336293 0.9317987799196181 0.11913692431676956 0.13640244016076367
1 0.7156498588851582 0.44209211464447973 0.11688494355406327 0.17289459897381948
1 0.3097818048014742 0.44357404093753494 0.1217906983633867 0.1792537017473613
1 0.2909623390148923 0.28467116641250023 0.11699407095872498 0.17601959897381952
1 0.27095239546082905 0.11403135809187523 0.11704863466105583 0.17758209897381955
1 0.9718055673305279 0.28186835514517444 0.05638886533894407 0.17009560087368056
1 0.4739682680561673 0.1156341449453476 0.11230657095872516 0.17591049620027785
1 0.7741493173305279 0.1054474062476048 0.10923613466105593 0.17740026101791675
1 0.9792485342982362 0.43750075930548693 0.041502931403527656 0.165298998100139
1 0.8752852313956785 0.11794936587875074 0.11192462504240908 0.1649729962002779
1 0.960468763246844 0.12071264959809107 0.06633930653075452 0.15610583605604172
1 0.37166666887447397 0.025043552905382255 0.11191964664195542 0.030707098973819534
1 0.6761904777674814 0.027447733185590843 0.10550595553496293 0.025874128609097314
1 0.5715575414698122 0.02657360457649353 0.10561508293962447 0.028999128609097313
1 0.46687004146981226 0.024136975967396224 0.10561508293962447 0.028999128609097313
1 0.9489831370233086 0.03770012784659802 0.06984127404661714 0.0328501740119445
1 0.26477182813030115 0.026458622909514107 0.10566964664195541 0.0305616286090973
1 0.8660069459163161 0.031085145514028502 0.10076389183263217 0.02420252583555564
0 0.8072445595259797 0.1366616918668062 0.03930060217691818 0.052435322188333355