1 0.706852024885625 0.11564975953382883 0.16370404977125014 0.23129951906765767
1 0.806524716565 0.0998957847615723 0.16929943313000004 0.1997915695231446
1 0.871245752468542 0.3120410544622022 0.16410409327423636 0.2758234339354164
1 0.7248896969007994 0.8433605202487839 0.14698802203583342 0.21121529691210802
1 0.8491032212177435 0.5700544511041576 0.1671927256830557 0.2743700613400783
1 0.9792011099917364 0.5183232815967115 0.04159778001652725 0.2502381021769182
1 0.8156776978507299 0.813606043662429 0.1486959924005557 0.2175198606144388
1 0.9227150472542537 0.5437523567317877 0.1545699054914927 0.27447918874473987
1 0.7520470364722227 0.599245932499836 0.1623233877271531 0.26639387023308564
1 0.6620402855222922 0.6289731272350256 0.16555749050069474 0.2711904976377474
1 0.9626883700597226 0.7611928278758471 0.07462325988055482 0.2172271947351895
1 0.916658316391841 0.7850594030109234 0.14869599240055606 0.2175198606144388
1 0.944805639959809 0.28662933749449393 0.11038872008038184 0.26023315027015254
1 0.5188078174386808 0.15233376008198302 0.16410409327423636 0.2758234339354164
1 0.6105225387533334 0.1326028911572508 0.1671563580918752 0.2652057823145016
1 0.8841951216752431 0.07848208703115778 0.10901524335048621 0.15696417406231555
1 0.4780347342324306 0.02232140018533446 0.11231946846486114 0.04464280037066892
1 0.7804032001318406 0.3394517810485572 0.16715635809187504 0.2728075613400781
1 0.5763267638677083 0.014461770966574217 0.12452852773541671 0.028923541933148434
1 0.5885982130496183 0.3961903982864179 0.16410409327423636 0.2758234339354164
1 0.6794589491819101 0.3695609217000628 0.16552112290951407 0.26962799763774736
0 0.5926297899876044 0.30065964347709445 0.06097517401194459 0.07082342068857254
0 0.8162114539315628 0.23186497034145126 0.04978310087368065 0.05950397477225655