1 0.3449635895370832 0.07603239201636978 0.13888702564056316 0.10391729534115865
1 0.5676861519858614 0.18716572308774868 0.14208480024766904 0.10564356965141819
1 0.2269777229116948 0.05340271822650865 0.12416955417661042 0.0891178109449909
1 0.32609581141532074 0.21209604477533178 0.13895980024766902 0.10547979534115867
1 0.9689125500427812 0.34994452057661396 0.038450377997927984 0.08930151741285455
1 0.5785915727878603 0.12116890886339746 0.13903257485477488 0.10704229534115868
1 0.585971733250777 0.0636020703287867 0.1343065334984459 0.07250352103089916
1 0.9776197700589918 0.28069987561956805 0.02758565260503403 0.09029080732694635
1 0.4683304689827533 0.05038834011649044 0.13521406203449332 0.0585229081860289
1 0.1945289801504051 0.32972287878738676 0.13234592721213972 0.09733974672063965
1 0.8136001195208726 0.17029356286555486 0.13561647642635144 0.10062852103089917
1 0.7504236075291606 0.5178369482116623 0.12914815260503384 0.09561347241038014
1 0.9167743153442622 0.2587153329919428 0.14223034946188057 0.10876856965141819
1 0.35079836662538855 0.03483085990419417 0.13902826674922295 0.040018569651418166
1 0.4536429226640258 0.16395951718571192 0.14044952564056318 0.10399918249628844
1 0.9603872665443353 0.41528291553365976 0.04895123035529281 0.0804997274987628
1 0.46056931885891883 0.0993204850735363 0.1405950748547749 0.10712418249628844
1 0.6342185647250896 0.49060166157693086 0.14037675103345731 0.10243668249628826
1 0.22399396402035462 0.11746521822650866 0.13256425103345731 0.10202724672063965
1 0.8215795934660246 0.11667391790850898 0.13259848428423443 0.06929663387576941
1 0.8034759487188736 0.23633132066747095 0.13256425103345748 0.10202724672063965
1 0.18674855934840617 0.39588346732199753 0.12616870181924558 0.09857469810012062
1 0.6484673093484061 0.4200811216628392 0.1356892510334573 0.10219102103089917
1 0.3044476356509231 0.35741186680159914 0.12453342721213971 0.09693031094499087
1 0.3060872183635808 0.28857997964646936 0.13249147642635145 0.10046474672063965
1 0.7770674983473702 0.38296398122834907 0.13405397642635145 0.10054663387576941
1 0.43586460959607515 0.31026130709980365 0.14982452564056317 0.10449050542706698
1 0.9300234861462611 0.19284134950028625 0.13107452564056316 0.1035078595655099
1 0.3348030314315314 0.14285139981828593 0.13576202564056317 0.10375352103089916
1 0.9538782473139129 0.48777539122340025 0.05556510339082195 0.08863977611928178
1 0.30064623945603 0.4222146732240343 0.13717897642635143 0.10071040818602892
1 0.9347324108772014 0.14218293023298087 0.12442211124870468 0.06107469810012067
1 0.698067164806143 0.14544296980838833 0.13732452564056316 0.10383540818602892
1 0.5419134024001461 0.33696432722619163 0.13071065260503384 0.0956953595655099
1 0.7640730386702417 0.44336921472000573 0.13576202564056317 0.10375352103089916
1 0.7053381633584008 0.0902198812737776 0.1280565334984459 0.07217597241038014
1 0.8881312768834174 0.40288141282012635 0.14052230024766885 0.10556168249628843
1 0.20319981286306282 0.2612594838303409 0.13085620181924557 0.0988203595655099
1 0.6287818939230907 0.5568850808442363 0.1370334272121397 0.09758540818602893
1 0.6637327444184288 0.3613612189038772 0.14044952564056318 0.10399918249628844
1 0.4241779387940762 0.37621717774659 0.13717897642635143 0.10071040818602892
1 0.7860294294884513 0.3082505862713032 0.1327098002476692 0.10515224672063965
1 0.127377983250777 0.039568190298204534 0.10461903349844599 0.07094766508343386
1 0.9321765676205738 0.6174252696721028 0.08688787799792799 0.0918400192218769
1 0.5572344954518861 0.26023473088966476 0.13717897642635143 0.10071040818602892
1 0.4377225161300505 0.23674191994467392 0.1374700748547749 0.10696040818602892
1 0.8756269687778655 0.46957758988934784 0.13696065260503404 0.09602290818602892
1 0.07657519272301766 0.3736632293077851 0.13390842721213975 0.09742163387576941
1 0.8643212876367844 0.544168154113699 0.13874147642635143 0.10079229534115867
1 0.5154878354032542 0.46714979420950486 0.13561647642635144 0.10062852103089917
1 0.8428422398703148 0.6017792582521421 0.13383565260503394 0.09585913387576941
1 0.39895099876165496 0.5142970318850331 0.13398120181924558 0.0989841338757694
1 0.685562856700591 0.2121391468776098 0.13874147642635143 0.10079229534115866
1 0.4137990568672068 0.44772368554850617 0.12773120181924558 0.09865658525525038
1 0.08428283891791075 0.3090651407731744 0.134272300247669 0.10523413387576941
1 0.2857617940469252 0.48956926956056107 0.14648120181924557 0.09963923111680728
1 0.9428272772977022 0.5568972054477516 0.07126287799792799 0.09102114767057934
1 0.09540658354122725 0.23838082654882314 0.12297092721213973 0.09684842378986114
1 0.06744748045999135 0.4420447371097012 0.1348949609199827 0.09914790818602892
1 0.21503203287927347 0.1921786131835545 0.13256425103345731 0.10202724672063965
1 0.6742571755595099 0.2867297111019611 0.1435017510334573 0.10260045680654795
1 0.7350853978520322 0.5781193509706243 0.1339812018192454 0.0989841338757694
1 0.9040152961138398 0.33088026006116433 0.14052230024766885 0.10556168249628843
1 0.1771145401179838 0.4682121687014785 0.11813787799792799 0.09347776232447184
1 0.5327160308123589 0.39991802860567266 0.12304370181924558 0.09841092378986112
1 0.10898324007520255 0.16547559305716653 0.11850175103345731 0.10129026232447184
1 0.12141477357364856 0.10034191598794502 0.11828342721213972 0.09660276232447189
1 0.5116136646012551 0.53351510063194 0.14015842721213972 0.09774918249628843
1 0.010434424111767825 0.42680483943912184 0.02086884822353565 0.07235967887824377
1 0.017222752378755472 0.3578467995250302 0.034445504757510945 0.08009029172311406
0 0.559747257652995 0.45850513455313796 0.03419521753501122 0.0314071302577247
0 0.4559694402418183 0.43348744515944465 0.037247442927905536 0.030008404567984214
0 0.6840217814315315 0.16115317898978546 0.03761131596343468 0.0378209045679843
0 0.3562884255595099 0.27006567503305656 0.03946491439185813 0.04415279172311406
0 0.8919347113342674 0.5902552600611644 0.032923815963435035 0.03757524310259512