1 0.98125 0.0953125 0.0375 0.16796875
1 0.71875 0.09296875 0.07265625 0.16796875
1 0.79375 0.43671875 0.0734375 0.171875
1 0.9828125 0.265625 0.034375 0.171875
1 0.984375 0.7796875 0.03125 0.17578125
1 0.93046875 0.26875 0.07109375 0.17578125
1 0.984375 0.4359375 0.03125 0.16796875
1 0.79453125 0.61484375 0.071875 0.171875
1 0.79375 0.26796875 0.071875 0.17421875
1 0.72734375 0.78515625 0.0734375 0.17734375
1 0.8703125 0.6078125 0.07890625 0.175
1 0.93046875 0.43515625 0.071875 0.1703125
1 0.93203125 0.60703125 0.07109375 0.17421875
1 0.721875 0.6140625 0.0765625 0.1734375
1 0.79296875 0.0921875 0.0734375 0.165625
1 0.72421875 0.2625 0.07265625 0.1765625
1 0.7921875 0.0015625 0.071875 0.003125
1 0.725 0.43515625 0.0734375 0.1734375
1 0.7921875 0.7859375 0.07109375 0.178125
1 0.92890625 0.09453125 0.0703125 0.16328125
1 0.9828125 0.603125 0.034375 0.16796875
1 0.8671875 0.26640625 0.0734375 0.17265625
1 0.98125 0.00390625 0.0375 0.0078125
1 0.865625 0.09140625 0.071875 0.1640625
1 0.9296875 0.0015625 0.071875 0.003125
1 0.725 0.00390625 0.075 0.0078125
1 0.86796875 0.78203125 0.07265625 0.17421875
1 0.8671875 0.4359375 0.07109375 0.17109375
1 0.93203125 0.7796875 0.06953125 0.17265625
1 0.78984375 0.93828125 0.07421875 0.12265625
1 0.8640625 0.0015625 0.071875 0.003125
1 0.984375 0.93515625 0.03125 0.1296875
1 0.86953125 0.93828125 0.071875 0.1234375
1 0.934375 0.9375 0.0703125 0.12421875
1 0.72109375 0.93828125 0.0734375 0.1234375
0 0.7484375 0.02890625 0.02109375 0.028125
0 0.9578125 0.2 0.0203125 0.02890625