0 0.2171291354460423 0.7464190558566083 0.03183188145888893 0.026637743102595125
1 0.3833035685760424 0.9678569646084639 0.19556837955902787 0.0642860707830721
1 0.1682760209889938 0.8601230297373264 0.18997299620027785 0.11607645861557003
1 0.8830236263279867 0.625257701829707 0.20087412860909737 0.1150871687014785
1 0.19300587689666748 0.9768424609904194 0.20116376291777782 0.04631507801916115
1 0.35350435296097293 0.8393988511977669 0.1992752610179167 0.11344278154634857
1 0.7622098185760425 0.9855982821679465 0.19484102773541673 0.028803435664107015
1 0.9293329690335421 0.9766332575747736 0.14133406193291584 0.04673348485045281
1 0.3693852325200008 0.9182608355939348 0.19622299620027786 0.11640400723608905
1 0.6938708605604171 0.6449959124814421 0.19618662860909736 0.11484150723608924
1 0.15555650902114648 0.7829873196514182 0.19302526101791675 0.11311523292582955
1 0.5434383687285423 0.8197015841235966 0.20243662860909736 0.11516905585660808
1 0.18179496675243134 0.9380809334007996 0.20243662860909734 0.11516905585660808
1 0.5719660250730564 0.9575358189162492 0.19931162860909737 0.0849283621675017
1 0.8973601896826047 0.704819049070745 0.2024002610179167 0.11360655585660809
1 0.5560669617184383 0.8929310442095048 0.20556162860909738 0.11533283016686795
1 0.34000359099312566 0.7622221975342938 0.19615026101791672 0.11327900723608923
1 0.7082256077106256 0.72533850972248 0.19607752583555554 0.11015400723608923
1 0.9229550292540282 0.9314567921733399 0.15408994149194372 0.1137769742194024
1 0.7556136732494452 0.9467012174913396 0.20243662860909736 0.10659756501732076
1 0.7413498450771882 0.8745506156699454 0.20403549620027786 0.11681344301173802
1 0.527593856760695 0.7424020997274289 0.20563436379145833 0.11845783016686759
1 0.9142515232701044 0.8544848563976911 0.17149695345979127 0.11459584577069996
1 0.9039673334905907 0.7765678963117828 0.19206533301881876 0.11697721732199753
1 0.5047544623840283 0.6662966231331773 0.2024002610179167 0.11360655585660825
1 0.7207814655181604 0.7954429698083884 0.20243662860909736 0.11516905585660808
1 0.3241590790252783 0.6849227131381259 0.1993116286090973 0.11500528154634874
1 0.13656881325770892 0.7047428109449909 0.20240026101791675 0.11360655585660825
1 0.9841983877271531 0.6137613591112248 0.03160322454569382 0.08354284034363317
1 0.9929200775066669 0.6922957948868735 0.014159844986666314 0.08272396879233561
1 0.9984440321038196 0.7659789563522625 0.003111935792360754 0.08535764586155707