1 0.0578125 0.7484375 0.115625 0.07421875
1 0.0015625 0.671875 0.003125 0.0703125
1 0.0578125 0.8109375 0.115625 0.07421875
1 0.1765625 0.89140625 0.11875 0.07578125
1 0.17734375 0.81640625 0.11796875 0.0765625
1 0.06328125 0.4703125 0.1125 0.071875
1 0.06015625 0.675 0.1203125 0.07109375
1 0.06328125 0.540625 0.11484375 0.0703125
1 0.178125 0.75234375 0.1171875 0.0734375
1 0.1734375 0.9609375 0.121875 0.078125
1 0.05625 0.6015625 0.1125 0.0703125
1 0.06328125 0.40625 0.1125 0.06484375
1 0.05625 0.88671875 0.1125 0.078125
1 0.16875 0.99609375 0.11875 0.0078125
1 0.0015625 0.59765625 0.003125 0.0703125
1 0.05625 0.99375 0.1125 0.01171875
1 0.1734375 0.67578125 0.1125 0.06875
1 0.171875 0.471875 0.115625 0.06484375
1 0.0046875 0.4046875 0.009375 0.06640625
1 0.0015625 0.5375 0.003125 0.07421875
1 0.17890625 0.54375 0.11484375 0.06953125
1 0.0015625 0.4671875 0.003125 0.07421875
1 0.05625 0.959375 0.1125 0.07421875
1 0.17421875 0.60390625 0.1125 0.0703125
1 0.17421875 0.41015625 0.1125 0.06953125
1 0.003125 0.334375 0.00625 0.07421875
1 0.06484375 0.33828125 0.11953125 0.06875
1 0.1796875 0.34140625 0.1125 0.06953125
0 0.0015625 0.48046875 0.003125 0.03125
0 0.134375 0.359375 0.028125 0.02265625
0 0.0109375 0.978125 0.021875 0.02734375
0 0.1015625 0.4921875 0.021875 0.02734375
0 0.2171875 0.62890625 0.0265625 0.025