1 0.77265625 0.73203125 0.11796875 0.06953125
1 0.3921875 0.98046875 0.115625 0.0390625
1 0.3984375 0.92734375 0.11796875 0.07265625
1 0.52578125 0.7953125 0.121875 0.075
1 0.07578125 0.646875 0.12109375 0.07421875
1 0.165625 0.91953125 0.11484375 0.07578125
1 0.875 0.94453125 0.12265625 0.07421875
1 0.05859375 0.92109375 0.109375 0.07578125
1 0.41640625 0.71953125 0.11953125 0.0734375
1 0.775 0.3890625 0.12109375 0.0703125
1 0.63828125 0.9375 0.12265625 0.07890625
1 0.9703125 0.66796875 0.059375 0.0703125
1 0.53125 0.721875 0.11640625 0.06953125
1 0.76875 0.79765625 0.1234375 0.07421875
1 0.64609375 0.7984375 0.11953125 0.0765625
1 0.159375 0.978125 0.125 0.04296875
1 0.75625 0.94140625 0.12265625 0.07578125
1 0.88671875 0.66484375 0.11953125 0.07421875
1 0.19140625 0.64921875 0.11484375 0.0734375
1 0.8875 0.59453125 0.1203125 0.07265625
1 0.6484375 0.73125 0.11953125 0.06796875
1 0.7609375 0.875 0.12265625 0.0765625
1 0.409375 0.79140625 0.12265625 0.0734375
1 0.28203125 0.9265625 0.12109375 0.071875
1 0.18359375 0.7125 0.11640625 0.071875
1 0.53359375 0.65625 0.11796875 0.07109375
1 0.6421875 0.87109375 0.1203125 0.07578125
1 0.40390625 0.8640625 0.11875 0.075
1 0.19921875 0.5765625 0.1171875 0.0703125
1 0.9671875 0.946875 0.065625 0.07421875
1 0.6328125 0.9859375 0.121875 0.02734375
1 0.7546875 0.98828125 0.121875 0.0234375
1 0.6546875 0.659375 0.12109375 0.07578125
1 0.96875 0.740625 0.0625 0.07421875
1 0.88828125 0.5296875 0.1234375 0.0671875
1 0.96875 0.8765625 0.0625 0.07421875
1 0.06015625 0.8546875 0.11484375 0.07109375
1 0.54375 0.5234375 0.11953125 0.07265625
1 0.515625 0.93203125 0.125 0.0765625
1 0.4171875 0.65234375 0.11796875 0.06640625
1 0.10703125 0.375 0.11953125 0.065625
1 0.29375 0.7890625 0.11875 0.07265625
1 0.9703125 0.803125 0.059375 0.07421875
1 0.76875 0.59296875 0.11953125 0.0734375
1 0.6671875 0.453125 0.11796875 0.06640625
1 0.6609375 0.52109375 0.11796875 0.071875
1 0.42734375 0.5203125 0.11484375 0.07109375
1 0.78515625 0.328125 0.13046875 0.06875
1 0.8703125 0.98984375 0.121875 0.0203125
1 0.88828125 0.459375 0.12265625 0.07421875
1 0.053125 0.9765625 0.1 0.046875
1 0.07890625 0.57421875 0.11953125 0.06640625
1 0.88359375 0.7375 0.1203125 0.07265625
1 0.3171875 0.51640625 0.12109375 0.06875
1 0.89453125 0.3953125 0.1203125 0.07109375
1 0.971875 0.59375 0.05625 0.0703125
1 0.2140625 0.3765625 0.10234375 0.0671875
1 0.28984375 0.8609375 0.1203125 0.07421875
1 0.5453125 0.45234375 0.11796875 0.0671875
1 0.41875 0.58046875 0.1171875 0.0734375
1 0.2734375 0.98046875 0.121875 0.0390625
1 0.43984375 0.4484375 0.10703125 0.065625
1 0.3 0.7171875 0.11796875 0.07421875
1 0.9671875 0.98828125 0.065625 0.0234375
1 0.5265625 0.86640625 0.12265625 0.0796875
1 0.975 0.53125 0.05 0.0703125
1 0.77578125 0.45703125 0.115625 0.075
1 0.65625 0.5875 0.1171875 0.07109375
1 0.0875 0.5125 0.13046875 0.06953125
1 0.5390625 0.58359375 0.1203125 0.07109375
1 0.44375 0.37890625 0.1046875 0.06796875
1 0.975 0.396875 0.05 0.06640625
1 0.7734375 0.6609375 0.11875 0.0765625
1 0.30234375 0.6515625 0.11796875 0.06640625
1 0.66484375 0.384375 0.121875 0.06875
1 0.1703125 0.8578125 0.11796875 0.0734375
1 0.31328125 0.5796875 0.1171875 0.0703125
1 0.5125 0.984375 0.125 0.03125
1 0.10078125 0.4453125 0.13671875 0.071875
1 0.06484375 0.7078125 0.12421875 0.0765625
1 0.2171875 0.315625 0.11484375 0.0703125
1 0.17734375 0.78515625 0.12109375 0.0765625
1 0.31875 0.44921875 0.1265625 0.06875
1 0.9734375 0.4609375 0.053125 0.0703125
1 0.77109375 0.5296875 0.1140625 0.06953125
1 0.8765625 0.8765625 0.1203125 0.075
1 0.6625 0.325 0.1265625 0.06875
1 0.1078125 0.31484375 0.12109375 0.071875
1 0.88359375 0.80234375 0.12109375 0.0734375
1 0.32734375 0.31796875 0.13203125 0.071875
1 0.06015625 0.7828125 0.1203125 0.071875
1 0.89921875 0.32734375 0.11640625 0.06953125
1 0.21640625 0.44765625 0.10234375 0.0703125
1 0.54921875 0.3796875 0.11484375 0.07109375
1 0.5515625 0.32109375 0.10078125 0.06796875
1 0.978125 0.328125 0.04375 0.0703125
1 0.44296875 0.31875 0.10703125 0.07109375
1 0.325 0.37890625 0.13203125 0.0703125
1 0.203125 0.51484375 0.109375 0.0703125
1 0.02890625 0.315625 0.0578125 0.0703125
1 0.02578125 0.375 0.0515625 0.06484375
1 0.0125 0.56953125 0.025 0.07265625
1 0.01328125 0.51171875 0.0265625 0.07578125
1 0.02109375 0.4140625 0.04140625 0.12890625
1 0.01796875 0.44296875 0.03515625 0.0671875
0 0.0234375 0.4609375 0.01953125 0.0265625
0 0.14375 0.4 0.0171875 0.02265625
0 0.24765625 0.40078125 0.0328125 0.03671875
0 0.59765625 0.34453125 0.01640625 0.021875
0 0.709375 0.4765625 0.02421875 0.0328125
0 0.2890625 0.7015625 0.02890625 0.0296875
0 0.69453125 0.61171875 0.0234375 0.0234375
0 0.8375 0.8984375 0.02265625 0.02421875
0 0.96953125 0.5515625 0.02421875 0.025