1 0.9048111520925867 0.7029062473376396 0.15899428668045382 0.10523562670923621
1 0.3103542694541308 0.8968263275066668 0.15268974267981755 0.10040265634451373
1 0.99905894939527 0.967742158813056 0.0018821012094601742 0.06451568237388798
1 0.16354290412153988 0.8988765239356947 0.15425224267981757 0.1004390239356944
1 0.9935163793761799 0.7027263690128829 0.01296724124764026 0.0973477786853472
1 0.910534988104677 0.7920778501111814 0.15116360534690826 0.10349128875333342
1 0.17145594879849393 0.9720938587574655 0.14911020934118144 0.05581228248506918
1 0.3167684487984939 0.973766767951771 0.15223520934118148 0.052466464096458054
1 0.9984953280553611 0.8871922879908343 0.003009343889277716 0.0971659407294446
1 0.9132156401177219 0.8882079677023619 0.15428860534690828 0.10356402393569439
1 0.9173769761298122 0.9659328711518231 0.14945565467854466 0.06813425769635373
1 0.9940254567154522 0.7925701190128829 0.011949086569095612 0.1020352786853472
1 0.46345199745381266 0.8980466014423616 0.15734088001272664 0.09738675911805572
1 0.039640685431222775 0.7218211018236111 0.0636817866804539 0.10301720364722229
1 0.15240486211008583 0.814265134593021 0.1558692866804539 0.10516289152687505
1 0.0542957207988121 0.9734375 0.08655566534054511 0.053125
1 0.30232304610913135 0.8107251733463544 0.15425224267981755 0.10043902393569475
1 0.4561020267743133 0.8033698810776393 0.15425224267981755 0.1004390239356944
1 0.7517588774267685 0.705592223401945 0.16210110534690828 0.10374586189159736
1 0.7617349561186764 0.8917115613578478 0.15116360534690862 0.10349128875333377
1 0.3036122787634955 0.7201547247331253 0.15434314934754473 0.10825152393569457
1 0.7627440201304486 0.9687928996950003 0.1540340666772721 0.06241420060999943
1 0.047045200111358515 0.8211853221883334 0.07612724267981757 0.0986206443766668
1 0.4535122814289956 0.7150522634864587 0.15434314934754484 0.10825152393569457
1 0.6057833060948138 0.7123481036265631 0.16366360534690863 0.10378222948277802
1 0.049598582789585254 0.906377939779514 0.0793067866804539 0.10338087955902786
1 0.15212250409767733 0.7228770683886112 0.15748633068109025 0.10988675911805572
1 0.6141423407860854 0.8937435739912853 0.14956474267981754 0.10032992116215311
1 0.6112087921307667 0.9697634465227433 0.15396134134309047 0.06047310695451351
1 0.4675224267981758 0.9731504785328473 0.15697725334181775 0.053699042934305295
1 0.7566832821053133 0.7931831423798965 0.15432496801399936 0.10668902393569439
1 0.6059838481062678 0.7967049198309727 0.15737724267981754 0.10051175911805572
0 0.8140957927673135 0.7601537432535771 0.03470226400381797 0.028925087005972117
0 0.8717917561266304 0.9528510427404868 0.025545440006363405 0.0474568814588892