1 0.15625 0.715625 0.07734375 0.1796875
1 0.025 0.890625 0.05 0.1796875
1 0.23671875 0.05625 0.07578125 0.1125
1 0.30390625 0.54921875 0.07578125 0.17890625
1 0.30546875 0.20390625 0.07265625 0.17265625
1 0.23359375 0.36796875 0.075 0.1796875
1 0.15859375 0.54296875 0.0765625 0.17890625
1 0.23359375 0.20078125 0.07578125 0.171875
1 0.021875 0.98984375 0.04375 0.0203125
1 0.0828125 0.9921875 0.078125 0.015625
1 0.303125 0.72890625 0.07578125 0.17734375
1 0.23203125 0.54765625 0.075 0.17578125
1 0.309375 0.0578125 0.07421875 0.115625
1 0.08515625 0.896875 0.078125 0.18046875
1 0.30546875 0.37109375 0.0734375 0.17734375
1 0.2296875 0.71875 0.07734375 0.1796875
1 0.153125 0.896875 0.078125 0.178125
1 0.30234375 0.90078125 0.07578125 0.17734375
1 0.0890625 0.7125 0.078125 0.184375
1 0.1515625 0.9921875 0.078125 0.015625
1 0.03125 0.05078125 0.0625 0.1015625
1 0.2265625 0.99375 0.078125 0.01171875
1 0.1609375 0.365625 0.075 0.17421875
1 0.228125 0.9 0.07890625 0.18046875
1 0.1609375 0.1984375 0.0734375 0.17265625
1 0.09140625 0.53984375 0.07578125 0.17265625
1 0.3 0.99375 0.075 0.01171875
1 0.08984375 0.3640625 0.07734375 0.17734375
1 0.025 0.5390625 0.05 0.1796875
1 0.028125 0.19140625 0.05625 0.171875
1 0.025 0.70703125 0.05 0.1796875
1 0.09140625 0.1953125 0.07578125 0.1734375
1 0.025 0.359375 0.05 0.1796875
1 0.16171875 0.0546875 0.075 0.109375
1 0.09375 0.0546875 0.07265625 0.10859375
0 0.1921875 0.08046875 0.021875 0.034375