1 0.1234375 0.8730953073006431 0.1171875 0.21258752471457926
1 0.33359375 0.6645320963124973 0.1125 0.2436465237259963
1 0.3625 0.20866675688290118 0.1171875 0.2516500247145793
1 0.25390625 0.42793536311841135 0.115625 0.237523857718385
1 0.0453125 0.8692474071103626 0.090625 0.21775518577927463
1 0.23671875 0.6606669500765496 0.11875 0.2454636917107738
1 0.3515625 0.4286436758562619 0.11875 0.2376511917107738
1 0.221875 0.8745530365403965 0.1171875 0.21258752471457934
1 0.1375 0.6623660543348935 0.11875 0.2439011917107738
1 0.05390625 0.6571784886312935 0.1078125 0.238768022737413
1 0.096875 0.04282682855518132 0.103125 0.08565365711036264
1 0.26875 0.19373677665456468 0.11875 0.25640119171077375
1 0.3796875 0.0440962153995889 0.103125 0.0881924307991778
1 0.0828125 0.20053189920169726 0.1140625 0.24683519072219057
1 0.1546875 0.4265094673767552 0.1140625 0.24214769072219067
1 0.025 0.19585632806088973 0.0328125 0.2310245069200822
1 0.06640625 0.4254191526617383 0.1125 0.23895902372599626
1 0.17421875 0.19290112992432534 0.1125 0.2436465237259962
1 0.28671875 0.043694308783517835 0.1078125 0.08738861756703567
1 0.19453125 0.043978151673155184 0.1046875 0.08795630334631037
1 0.3140625 0.8754841837649273 0.1140625 0.2124601907221905
0 0.19375 0.8186677924718955 0.04375 0.06897017589344294
0 0.115625 0.5148198922816151 0.040625 0.046967841901054186
0 0.1984375 0.5903517914833123 0.0359375 0.05458934091247105
0 0.32265625 0.36029026528585817 0.05 0.059849843878220545
0 0.3640625 0.2554780898867068 0.0609375 0.05873301285158128
0 0.2453125 0.12516053159748053 0.05 0.061412343878220546
0 0.0421875 0.2826559911027514 0.040625 0.04384284190105418