1 0.6478962301458958 0.6401828161075006 0.14728603060296203 0.17979921561506948
1 0.7385961588057777 0.6774120188047923 0.1457963052100677 0.181325348023889
1 0.8211005595487848 0.9645054431979865 0.13845037799792798 0.07098911360402696
1 0.9079133930900121 0.7437851672655216 0.1408904813887503 0.17652874525034737
1 0.5573782380037787 0.6068598634102088 0.15041103060296185 0.17987195079743062
1 0.4674618291934919 0.8880533523922921 0.14899407981717355 0.18296058320625014
1 0.9627302290099948 0.7623364519347925 0.07453954198001042 0.1549070119678472
1 0.7373588746881591 0.366002393329827 0.1520463052100677 0.1814708183886112
1 0.6450600587247244 0.3279555730413547 0.14572353060296184 0.179762848023889
1 0.6421921554960088 0.9288205567051044 0.14626718610347994 0.1423588865897912
1 0.5308223159589256 0.9854874775829169 0.1096318651776464 0.02902504483416628
1 0.9631293544242794 0.4698768482113203 0.07374129115144115 0.17242182028847228
1 0.47623524586166155 0.5737551162600004 0.1522646290313853 0.18615831838861113
1 0.7320551761741733 0.9470627168493404 0.14154114474715093 0.10587456630131911
1 0.6928362408992628 0.4991954466164589 0.1424529813887503 0.17656511284152784
1 0.35247683808483204 0.94937009925816 0.11428513192686944 0.07445709897381966
1 0.5620316205498208 0.91771874933441 0.15033825599585598 0.16456250133118006
1 0.7762160909803162 0.8484155030372229 0.1444521290313853 0.1859764804327085
1 0.9833283844080688 0.3305786120790286 0.03334323118386244 0.16976829255305564
1 0.6104776209641055 0.7751020235544448 0.1489213052100677 0.18139808320625014
1 0.7821533362273143 0.22189002383878537 0.14706770678164424 0.17511171561506958
1 0.914634158186605 0.43568237974645907 0.1438699321745382 0.17347648043270852
1 0.7820464441662505 0.53795078172257 0.145723530602962 0.179762848023889
1 0.8684204760120666 0.2644788737625354 0.14721325599585597 0.17823671561506957
1 0.6030267241500399 0.4643281777147574 0.14899407981717355 0.18296058320625014
1 0.820447626340789 0.7089724497505909 0.14572353060296175 0.179762848023889
1 0.6905266083532209 0.18151763734590334 0.1489213052100677 0.18139808320625012
1 0.5636987427612897 0.2901633258911463 0.1520463052100677 0.1814708183886112
1 0.44259456988786694 0.968826001234271 0.11421235731976362 0.062347997531458074
1 0.8690414458188803 0.8810117571212853 0.14074493217453857 0.17340374525034727
1 0.942084800247669 0.30541430470833414 0.11583039950466194 0.17634690729444458
1 0.5191419915184354 0.7409796370615629 0.14906685442427942 0.18452308320625016
1 0.6908393631062226 0.808188586909063 0.14096325599585596 0.1780912452503472
1 0.9404774125298314 0.6051597315700702 0.11904517494033726 0.176637848023889
1 0.9302893149254683 0.905849409381737 0.09157968610347993 0.15665134992375015
1 0.8308563176160646 0.3962730812094798 0.1484846575674325 0.17202308320625015
1 0.8732729117012618 0.5697294182154521 0.14877575599585607 0.17827308320625015
1 0.5178683200972639 0.4287887615865976 0.14921240363849114 0.18764808320625015
1 0.8890521929233962 0.9818936181598614 0.10254711124870504 0.03621276368027715
1 0.4254989993763183 0.7075839491819101 0.15404545285270288 0.19088218597979179
1 0.378360787837163 0.8516417672861808 0.1489213052100678 0.18139808320625014
1 0.8172667367654338 0.12125489741388958 0.11523120181924548 0.09476959897381954
1 0.9849915459044428 0.6281075755098967 0.03001690819111431 0.1528353656913195
1 0.9656828120344934 0.1888268699628133 0.06863437593101337 0.12827177678548618
1 0.734815955748187 0.0935825326725006 0.11806510339082213 0.08859233415618065
1 0.9086023662111039 0.15537728390677158 0.1253339478903044 0.1106128045209029
1 0.6113827638537389 0.1578242577868755 0.14401548138875012 0.17660148043270843
1 0.6436622628202816 0.06336639617961859 0.11926373035529281 0.08081620174736122
0 0.9804956177612898 0.59876491441573 0.0390087644774205 0.044622822188333446