1 0.8473959350586012 0.9104904772784191 0.15448867694751697 0.08079780681713337
1 0.28101300445763633 0.9664845219173925 0.1666341209411626 0.06070349512873605
1 0.5725828956913384 0.9707730069031542 0.1553693384737585 0.041762580356083844
1 0.7197482219902323 0.940070657472347 0.15268071509696385 0.06670803327818291
1 0.25986866151965093 0.919182827923747 0.16769778896022586 0.12164099512873605
1 0.06161538433384319 0.08254371875041192 0.12132162094116258 0.05991256249917618
1 0.5570300336786295 0.9304071055231823 0.16301028896022593 0.121559174511885
1 0.15477778692504038 0.98744367857237 0.13160455600635443 0.02260347727182861
1 0.9150298997518235 0.6662671444867035 0.15506142126547431 0.11361030681713338
1 0.5415493096532118 0.8494025673737354 0.16772506249917624 0.12320349512873605
1 0.40152432751011935 0.8862321858792661 0.16144778896022588 0.1215319009729349
1 0.6970141055132965 0.8912337370176517 0.15988528896022594 0.12150462743398442
1 0.4268203822986577 0.9475281960255358 0.16564436525911966 0.09348872158978594
1 0.5120333591667444 0.7702059910748416 0.16298301542127547 0.119996674511885
1 0.8253885215037648 0.8585149200542487 0.1599398360381265 0.12462962743398442
1 0.8004918871699218 0.7753302731385039 0.15667846834337462 0.11676258035608367
1 0.9566371525944926 0.8787438250876685 0.08672569481101497 0.09239778003177221
1 0.7812549176087309 0.7029876688364327 0.15829551542127546 0.11991485389503395
1 0.13768969845128187 0.9486675507313486 0.12515573295387145 0.10059210957707662
1 0.6736390608710279 0.8056780665629566 0.15991256249917604 0.12306712743398443
1 0.9279979094943513 0.7432836120192995 0.1440041810112973 0.11835235389503396
1 0.17992900771063775 0.05547092979018607 0.13834547970746053 0.05083757142762992
1 0.9825393591700398 0.6321591513865623 0.03492128165992057 0.10860343262955982
1 0.6457810677708867 0.7319229667251123 0.16290119480442442 0.11530917451188501
1 0.2412765742637084 0.8390140868522007 0.1566784683433748 0.11676258035608385
1 0.3806157637931271 0.8076668551161454 0.1660807418823252 0.11848872158978585
1 0.9958166550301245 0.7178784630749597 0.008366689939751027 0.1019170560063543
1 0.9466212244291594 0.8164074663213705 0.10675755114168126 0.11460006249917605
1 0.1229902244258642 0.8676493758124266 0.1253466477265238 0.11152960957707662
0 0.9184118185816657 0.8600171444867035 0.04286933847375849 0.03979888555165907
0 0.6229493141174387 0.8565780933483179 0.041361385551659066 0.0428966120127086
0 0.7629879330300063 0.8205297248427872 0.04125229139585791 0.0366466120127086
0 0.19501522889009107 0.8749885430207108 0.033521612012708826 0.04119774431795733