1 0.90859375 0.26796875 0.12578125 0.08203125
1 0.43046875 0.1 0.12109375 0.078125
1 0.990625 0.04296875 0.01875 0.078125
1 0.9171875 0.00625 0.121875 0.01171875
1 0.31328125 0.09609375 0.12265625 0.07890625
1 0.9875 0.26953125 0.025 0.078125
1 0.9125 0.19609375 0.1203125 0.08046875
1 0.31875 0.0296875 0.11875 0.05859375
1 0.4359375 0.0296875 0.121875 0.05859375
1 0.990625 0.12109375 0.01875 0.078125
1 0.91328125 0.11875 0.12265625 0.0796875
1 0.9171875 0.04296875 0.11953125 0.07890625
1 0.9875 0.196875 0.025 0.08203125
1 0.553125 0.10234375 0.12578125 0.07578125
1 0.18046875 0.2375 0.1234375 0.08359375
1 0.3046875 0.1640625 0.1234375 0.08203125
1 0.1984375 0.02734375 0.121875 0.0546875
1 0.425 0.16953125 0.121875 0.07890625
1 0.5484375 0.178125 0.1234375 0.078125
1 0.7859375 0.2625 0.12890625 0.0796875
1 0.79140625 0.11328125 0.11953125 0.0796875
1 0.9921875 0.00625 0.015625 0.01171875
1 0.4265625 0.2421875 0.121875 0.08359375
1 0.7921875 0.0375 0.121875 0.07421875
1 0.08125 0.0234375 0.11875 0.046875
1 0.1890625 0.15859375 0.125 0.0796875
1 0.546875 0.24921875 0.121875 0.08359375
1 0.66875 0.25390625 0.1296875 0.0796875
1 0.1953125 0.08984375 0.12109375 0.08125
1 0.30546875 0.23671875 0.12578125 0.08515625
1 0.6734375 0.10859375 0.11875 0.078125
1 0.6703125 0.03515625 0.121875 0.0703125
1 0.06640625 0.153125 0.11875 0.07734375
1 0.79375 0.0015625 0.11875 0.003125
1 0.06328125 0.2296875 0.11640625 0.07734375
1 0.07265625 0.08359375 0.11796875 0.078125
1 0.55625 0.03125 0.125 0.0625
1 0.7890625 0.1921875 0.12265625 0.08359375
1 0.66796875 0.1859375 0.125 0.078125
1 0.0125 0.021875 0.025 0.04296875
0 0.83515625 0.21953125 0.02734375 0.0234375
0 0.87890625 0.065625 0.01953125 0.0375