1 0.23984375 0.14609375 0.12578125 0.075
1 0.84609375 0.25078125 0.12109375 0.07734375
1 0.8453125 0.32890625 0.1203125 0.0765625
1 0.48515625 0.2375 0.12578125 0.08046875
1 0.2390625 0.22265625 0.12578125 0.0765625
1 0.484375 0.02734375 0.125 0.0546875
1 0.60703125 0.1671875 0.12734375 0.07890625
1 0.11328125 0.221875 0.12421875 0.07890625
1 0.025 0.290625 0.05 0.08203125
1 0.0265625 0.21484375 0.053125 0.0859375
1 0.60625 0.4 0.12890625 0.07890625
1 0.484375 0.39453125 0.13046875 0.07890625
1 0.4859375 0.3171875 0.1296875 0.08203125
1 0.11484375 0.14453125 0.11953125 0.078125
1 0.60703125 0.09765625 0.1265625 0.0765625
1 0.48828125 0.09296875 0.125 0.07890625
1 0.36171875 0.23046875 0.13125 0.07734375
1 0.028125 0.0703125 0.05625 0.078125
1 0.025 0.3609375 0.05 0.08203125
1 0.2375 0.01953125 0.125 0.0390625
1 0.23359375 0.303125 0.12734375 0.0796875
1 0.609375 0.23828125 0.12890625 0.0796875
1 0.840625 0.03125 0.11875 0.0625
1 0.028125 0.13671875 0.05625 0.078125
1 0.603125 0.0296875 0.125 0.05859375
1 0.1203125 0.015625 0.121875 0.03125
1 0.109375 0.3703125 0.12734375 0.08125
1 0.4859375 0.1609375 0.12421875 0.0796875
1 0.24140625 0.0765625 0.12109375 0.075
1 0.72734375 0.24921875 0.12421875 0.078125
1 0.11796875 0.07421875 0.1203125 0.078125
1 0.36328125 0.15390625 0.13046875 0.07734375
1 0.23125 0.3828125 0.1328125 0.08125
1 0.1140625 0.296875 0.12734375 0.08046875
1 0.0296875 0.015625 0.059375 0.03125
1 0.3640625 0.0828125 0.1296875 0.078125
1 0.72421875 0.40078125 0.12265625 0.08046875
1 0.85078125 0.18203125 0.11953125 0.075
1 0.3625 0.38828125 0.12890625 0.0796875
1 0.3640625 0.31171875 0.128125 0.08046875
1 0.95546875 0.25546875 0.08828125 0.08046875
1 0.9515625 0.10859375 0.096875 0.0765625
1 0.95625 0.33359375 0.08671875 0.0796875
1 0.72734375 0.32578125 0.12109375 0.0796875
1 0.72421875 0.17578125 0.1234375 0.07734375
1 0.60703125 0.321875 0.13046875 0.07890625
1 0.9515625 0.03515625 0.096875 0.0703125
1 0.84296875 0.1046875 0.11484375 0.0765625
1 0.7234375 0.0984375 0.1234375 0.07890625
1 0.725 0.03125 0.11875 0.0625
1 0.853125 0.40703125 0.12734375 0.0796875
1 0.365625 0.021875 0.125 0.04296875
1 0.9578125 0.4078125 0.084375 0.08203125
1 0.953125 0.18125 0.09375 0.078125
0 0.890625 0.35546875 0.034375 0.0234375
0 0.3515625 0.0015625 0.028125 0.003125