1 0.87265625 0.66875 0.0734375 0.17734375
1 0.87890625 0.3078125 0.071875 0.1765625
1 0.7234375 0.6671875 0.07265625 0.1765625
1 0.996875 0.01953125 0.00625 0.0390625
1 0.58046875 0.65546875 0.075 0.175
1 0.72109375 0.83671875 0.0765625 0.17421875
1 0.99375 0.3109375 0.0125 0.17578125
1 0.790625 0.6671875 0.0765625 0.1765625
1 0.50234375 0.83515625 0.075 0.1796875
1 0.5046875 0.65625 0.0734375 0.171875
1 0.8796875 0.021875 0.071875 0.04296875
1 0.7953125 0.8375 0.0734375 0.175
1 0.9375 0.66953125 0.0734375 0.1765625
1 0.65625 0.65625 0.0734375 0.17734375
1 0.94453125 0.30859375 0.075 0.17578125
1 0.73046875 0.12578125 0.07109375 0.175
1 0.653125 0.83515625 0.07578125 0.17265625
1 0.8046875 0.1265625 0.07421875 0.17578125
1 0.6578125 0.47578125 0.07421875 0.175
1 0.8046875 0.01953125 0.071875 0.0390625
1 0.725 0.47734375 0.0734375 0.17734375
1 0.79921875 0.48671875 0.07578125 0.17265625
1 0.59453125 0.30234375 0.07421875 0.1796875
1 0.875 0.48984375 0.07265625 0.1765625
1 0.5171875 0.303125 0.0734375 0.1765625
1 0.9453125 0.01953125 0.078125 0.0390625
1 0.58671875 0.83046875 0.07421875 0.178125
1 0.86875 0.8390625 0.07265625 0.17265625
1 0.5828125 0.475 0.071875 0.17734375
1 0.940625 0.490625 0.075 0.17890625
1 0.88046875 0.13046875 0.0703125 0.17578125
1 0.9453125 0.13125 0.07734375 0.1765625
1 0.80234375 0.30625 0.075 0.175
1 0.990625 0.6703125 0.01875 0.17578125
1 0.59765625 0.1234375 0.07578125 0.1765625
1 0.5921875 0.0171875 0.078125 0.034375
1 0.6640625 0.01953125 0.071875 0.0390625
1 0.9953125 0.13125 0.009375 0.17578125
1 0.940625 0.8421875 0.075 0.1765625
1 0.5140625 0.4734375 0.0734375 0.1796875
1 0.5234375 0.015625 0.071875 0.03125
1 0.728125 0.309375 0.06953125 0.1796875
1 0.9875 0.4859375 0.025 0.17578125
1 0.65859375 0.30625 0.071875 0.175
1 0.503125 0.96171875 0.078125 0.0765625
1 0.7296875 0.01953125 0.071875 0.0390625
1 0.9859375 0.8375 0.028125 0.17578125
1 0.9859375 0.9609375 0.028125 0.0703125
1 0.5765625 0.96171875 0.075 0.0765625
1 0.66328125 0.12421875 0.07265625 0.175
1 0.51328125 0.1234375 0.07578125 0.17421875
1 0.64921875 0.96171875 0.075 0.07578125
1 0.86484375 0.9640625 0.07265625 0.07109375
1 0.790625 0.96484375 0.07109375 0.0703125
1 0.93828125 0.9640625 0.0765625 0.071875
1 0.71953125 0.96328125 0.07265625 0.0734375
1 0.67890625 0.96171875 0.1578125 0.07578125
1 0.965625 0.9625 0.06875 0.07421875
0 0.534375 0.5890625 0.02734375 0.03515625
0 0.540625 0.35859375 0.0234375 0.03515625
0 0.60546875 0.54375 0.01953125 0.03515625
0 0.67890625 0.71484375 0.021875 0.03828125
0 0.64375 0.2796875 0.02265625 0.03515625