1 0.5616905310053337 0.5755290287212735 0.16629139988706054 0.12710248982323477
1 0.2243388043299212 0.9724880744011166 0.1521841262801244 0.04536116689245588
1 0.5430399705666946 0.48403756953987653 0.1742859104104042 0.13063692559888337
1 0.4012087863375927 0.5110614942342488 0.17768392619541978 0.1354881999091429
1 0.14451000725722324 0.6647851170287418 0.17281441567207606 0.1321175384437538
1 0.2814261783321455 0.6341006037997587 0.17134292093374795 0.13359815128862387
1 0.8992030254613133 0.8540546619196745 0.159222352532014 0.11271244120271576
1 0.16362329928001088 0.750766882632574 0.1709788998870605 0.12734815128862403
1 0.26203987052434236 0.5434313381959266 0.17281441567207612 0.1321175384437538
1 0.7195555098880592 0.6354318939409931 0.1695984104104042 0.13039126413349428
1 0.6930014441877482 0.5427873705352446 0.16785389988706054 0.12718437697836435
1 0.12080022049610747 0.5806115128902988 0.17455892619541977 0.13532442559888339
1 0.4743472386296103 0.8653495245374021 0.16776289462538868 0.12562187697836436
1 0.7376145361258313 0.7167671031223902 0.16950740514873228 0.12882876413349428
1 0.7552108307794547 0.8036120058813522 0.17401289462538863 0.1259494255988834
1 0.8028560443712749 0.34347236601268893 0.17446792093374802 0.13376192559888347
1 0.8676814677240973 0.689576082091491 0.16638240514873237 0.12866498982323477
1 0.8515111651779659 0.6003055421773993 0.1664734104104042 0.1302274898232348
1 0.42211209151456003 0.6008676226829512 0.17125191567207612 0.13203565128862388
1 0.3807150048381488 0.42828661578554633 0.17942843671876343 0.13869508706427264
1 0.3031562361399487 0.7246470386708964 0.17290542093374794 0.1336800384437538
1 0.6157688991811888 0.8312943498430299 0.16620039462538863 0.12553998982323478
1 0.580250086182301 0.6654579879026707 0.16307539462538861 0.12537621551297526
1 0.20892663595642205 0.9231431716421546 0.16785389988706054 0.12718437697836435
1 0.18655183604112663 0.8349814303485819 0.17097889988706055 0.12734815128862387
1 0.35867600697487456 0.951342335482393 0.16163472099021767 0.07389560266810484
1 0.9516737049934406 0.5775530376548434 0.09665259001311881 0.12554663387576942
1 0.6823453942724529 0.4540114755781989 0.17125191567207612 0.1320356512886239
1 0.9418667945124491 0.4841715298529274 0.11626641097510167 0.12940861827193723
1 0.437728657214871 0.694085356174608 0.1663824051487323 0.12866498982323477
1 0.9348586603398171 0.4047296913183166 0.1302826793203657 0.1298999412027157
1 0.8817887413310335 0.7703347591607125 0.15995039462538863 0.12521244120271574
1 0.6649766127730089 0.37107282281923687 0.17134292093374803 0.13359815128862387
1 0.8329516100009986 0.5103765829960022 0.1664734104104042 0.1302274898232348
1 0.03766993110415577 0.4987683706467864 0.022556810438639087 0.09308825870642715
1 0.10711017584248392 0.4935618922435124 0.16343941567207607 0.13162621551297526
1 0.4543161887143149 0.7770649525111348 0.16481990514873246 0.12858310266810502
1 0.05076073628112303 0.5889839348711376 0.0381818104386391 0.09390713025772471
1 0.24172809954824212 0.46378145974722396 0.1676718893637168 0.12405937697836436
1 0.335868567554688 0.896115924921515 0.16629139988706054 0.12710248982323477
1 0.6324474359423047 0.9158364461795567 0.17346686305535747 0.11657442559888338
1 0.3166187676393926 0.8077904093176826 0.1664734104104042 0.1302274898232348
1 0.5272791916980866 0.4017982796257848 0.1758484104104042 0.13071881275401315
1 0.9777496285580245 0.8195391417932865 0.044500742883951006 0.10639384215265543
1 0.9597361049510884 0.6663289326118894 0.08052779009782327 0.12497342378986112
1 0.9275547590667514 0.31541820782666 0.1448904818664971 0.1298180540475859
1 0.9706049864928845 0.7416598032586756 0.05879002701423097 0.11938516508343397
1 0.7655938649097347 0.8877004008383981 0.15471686305535765 0.1155917797373263
1 0.5949110966350575 0.7422694713943274 0.16472889988706055 0.12702060266810483
1 0.4940219727740075 0.9340619029861046 0.1628177893919517 0.0942081026681052
1 0.8127308442865703 0.43228920454729974 0.16821792093374804 0.1334343769783644
0 0.9445309360128917 0.825035547265782 0.04758763154179633 0.04143722749876275
0 0.9638431071584013 0.7260691027837058 0.04740562101845249 0.03831222749876275
0 0.14012780219319548 0.45500068125309295 0.03959312101845254 0.03790279172311415