1 0.901086676042777 0.8452907278786027 0.1881545058537327 0.12123295285270289
1 0.19661227860030103 0.9757319383797913 0.18611021682251275 0.03834767824559719
1 0.6986479981532883 0.7367826768023642 0.19596700585373253 0.1215968258882322
1 0.5019729860530399 0.7115772772977021 0.19596700585373233 0.1215968258882322
1 0.7106662091220686 0.8190129799455172 0.19908291549465282 0.12017987510244374
1 0.32755879333282806 0.7532853959900052 0.1975113251355732 0.11854460049533806
1 0.7212082785021051 0.8864723076957762 0.19596700585373233 0.12159682588823202
1 0.8695922781093216 0.6202564946278257 0.2021988251355733 0.11876292431665565
1 0.5452497665000526 0.9251282009951854 0.18651019262201593 0.1070976782455972
1 0.1843168116795924 0.9411578852366382 0.1833942829810955 0.10851462903138512
1 0.8832093505144204 0.696164023163873 0.20223518657189174 0.12501292431665548
1 0.9826053625164729 0.661074085612651 0.027117011903856535 0.0965496683207995
1 0.9720814738545955 0.590489757862392 0.04896474082661797 0.09288101282028158
1 0.684994564311871 0.6671251482663169 0.20065450585373235 0.12181514970954979
1 0.14769403133077555 0.792123225807179 0.19440450585373248 0.12152405128112634
1 0.5148542602535366 0.7797086931373024 0.19281473477649377 0.11676377667402046
1 0.16131564891541406 0.8672495043432262 0.19128859621281208 0.1229410020669146
1 0.9821235734852533 0.743886585612651 0.027080650467538093 0.0902996683207995
1 0.36703840808879623 0.9482682562052531 0.18946247579950323 0.07755572745980857
1 0.8944690373808998 0.774524463610579 0.1959488251355733 0.1184718258882322
1 0.3493196429634857 0.9061364141869703 0.19282382513557322 0.11832627667402065
1 0.5292207664018568 0.8610485843697969 0.1896897347764936 0.11661822745980857
1 0.34197529645608604 0.8260315372224998 0.18970791549465282 0.11974322745980866
0 0.10719577547704306 0.9064789782883782 0.04238748789975157 0.03633991439185813
0 0.4872236430616816 0.964539611458102 0.048582945745273956 0.027256012820281582
0 0.28974920024327394 0.9424955992569929 0.0361102168225127 0.03136131596343468
0 0.6304338084581386 0.782135872211469 0.032985216822512695 0.03121576674922295
0 0.6502963356836975 0.8585335523190928 0.03293976502711473 0.02340326674922295