1 0.4466781009096228 0.05644032969086843 0.21523120181924557 0.09709712480937518
1 0.0912222752262784 0.24951099715020839 0.16410534946188074 0.10527199430041678
1 0.8456956437136938 0.044656683033090984 0.20389128742738755 0.05469141926229184
1 0.6466267510334573 0.11025957997520885 0.21254284946188076 0.10639938962701408
1 0.8735981275836432 0.2583561603316674 0.21446922249741007 0.11424825721819465
1 0.8465347057481871 0.09618281544191043 0.20941784946188086 0.10632665444465292
1 0.8664534075674325 0.188733991353716 0.21254284946188085 0.10639938962701408
1 0.6360488159634347 0.050702742019306093 0.20959763192686937 0.0766755220358335
1 0.08347177956950458 0.08310474715020841 0.16388702564056318 0.1005844943004168
1 0.874965882546042 0.33798910894489653 0.21098034946188057 0.10636302203583359
1 0.6674765601724665 0.2730687045002436 0.21105312406898663 0.1079255220358335
1 0.10085629445670077 0.3223127175149306 0.1768236732831983 0.11025043502986129
1 0.4839256596343472 0.3702489097629865 0.21239730024766904 0.10327438962701407
1 0.47492734118971314 0.29434037319385453 0.2143964478903042 0.11268575721819456
1 0.465929022745079 0.2184318366247226 0.21574062406898661 0.10803462480937513
1 0.24673375889134014 0.06973584422416687 0.21552230024766902 0.10334712480937518
1 0.10442225020488778 0.39887521751493066 0.1768236732831983 0.11025043502986129
1 0.45375004631872756 0.12449999866881982 0.21566784946188075 0.10647212480937518
1 0.6853233397419711 0.3546460128208686 0.20614730024766903 0.10312891926229177
1 0.25398764081820957 0.14170176320211827 0.21581339867609248 0.10959712480937518
1 0.6599315798171735 0.1948527855222922 0.2062928494618806 0.10625391926229186
1 0.08692857340703282 0.15732349715020838 0.16439644789030416 0.11152199430041679
1 0.2772175872607717 0.3053466891139238 0.21595894789030412 0.11272212480937523
1 0.29115811683027626 0.3868330784565975 0.21395980024766903 0.10331075721819465
1 0.2657299696019259 0.22625860115802104 0.2173031240689866 0.10807099240055573
0 0.7908883273359744 0.15810028077263955 0.04840326674922295 0.033903527735416716
0 0.4131936286171006 0.3428493019554517 0.04840326674922295 0.033903527735416716
0 0.7527077388323482 0.3101706206284034 0.045132717535011226 0.030705792553055566
0 0.3624487659206535 0.34244860524208365 0.04037244292790545 0.02903418977951393
0 0.4129218008668416 0.35376861815986144 0.05040241439185813 0.0433148953265972
0 0.10140425806277062 0.36758884992375007 0.03724744292790545 0.02896145459715278
0 0.22465982154500602 0.3665556396270141 0.029289393713693636 0.025654616641249996