1 0.8567549659110381 0.2743479945496872 0.14685127516050817 0.2688420013526355
1 0.9431737069825843 0.29052643053791505 0.10787059577735932 0.27307496801399933
1 0.8171394922926576 0.5302258245544598 0.15013991639421 0.27825336401972633
1 0.8559512073929169 0.9468769752148691 0.1280625446422686 0.0874101880171807
1 0.7800177731385037 0.777482632558914 0.14833195454365722 0.26417268268618094
1 0.9658959610397743 0.10748666386859695 0.06618983603812652 0.12262043467536325
1 0.8843779906710998 0.7950144832113694 0.14205468100470675 0.2625374573519991
1 0.7506188250876684 0.9402917152291866 0.12364778003177221 0.10298064401654443
1 0.8886885787345259 0.10057413987909647 0.12734552434972918 0.1358295066836356
1 0.9216769878284307 0.5376014252069149 0.14230014285525988 0.27659995735199916
1 0.758631111608967 0.25752466856305023 0.14687854869945854 0.2704045013526355
1 0.6795092585280071 0.7630303285725952 0.1468240016215578 0.2672795013526354
1 0.6530443957045196 0.9367405485757769 0.12849892126547413 0.11241018801718106
1 0.719138368915863 0.5063712485678227 0.15016718993316047 0.2798158640197263
1 0.7906056347408803 0.0814070638924595 0.12556483603812651 0.12331132535009012
0 0.9493669801144975 0.11470881787082413 0.044759120941162675 0.05832157733927246
0 0.807639581577195 0.35849627522282324 0.0513091298696164 0.07558180267345423