0 0.1390625 0.15 0.0203125 0.025
0 0.20859375 0.1359375 0.01875 0.0234375
0 0.04609375 0.51484375 0.01953125 0.02109375
1 0.290625 0.4046875 0.09375 0.1796875
1 0.334375 0.228125 0.09453125 0.1734375
1 0.3578125 0.396875 0.09453125 0.18359375
1 0.23359375 0.07734375 0.09296875 0.1546875
1 0.196875 0.25078125 0.1015625 0.178125
1 0.0046875 0.12109375 0.009375 0.171875
1 0.1703125 0.084375 0.096875 0.16875
1 0.26796875 0.23828125 0.09296875 0.17890625
1 0.3140625 0.57890625 0.09140625 0.1765625
1 0.0265625 0.459375 0.053125 0.18359375
1 0.0046875 0.6484375 0.009375 0.1875
1 0.10078125 0.09609375 0.09609375 0.17734375
1 0.015625 0.290625 0.03125 0.18359375
1 0.10625 0.6234375 0.096875 0.1828125
1 0.2203125 0.4234375 0.10078125 0.18203125
1 0.059375 0.284375 0.09609375 0.18203125
1 0.24296875 0.59140625 0.09921875 0.1828125
1 0.12578125 0.26796875 0.09609375 0.18046875
1 0.08203125 0.4484375 0.09765625 0.18671875
1 0.38515625 0.56875 0.09453125 0.18359375
1 0.0375 0.1078125 0.075 0.17578125
1 0.31171875 0.0765625 0.0890625 0.1453125
1 0.0421875 0.6328125 0.084375 0.1796875
1 0.17890625 0.60078125 0.09921875 0.18359375
1 0.146875 0.43671875 0.10078125 0.18125
1 0.028125 0.01953125 0.05625 0.0390625