1 0.5275119216429729 0.02890625 0.19877384328594588 0.0578125
1 0.36305957796424365 0.23046875 0.19287836729005098 0.11875
1 0.06216119505790283 0.47890625 0.11948631908544902 0.1265625
1 0.905845999901804 0.19375 0.18830800019639185 0.128125
1 0.333807373438371 0.03671875 0.18948974687674208 0.0734375
1 0.8970249909248137 0.02578125 0.19398634933607006 0.040625
1 0.7332584484757484 0.2109375 0.19138859016268786 0.13125
1 0.42874120364210977 0.77734375 0.1819590480082102 0.121875
1 0.35228518354682964 0.12421875 0.19762040944452863 0.128125
1 0.5983537459929792 0.65703125 0.18980790944452863 0.128125
1 0.3831231348512484 0.45625 0.18980790944452863 0.128125
1 0.721666442622016 0.0984375 0.19294199980360816 0.1296875
1 0.17958854781181846 0.2515625 0.18667381908544906 0.1265625
1 0.1541653252337691 0.04453125 0.19583065046753823 0.0890625
1 0.9240175312721728 0.52578125 0.15196493745565434 0.115625
1 0.9031886325135574 0.08671875 0.19362273497288526 0.1296875
1 0.26061843841860344 0.88515625 0.1866374576491306 0.1203125
1 0.0417653191836449 0.06171875 0.0710306383672898 0.1234375
1 0.3970452551663614 0.56640625 0.1882090480082102 0.121875
1 0.709543171642973 0.02890625 0.19562157220870696 0.053125
1 0.04697551483072292 0.1515625 0.0820226805217675 0.1328125
1 0.543446514732527 0.21640625 0.19295109016268785 0.13125
1 0.7670673845566608 0.65078125 0.19286018657189175 0.115625
1 0.0476845628389331 0.2734375 0.08667381908544904 0.1265625
1 0.22760945393669743 0.5828125 0.18513859016268785 0.13125
1 0.9309695010706497 0.6390625 0.13806099785870068 0.128125
1 0.7424885236113216 0.3203125 0.19132495764913066 0.1203125
1 0.06986513162979455 0.59453125 0.13351245764913056 0.1203125
1 0.41014521886561617 0.66953125 0.1866647287263694 0.125
1 0.5566101109453392 0.33046875 0.18982609016268803 0.13125
1 0.7502106409013726 0.4390625 0.1851567708808471 0.134375
1 0.171121541958086 0.1390625 0.19141586123992674 0.1359375
1 0.9369673149802324 0.8484375 0.12569995764913067 0.1203125
1 0.19034930669061303 0.35546875 0.1929419998036083 0.1296875
1 0.5428329154946528 0.1109375 0.20232609016268804 0.13125
1 0.9100976835468296 0.3125 0.1798046329063407 0.128125
1 0.581311170857406 0.54765625 0.1882090480082102 0.121875
1 0.9119874364736958 0.421875 0.17602512705260837 0.121875
1 0.5950247337945349 0.75625 0.18663745764913067 0.1203125
1 0.9324163594328081 0.7328125 0.1351672811343839 0.1265625
1 0.0537169151018694 0.3703125 0.10077268052176751 0.1328125
1 0.4363542366232053 0.87734375 0.18506586729005098 0.11875
1 0.5658629119786115 0.44375 0.1897897287263694 0.125
1 0.37463794827935665 0.340625 0.18981699980360825 0.1296875
1 0.24298498994285506 0.67421875 0.19135222872636942 0.125
1 0.7855906464605175 0.74609375 0.19290563836728972 0.1234375
1 0.7617208335233885 0.5375 0.19294199980360816 0.1296875
1 0.08902017348968466 0.7984375 0.16942268657189172 0.115625
1 0.07671964050858912 0.6984375 0.14605790944452865 0.128125
1 0.6113178751868868 0.87109375 0.19131586729005096 0.11875
1 0.25613949579658757 0.78671875 0.1944317769309713 0.1171875
1 0.21366915290342509 0.46953125 0.18194086729005093 0.11875
1 0.08887524862525789 0.9078125 0.16789654800821016 0.121875
1 0.8002940167756305 0.85625 0.1897988190854491 0.1265625
0 0.8241294090517453 0.3875 0.04868293969514985 0.0421875
0 0.6735724354917372 0.82890625 0.04706589754067192 0.0328125
0 0.1317525741536146 0.7578125 0.05183521077238851 0.046875
0 0.17274365017295062 0.28359375 0.034629530054229286 0.04375
0 0.8363168334251927 0.60234375 0.031504530054229464 0.04375