1 0.88125 0.046875 0.07578125 0.09375
1 0.80625 0.0453125 0.075 0.08984375
1 0.9484375 0.05 0.078125 0.1
1 0.65390625 0.5296875 0.07890625 0.1796875
1 0.9359375 0.89296875 0.07578125 0.1796875
1 0.984375 0.890625 0.03125 0.1796875
1 0.65703125 0.35 0.0796875 0.17734375
1 0.58359375 0.34921875 0.075 0.17421875
1 0.57578125 0.52578125 0.078125 0.1859375
1 0.725 0.35 0.0796875 0.17578125
1 0.9328125 0.98984375 0.078125 0.0203125
1 0.9859375 0.98984375 0.028125 0.0203125
1 0.7328125 0.04609375 0.07578125 0.0921875
1 0.80390625 0.18203125 0.08046875 0.178125
1 0.7296875 0.18125 0.07890625 0.17578125
1 0.66328125 0.1703125 0.07578125 0.17578125
1 0.51015625 0.3515625 0.075 0.17265625
1 0.878125 0.184375 0.078125 0.178125
1 0.8 0.35078125 0.07890625 0.175
1 0.7875 0.98984375 0.075 0.0203125
1 0.9921875 0.05078125 0.015625 0.1015625
1 0.57421875 0.703125 0.0796875 0.18125
1 0.8640625 0.98828125 0.078125 0.0234375
1 0.721875 0.52890625 0.07890625 0.1796875
1 0.50078125 0.70390625 0.08125 0.18203125
1 0.87578125 0.35546875 0.0765625 0.17109375
1 0.94609375 0.18828125 0.078125 0.17421875
1 0.4984375 0.9859375 0.084375 0.02734375
1 0.503125 0.53203125 0.07734375 0.17421875
1 0.9859375 0.5390625 0.028125 0.1796875
1 0.50078125 0.884375 0.08203125 0.18203125
1 0.56953125 0.8828125 0.07890625 0.17890625
1 0.9890625 0.19140625 0.021875 0.171875
1 0.5890625 0.17109375 0.0765625 0.17890625
1 0.7984375 0.53203125 0.078125 0.184375
1 0.9875 0.70703125 0.025 0.1796875
1 0.7109375 0.98828125 0.078125 0.0234375
1 0.6515625 0.70234375 0.0796875 0.17890625
1 0.7875 0.8890625 0.0796875 0.18828125
1 0.9875 0.359375 0.025 0.1796875
1 0.5640625 0.9859375 0.078125 0.02734375
1 0.94765625 0.35859375 0.0765625 0.1703125
1 0.8703125 0.53515625 0.0765625 0.18125
1 0.71875 0.70078125 0.0765625 0.17734375
1 0.8640625 0.88984375 0.07890625 0.18046875
1 0.79375 0.70390625 0.078125 0.17734375
1 0.71484375 0.8859375 0.08125 0.18359375
1 0.66328125 0.04453125 0.078125 0.08828125
1 0.52734375 0.0421875 0.0859375 0.08359375
1 0.86953125 0.70703125 0.07421875 0.175
1 0.5203125 0.17109375 0.08203125 0.18125
1 0.940625 0.5296875 0.0734375 0.17890625
1 0.9375 0.70859375 0.07890625 0.18125
1 0.6390625 0.98828125 0.078125 0.0234375
1 0.64375 0.8859375 0.08125 0.18828125
1 0.59453125 0.0453125 0.0765625 0.090625
0 0.61171875 0.06015625 0.02890625 0.04296875
0 0.5453125 0.10859375 0.0234375 0.0328125
0 0.5328125 0.403125 0.03125 0.04375
0 0.50078125 0.48671875 0.0234375 0.0375
0 0.60546875 0.58671875 0.02265625 0.028125
0 0.68671875 0.2828125 0.01875 0.02890625
0 0.828125 0.2953125 0.03125 0.0328125
0 0.7515625 0.465625 0.0234375 0.0328125
0 0.59765625 0.81796875 0.025 0.03515625
0 0.890625 0.9515625 0.021875 0.0390625
0 0.81796875 0.76484375 0.02109375 0.02890625