1 0.0859375 0.021875 0.090625 0.04296875
1 0.5515625 0.021875 0.090625 0.04296875
1 0.4515625 0.021875 0.090625 0.04296875
1 0.4484375 0.38203125 0.0953125 0.225
1 0.36796875 0.15390625 0.090625 0.22265625
1 0.55078125 0.15546875 0.09296875 0.221875
1 0.4515625 0.1546875 0.0953125 0.221875
1 0.53515625 0.3828125 0.09453125 0.22578125
1 0.36484375 0.38203125 0.08828125 0.22421875
1 0.6375 0.1546875 0.0953125 0.2203125
1 0.1859375 0.021875 0.090625 0.04296875
1 0.36875 0.021875 0.0875 0.04296875
1 0.0828125 0.153125 0.09375 0.2234375
1 0.63671875 0.38203125 0.09453125 0.2234375
1 0.08046875 0.38046875 0.0953125 0.2265625
1 0.6390625 0.01953125 0.090625 0.0390625
1 0.184375 0.15390625 0.09296875 0.22265625
1 0.721875 0.1546875 0.0953125 0.2203125
1 0.81953125 0.38046875 0.08984375 0.22265625
1 0.9078125 0.021875 0.090625 0.04296875
1 0.9046875 0.38125 0.09375 0.22109375
1 0.9078125 0.15546875 0.09140625 0.2234375
1 0.82265625 0.1546875 0.09140625 0.221875
1 0.265625 0.38203125 0.09140625 0.2265625
1 0.26796875 0.15390625 0.09296875 0.2234375
1 0.721875 0.01953125 0.09375 0.0390625
1 0.821875 0.021875 0.09375 0.04296875
1 0.1828125 0.37890625 0.09453125 0.22578125
1 0.26875 0.01953125 0.09375 0.0390625
1 0.71953125 0.38125 0.0953125 0.22421875
1 0.0234375 0.021875 0.046875 0.04296875
1 0.02109375 0.1546875 0.04140625 0.2234375
1 0.02109375 0.378125 0.03984375 0.22578125