1 0.8780176447516602 0.7815364429324146 0.06519696856846871 0.12776543507002244
1 0.6694240105484792 0.5067141871414463 0.11948636228216233 0.1552397717116218
1 0.9154665264691326 0.16160493259333242 0.11755998924663302 0.14735449710451584
1 0.9625405796122859 0.17188530707660377 0.06123721463952734 0.14317211124870505
1 0.8437260738258268 0.8985077731638729 0.058728644747151296 0.12278683664159899
1 0.7116028943373754 0.6388331743211648 0.11770553846084475 0.15047949710451575
1 0.8825191317219817 0.28319098821768496 0.11941358767505647 0.1536772717116218
1 0.5905734185301965 0.4924569421038451 0.1195591368892682 0.1568022717116218
1 0.8661814640203545 0.0648969065384845 0.09197348428423453 0.06664815260503387
1 0.9793877853604729 0.09470422291620398 0.03074488585581072 0.05755994292790543
1 0.6343511896226458 0.6237219046764577 0.11777831306795061 0.15204199710451594
1 0.5638396364794926 0.6145331492997742 0.11770553846084475 0.15047949710451594
1 0.8066843777930401 0.271131943965872 0.11592471463952725 0.14571922249741004
1 0.7460400144774206 0.5187368440897064 0.11472608767505647 0.15345894789030404
1 0.7744818457423363 0.3934628622866715 0.11934081306795061 0.15211477171162172
1 0.9387820560386373 0.07944525000450921 0.09026543507002245 0.063450377997928
1 0.7546721900369304 0.7685720241973304 0.11755998924663302 0.14735449710451576
1 0.9441842619962213 0.5492654443801567 0.06214474317557439 0.1291823858558109
1 0.8518790996712777 0.40544913193137866 0.11770553846084475 0.1504794971045158
1 0.8204942049241266 0.5269624129486253 0.11614303846084476 0.15040672249741008
1 0.8573135006236818 0.6569923612532141 0.1160702638537388 0.14884422249741008
1 0.911382416463282 0.6677265000045092 0.07032111621110389 0.13735875889134022
1 0.921536628207325 0.416236774611615 0.11912248924663302 0.14742727171162176
1 0.7919068244449994 0.6553613947516602 0.11755998924663302 0.14735449710451576
1 0.8243297185729779 0.7793596668775667 0.11436221463952698 0.1456464478903042
1 0.8404857971472971 0.1479470010379665 0.11755998924663302 0.14735449710451584
1 0.7874400339127308 0.048295911500883235 0.0969520827126578 0.07311647642635145
1 0.6555606794884513 0.23529510546224594 0.12410108767505648 0.1538955955329393
1 0.9404579102580289 0.29452444045121523 0.0941952638537387 0.147825377997928
1 0.7640153424325675 0.13279934408970645 0.12068498924663303 0.14750004631872757
1 0.7949439714684619 0.8914251732877077 0.1174144400324213 0.14422949710451577
1 0.6512860167537322 0.8794068244449992 0.11770553846084475 0.15047949710451575
1 0.7327396095960752 0.2519688751069531 0.12083053846084475 0.15062504631872758
1 0.9613974948327135 0.43075088482686275 0.03892556699689216 0.132778266749223
1 0.7047195791980011 0.036134283293558236 0.09404540653397539 0.07226856658711647
1 0.6022214321790477 0.7444903229972573 0.11926803846084474 0.1505522717116218
1 0.6971573664205006 0.37991409264196435 0.11926803846084474 0.1505522717116218
1 0.8924954834601738 0.5376408937182029 0.11279971463952734 0.14557367328319834
1 0.5362882171252357 0.7374269937992561 0.12253858767505647 0.15382282092583352
1 0.5730347382176849 0.8690194421038452 0.12061221463952716 0.14593754631872774
1 0.6898886377178377 0.1175425252307876 0.11370724317557439 0.13158394789030411
1 0.504049297770979 0.8605391621200557 0.12097608767505648 0.15375004631872774
1 0.6214317744022181 0.3655112983901514 0.12232026385373888 0.14913532092583354
1 0.680436323411542 0.7556589553384114 0.12068498924663303 0.14750004631872748
1 0.6237924094339686 0.9508473308551402 0.09698631596343468 0.04037675103345748
1 0.5583857332552862 0.949216364353586 0.09742296360606986 0.049751751033457484
1 0.4790984935943684 0.9443341193159849 0.10447348428423435 0.06723034946188093
1 0.7241777072004383 0.8877051679110239 0.11250861621110371 0.13932367328319833
0 0.7274653730400384 0.9008044813932594 0.04415241439185813 0.04415241439185813