1 0.5790283903519372 0.9375928070906785 0.1910029735504665 0.1248143858186431
1 0.8786181376505141 0.8878181957394684 0.15139444198043533 0.1371073636498842
1 0.5527220375375747 0.7555071255500632 0.19265647881213824 0.14970020555093805
1 0.7112016664485349 0.7235925751695023 0.20046897881213824 0.1500185405319101
1 0.26246324565596135 0.9711176077183851 0.1789132262518895 0.05776478456322991
1 0.8739677059816611 0.792873110264205 0.1725259893354818 0.15199753460041093
1 0.09464495605224815 0.8355130301517868 0.16509292093374792 0.1314303666156335
1 0.54853433745287 0.6660626235728968 0.18751395250377917 0.14169670456235509
1 0.24030606654735695 0.8085578938016708 0.19082096302712268 0.14494903855474384
1 0.70646022951801 0.6302099896942387 0.19045694198043533 0.13869903855474383
1 0.8518938268589391 0.6071611033441228 0.1922014525037789 0.14188770555093805
1 0.9528046084995573 0.6762705420891469 0.026682868317029575 0.11020267095052709
1 0.7225648297015367 0.8242929121276406 0.21333299985882553 0.1567778765014655
1 0.8673907532661204 0.7041143577927471 0.1891674577654509 0.14332287155854928
1 0.25070596927701494 0.9123513972617119 0.1782299577654509 0.14287720258518846
1 0.1106956193052498 0.93345513439154 0.15929794724210716 0.13308973121691992
1 0.4189106667308836 0.9978339580223962 0.16993306840173403 0.0043320839552077215
1 0.7430222718937335 0.9167496675648479 0.21324199459715382 0.15521537650146514
1 0.4207230666885313 0.9530480400376184 0.1985578683170294 0.0939039199247631
1 0.3989383429263034 0.8815855114058875 0.18457096302712267 0.1446943705699663
1 0.3926714743269253 0.6933851744477492 0.20055998407381015 0.1515810405319101
1 0.40099293756580945 0.7790825939154017 0.19743498407381002 0.15145370653952134
1 0.08266386216346264 0.7494972757031626 0.16532772432692527 0.1442487015966055
1 0.9438839057840169 0.5874162891233975 0.05489887357870131 0.11291117688202608
1 0.22826036383181644 0.7195763068435326 0.18925846302712274 0.14488537155854947
1 0.13043970093175067 0.9820113453610955 0.14924113680346807 0.03597730927780916
1 0.5594432034214123 0.8552352115196182 0.18576944198043535 0.13850803756616079
0 0.3272677402531151 0.8348113290866539 0.05411064732681172 0.04585101087441501
0 0.28419955069175423 0.7406501522046278 0.04326415258848364 0.046967841901054186
0 0.14673953511850021 0.9629323760071736 0.03141659997176514 0.03089717292769336
0 0.19641331142685944 0.957125386387297 0.03968412628012441 0.03902800790866543
0 0.48913695064940194 0.7043637782118015 0.033252115756780755 0.03564833992388792