1 0.103531890634956 0.5738606057412186 0.207063781269912 0.2133462114824372
1 0.09830804129536538 0.6682008547526355 0.19661608259073077 0.21765170950527093
1 0.32605813458786725 0.5940298201894054 0.3182067493634532 0.23473573323126704
1 0.1096460779758193 0.46080219022789903 0.2192921559516386 0.20910438045579802
1 0.3053530938892778 0.82845389973317 0.3103760680299077 0.23285489825029515
1 0.09371090062063848 0.7891354372621494 0.18742180124127697 0.22202087452429886
1 0.3256865119350939 0.491622403193211 0.30723288669636223 0.2311650642579064
1 0.5660633272199598 0.8586175380976332 0.31186584269572587 0.22666856524648943
1 0.08922284794718424 0.8569450197716634 0.17844569589436848 0.1576400395433269
1 0.29729459854396023 0.9078549330606709 0.3068874413589988 0.18429013387865822
1 0.5850967799172765 0.6335047915576744 0.3134647053628168 0.2298572322426839
1 0.3130030565722771 0.7083960677179475 0.31824311203054406 0.23786073323126722
1 0.5549252852085058 0.9278716265014653 0.3143726773551808 0.1442567469970694
1 0.5581224632002334 0.9891911284786318 0.28326703333863607 0.021617743042736493
1 0.5981064045990031 0.5230447940291323 0.31192038669636235 0.23135606524648952
1 0.5782644299013682 0.750469457070994 0.31032152402927143 0.22816739825029514