0 0.125 0.11875 0.0203125 0.028125
0 0.2421875 0.4078125 0.015625 0.02421875
0 0.16640625 0.4109375 0.015625 0.02109375
0 0.03359375 0.78515625 0.02421875 0.0265625
1 0.06484375 0.353125 0.07734375 0.1828125
1 0.221875 0.71015625 0.07578125 0.18046875
1 0.07265625 0.5421875 0.07734375 0.1828125
1 0.271875 0.0375 0.075 0.07421875
1 0.27890625 0.159375 0.0765625 0.17578125
1 0.134375 0.34921875 0.07578125 0.1828125
1 0.19375 0.0375 0.075 0.07421875
1 0.0125 0.353125 0.025 0.18359375
1 0.21328125 0.346875 0.07734375 0.18203125
1 0.11875 0.0390625 0.075 0.078125
1 0.14140625 0.5375 0.07734375 0.18203125
1 0.053125 0.17109375 0.07734375 0.178125
1 0.3734375 0.8875 0.0765625 0.175
1 0.29765625 0.7046875 0.07578125 0.18125
1 0.30390625 0.890625 0.07734375 0.17890625
1 0.04375 0.040625 0.075 0.08125
1 0.0078125 0.040625 0.015625 0.08125
1 0.21796875 0.53359375 0.07734375 0.18359375
1 0.015625 0.5453125 0.03125 0.18359375
1 0.28125 0.34375 0.07734375 0.18203125
1 0.2296875 0.89453125 0.078125 0.1796875
1 0.153125 0.89921875 0.078125 0.18046875
1 0.29140625 0.5265625 0.0765625 0.18125
1 0.36875 0.70234375 0.0765625 0.184375
1 0.34765625 0.15703125 0.07734375 0.17734375
1 0.35625 0.340625 0.0796875 0.1828125
1 0.0765625 0.721875 0.07734375 0.1828125
1 0.0171875 0.7203125 0.034375 0.18359375
1 0.20625 0.1625 0.0765625 0.18046875
1 0.340625 0.0328125 0.075 0.065625
1 0.009375 0.171875 0.01875 0.1796875
1 0.13046875 0.1671875 0.07890625 0.178125
1 0.08203125 0.90390625 0.07578125 0.18046875
1 0.14453125 0.715625 0.078125 0.18203125
1 0.021875 0.90625 0.04375 0.1796875
1 0.3640625 0.525 0.078125 0.18046875