1 0.33747779590061755 0.8665157495962582 0.11347225607526781 0.2533898271096728
1 0.21578374582364876 0.11501529951353266 0.11281749164729753 0.23003059902706532
1 0.23321684871835718 0.6119294354722289 0.1215575745869221 0.2613386948044244
1 0.11343999582364876 0.11592896306836904 0.11750499164729752 0.23185792613673809
1 0.12736611968493142 0.35658914488715 0.11681551088459123 0.25969437418757346
1 0.3211706833872623 0.35476972605730783 0.11363594718226029 0.2580773271096728
1 0.1331350031648609 0.6113311919650506 0.11519844718226038 0.2581046006486233
1 0.24022084998430157 0.8572692090111793 0.1214484471822603 0.2582136948044244
1 0.05924366849595584 0.8682454395294187 0.06643356496827524 0.2478841209411627
1 0.22448665634542025 0.361929435472229 0.11503475607526781 0.2534171006486231
1 0.1413294821982867 0.8683760787345258 0.11330856496827524 0.2487023271096728
1 0.04083830952597962 0.1179278396915745 0.07230161905195923 0.235855679383149
1 0.0444444922802697 0.354909642451518 0.07284725607526779 0.25268071509696394
1 0.0509946257601992 0.6096380527599436 0.06815975607526778 0.2525988944801128
1 0.3263220079741843 0.6142129099046837 0.11379963828925295 0.2627648271096728
1 0.4203621515360968 0.3522566063339613 0.11530757458692205 0.2612296006486231
1 0.4395214455377978 0.8561355827950109 0.11503475607526781 0.2534171006486233
1 0.4419197261230189 0.6114134180223585 0.11848713828925295 0.26284664772652383
1 0.3110416821213179 0.1126618668839728 0.12208336424263581 0.2253237337679456
1 0.4111780913771451 0.11565445332913642 0.11298118275429014 0.23130890665827283
0 0.31090288301659336 0.7770811026805132 0.04716766587924912 0.05391593262956