1 0.6734375 0.0921875 0.0703125 0.16796875
1 0.65 0.74453125 0.07109375 0.16796875
1 0.9234375 0.59453125 0.07109375 0.16484375
1 0.9765625 0.76171875 0.046875 0.1640625
1 0.9796875 0.58984375 0.040625 0.1640625
1 0.65625 0.58203125 0.06953125 0.1671875
1 0.70859375 0.9125 0.06953125 0.1640625
1 0.79921875 0.2625 0.0703125 0.16328125
1 0.9828125 0.2734375 0.034375 0.1640625
1 0.72421875 0.58359375 0.06875 0.1625
1 0.9234375 0.75234375 0.06953125 0.16796875
1 0.77890625 0.9140625 0.06953125 0.1640625
1 0.7171875 0.7453125 0.0734375 0.1671875
1 0.665625 0.25703125 0.0703125 0.1671875
1 0.9796875 0.43359375 0.040625 0.1640625
1 0.928125 0.26953125 0.078125 0.1640625
1 0.79140625 0.42109375 0.071875 0.1671875
1 0.85703125 0.75625 0.071875 0.16640625
1 0.86953125 0.26484375 0.06796875 0.16328125
1 0.77421875 0.7484375 0.07421875 0.16875
1 0.87734375 0.1015625 0.06640625 0.16328125
1 0.74296875 0.096875 0.06875 0.16328125
1 0.8484375 0.915625 0.071875 0.16796875
1 0.7890625 0.584375 0.06953125 0.16171875
1 0.64375 0.91171875 0.0703125 0.1671875
1 0.984375 0.1078125 0.03125 0.16015625
1 0.734375 0.26484375 0.0703125 0.1671875
1 0.86015625 0.590625 0.06953125 0.1609375
1 0.72265625 0.42578125 0.07109375 0.16328125
1 0.9109375 0.91796875 0.071875 0.1640625
1 0.9375 0.1046875 0.06796875 0.165625
1 0.86640625 0.428125 0.071875 0.16640625
1 0.80390625 0.1015625 0.06796875 0.16171875
1 0.9703125 0.91953125 0.059375 0.1609375
1 0.92890625 0.4328125 0.06953125 0.1671875
1 0.640625 0.99765625 0.06875 0.0046875
1 0.66171875 0.41484375 0.06640625 0.16484375
1 0.9859375 0.0140625 0.028125 0.02734375
1 0.875 0.01171875 0.06875 0.0234375
1 0.94453125 0.0140625 0.07265625 0.02734375
1 0.80625 0.0109375 0.06875 0.021875
0 0.7546875 0.35703125 0.0265625 0.034375
0 0.80703125 0.690625 0.0265625 0.03671875