1 0.00625 0.33984375 0.0125 0.171875
1 0.32578125 0.51640625 0.071875 0.1734375
1 0.3265625 0.8515625 0.06875 0.17578125
1 0.17734375 0.5171875 0.0703125 0.175
1 0.3859375 0.515625 0.0703125 0.17421875
1 0.0046875 0.68359375 0.009375 0.171875
1 0.05078125 0.85625 0.075 0.175
1 0.2453125 0.040625 0.071875 0.08125
1 0.17734375 0.8546875 0.07109375 0.175
1 0.0015625 0.85546875 0.003125 0.1796875
1 0.38828125 0.85078125 0.0703125 0.175
1 0.24609375 0.3390625 0.071875 0.16875
1 0.25234375 0.85859375 0.071875 0.1765625
1 0.38203125 0.165625 0.0734375 0.1703125
1 0.03984375 0.33984375 0.07109375 0.16875
1 0.18203125 0.165625 0.07109375 0.1609375
1 0.3234375 0.68203125 0.07265625 0.1703125
1 0.0015625 0.5171875 0.003125 0.17578125
1 0.24765625 0.171875 0.071875 0.1671875
1 0.0046875 0.040625 0.009375 0.08125
1 0.2484375 0.68359375 0.0703125 0.17109375
1 0.04921875 0.5171875 0.07109375 0.17578125
1 0.321875 0.16640625 0.07109375 0.17109375
1 0.24765625 0.509375 0.06953125 0.171875
1 0.11875 0.51796875 0.0875 0.175
1 0.04140625 0.684375 0.07109375 0.1703125
1 0.17890625 0.684375 0.06953125 0.1734375
1 0.4546875 0.171875 0.06953125 0.1671875
1 0.321875 0.340625 0.06875 0.1703125
1 0.384375 0.34140625 0.07265625 0.175
1 0.11171875 0.3390625 0.071875 0.16953125
1 0.3171875 0.0453125 0.065625 0.08984375
1 0.178125 0.33984375 0.0703125 0.17265625
1 0.4515625 0.0453125 0.071875 0.08984375
1 0.1734375 0.040625 0.071875 0.08125
1 0.04375 0.040625 0.075 0.08125
1 0.046875 0.16796875 0.0734375 0.171875
1 0.378125 0.040625 0.06875 0.08125
1 0.11328125 0.8609375 0.06953125 0.16953125
1 0.11328125 0.684375 0.0734375 0.17109375
1 0.45703125 0.6796875 0.06953125 0.1703125
1 0.45546875 0.51171875 0.06953125 0.1734375
1 0.109375 0.04296875 0.06875 0.0859375
1 0.3859375 0.6921875 0.07265625 0.17265625
1 0.45859375 0.85625 0.06953125 0.1765625
1 0.45859375 0.9703125 0.0734375 0.059375
1 0.11015625 0.17265625 0.06796875 0.1640625
1 0.3953125 0.97109375 0.07109375 0.05703125
1 0.45390625 0.3359375 0.06953125 0.1703125
1 0.2484375 0.97109375 0.075 0.0578125
1 0.32109375 0.9703125 0.0703125 0.059375
1 0.1796875 0.9734375 0.07421875 0.05234375
1 0.11328125 0.9734375 0.07265625 0.053125
1 0.04140625 0.97421875 0.0734375 0.05078125
1 0.0046875 0.97421875 0.009375 0.0515625
0 0.134375 0.79375 0.02890625 0.0359375
0 0.0046875 0.453125 0.009375 0.03125
0 0.2078125 0.3609375 0.01796875 0.03046875
0 0.06875 0.628125 0.021875 0.02578125