1 0.03125 0.95078125 0.0625 0.0984375
1 0.11015625 0.5734375 0.08984375 0.22265625
1 0.29453125 0.5828125 0.09140625 0.221875
1 0.1015625 0.953125 0.096875 0.09375
1 0.184375 0.9546875 0.09375 0.08984375
1 0.19140625 0.78515625 0.09375 0.22265625
1 0.29609375 0.13046875 0.08984375 0.21484375
1 0.19296875 0.57890625 0.0953125 0.22265625
1 0.2875 0.95703125 0.09375 0.0859375
1 0.10703125 0.78203125 0.08984375 0.2234375
1 0.034375 0.11875 0.06875 0.21484375
1 0.19921875 0.125 0.0890625 0.2140625
1 0.2921875 0.8 0.090625 0.2234375
1 0.29453125 0.36015625 0.09140625 0.2203125
1 0.196875 0.34296875 0.0921875 0.221875
1 0.3703125 0.953125 0.090625 0.09375
1 0.378125 0.5859375 0.09140625 0.22109375
1 0.0328125 0.77734375 0.065625 0.2265625
1 0.3796875 0.3640625 0.0921875 0.21796875
1 0.37578125 0.8046875 0.09296875 0.22265625
1 0.38125 0.14765625 0.08984375 0.215625
1 0.115625 0.1203125 0.08984375 0.21484375
1 0.1140625 0.3390625 0.08984375 0.2203125
1 0.4625 0.9546875 0.09375 0.08984375
1 0.0359375 0.56875 0.071875 0.22265625
1 0.0375 0.3453125 0.075 0.22265625
1 0.47421875 0.80625 0.08984375 0.221875
1 0.4765625 0.15234375 0.08828125 0.21328125
1 0.47421875 0.58828125 0.08984375 0.2203125
1 0.47578125 0.36796875 0.0875 0.21796875
1 0.3828125 0.01953125 0.0921875 0.03828125
1 0.46640625 0.02109375 0.09140625 0.0421875
1 0.20390625 0.01328125 0.0921875 0.0265625
1 0.29375 0.01484375 0.090625 0.0296875
1 0.1140625 0.0109375 0.090625 0.021875
0 0.05546875 0.69921875 0.028125 0.0359375