0 0.24288939743774735 0.3738248450933314 0.039319365177646406 0.04102779172311406
0 0.24314830087135078 0.5857925785849881 0.04124573821317572 0.048922178878243724
0 0.24556051737290474 0.6511309735420339 0.0346318651776464 0.0407821302577247
0 0.24862124318008366 0.8029424570336905 0.036194365177646404 0.040864017412854635
0 0.06200315467645767 0.6599714642697798 0.031725188998963996 0.04530585594746519
0 0.00261653897982799 0.5858179912935727 0.00523307795965598 0.057723968792335614
1 0.3550309765625 0 0.31212344999999997 0.010494059375 0.31545215781249997 0.18478671093750001 0.4028852234375 0.18052464375 0.39878400625 0 0.3550309765625 0
1 0.4093389625 0.40646694375000003 0.40546585156250003 0.1853114515625 0.3132662 0.1931323046875 0.3175444125 0.4058427015625 0.408357859375 0.398697915625 0.4093389625 0.40646694375000003
1 0.3168883375 0.40437692968750005 0.3209492109375 0.6122659984375 0.41096179062499993 0.6059363984374999 0.4089408625 0.39935159531250003 0.3168883375 0.40437692968750005
1 0.3216138171875 0.6138350078125 0.3261190359375 0.834658959375 0.4161960265625 0.8296828421875 0.4144447515625 0.61155578125 0.315460965625 0.6126519203125 0.3216138171875 0.6138350078125
1 0.3197050515625 0.6151613015625 0.23393235156249997 0.6199146671875 0.236447540625 0.6211279703125 0.2353993546875 0.83830505625 0.32328242500000004 0.8357655953125 0.3197050515625 0.6151613015625
1 0.2326605578125 0.6217718999999999 0.3209163484375 0.6143974062499999 0.3145651015625 0.40301977187500004 0.22667799687499998 0.4074687265625 0.2326605578125 0.6217718999999999
1 0.31562558125 0.403320740625 0.312853340625 0.1959464734375 0.3121083609375 0.1930784390625 0.22714915000000002 0.197354784375 0.227561753125 0.40932960625000003 0.31562558125 0.403320740625
1 0.222780646875 0.0323449734375 0.2256697375 0.1940639109375 0.3096519390625 0.18923867968750002 0.3094899296875 0.0111381484375 0.222780646875 0.0323449734375
1 0.1334352953125 0.0541965109375 0.13479050625 0.197563659375 0.2252226109375 0.19256810156249998 0.22467105312500002 0.031882629687500004 0.1334352953125 0.0541965109375
1 0.22901503750000002 0.4062415203125 0.229532140625 0.1994809515625 0.1355494984375 0.2010096609375 0.13365199375 0.41388230625 0.22901503750000002 0.4062415203125
1 0.13881879218749998 0.6292697296875 0.23666779999999998 0.6204590015625 0.2262059296875 0.4073735296875 0.133508390625 0.4111915921875 0.13881879218749998 0.6292697296875
1 0.139171375 0.625383340625 0.1409506234375 0.841300146875 0.2361412890625 0.8394928328125 0.2339413984375 0.6244246140625 0.139171375 0.625383340625
1 0.04406585625 0.07605394062500001 0.0448694078125 0.20680367031250002 0.136002121875 0.19824974374999998 0.1330449765625 0.054291973437499995 0.04406585625 0.07605394062500001
1 0.134361546875 0.1991477265625 0.044754570312500006 0.20472513281250002 0.047932475 0.41808382968749996 0.135764103125 0.41779927656250004 0.134361546875 0.1991477265625
1 0.0477144140625 0.41559180937500007 0.0468822078125 0.6300908109375001 0.1390682171875 0.6257136953125 0.1379427265625 0.41310395624999996 0.0477144140625 0.41559180937500007
1 0.14219844375 0.8385546828124999 0.13900014375 0.6257339749999999 0.0476448703125 0.6320435390625 0.048783528124999996 0.8409915734375 0.14219844375 0.8385546828124999
1 0 0.2114417578125 0.044300518750000004 0.20753745 0.0434424890625 0.0762063984375 0 0.08683129687499999 0 0.2114417578125
1 0 0.416276540625 0.04713901875 0.413484503125 0.0446364 0.2012949671875 0 0.2058849640625 0 0.416276540625
1 0 0.6333147875 0.0482955828125 0.6294768234375 0.046985690625 0.42092962968750003 0 0.4214036375 0 0.6333147875
1 0 0.719114646875 0.0180851421875 0.840226659375 0.0489803625 0.8372305499999999 0.0481549125 0.629387946875 0 0.6306239140625001 0 0.719114646875