1 0.7164417124227085 0.949402752705271 0.2850022347764936 0.10119449458945802
1 0.2625838967551051 0.5545806013685438 0.279052216626121 0.16261127737108919
1 0.785077041172519 0.6669031667727223 0.2884090359079618 0.1595953653723619
1 0.24129522491574038 0.6551073126989075 0.27903403590796183 0.15948627737108917
1 0.7416866312370111 0.8624787487666772 0.28529312626704134 0.1611215027052708
1 0.8869042033475221 0.9767385067234065 0.09095225292686634 0.046522986553187096
1 0.4835696042078439 0.8071350787316789 0.2837306262670413 0.16110332137172562
1 0.07786346311007958 0.49306020401018136 0.15079995159900636 0.13924540802036275
1 0.9090741191367627 0.8987991514560398 0.08663745764913067 0.12131247334499946
1 0.928050857232906 0.8037139181253579 0.08192268657189175 0.1165704293443632
1 0.500965661585828 0.7089066640674515 0.2837306262670414 0.16110332137172562
1 0.5214730834251926 0.6083708620703149 0.2821590359079618 0.1595226400381801
1 0.7629843934354554 0.7635145374363134 0.28686471662612084 0.16270218403881637
1 0.2876697342855143 0.4353493433720437 0.27590903590796173 0.15944991470399827
1 0.2207741675377563 0.7532993646960441 0.2790249455488822 0.15792377737108917
1 0.08821463494944423 0.39240622334499947 0.16486245159900634 0.13940904002227175
1 0.06527308040013052 0.6116556626750451 0.12423745159900637 0.13893632535009015
1 0.46004172149789485 0.9237022240213172 0.2821408551898025 0.15259555195736568
1 0.20343265231424992 0.8609027793602715 0.2790431262670413 0.161048777371089
1 0.9454423694313503 0.7047042534611305 0.08351245764913066 0.12127611067790856
1 0.18979285401145218 0.9333953973583625 0.26612496974937894 0.08902832670272573
1 0.03488264021400153 0.8933141953373636 0.059784066158582796 0.07100339067472702
1 0.5418850564942213 0.49142881007317846 0.2790158551898026 0.15636127737108918
1 0.9639999092481369 0.5877622014639939 0.07200018150372607 0.12274770401018138
1 0.04541561923495854 0.8239102146721816 0.08201359016268789 0.13219542934436318
1 0.449386022629363 0.970549952020999 0.2691136143631848 0.05890009595800194
1 0.05491281820168625 0.7107471433402269 0.10233518052176752 0.13399428668045382
1 0.8148685594210875 0.5508514527768587 0.2868556262670416 0.16113968403881634
0 0.6383151497801671 0.5503594620862232 0.047129530054229284 0.04429544000636341
0 0.6368162822937244 0.5612787807526779 0.050254530054229286 0.044331802673454136
0 0.8547224415418615 0.821609395448722 0.05024543969514994 0.04276930267345449
0 0.11374343841860343 0.8864198526814084 0.05338862041330894 0.04593066534054522