1 0.038525422454628776 0.40838080133278354 0.04706770678164431 0.17301160266556703
1 0.046569286389420934 0.8993551423198681 0.015560841603997877 0.1330852846397363
1 0.09369672766469653 0.5878697245314639 0.09572353060296188 0.1791084899708702
1 0.09421249627594636 0.41468227711788874 0.09074493217453845 0.17272209765100205
1 0.3039962570293133 0.27879155588513005 0.08925520678164434 0.17423913354437942
1 0.36955925268608714 0.4468799778301692 0.09059938296032674 0.16959709765100217
1 0.09757066687305752 0.08475909639736087 0.08889133374611502 0.16642663354437942
1 0.3662994737357551 0.6114054790838105 0.08947353060296184 0.1789266335443795
1 0.15868602687890826 0.5928814849563052 0.09430657981717361 0.18218802586424748
1 0.36257743010311466 0.9329298234361072 0.09212334160399785 0.13414035312778552
1 0.29978813833701023 0.10468646615168672 0.09103603060296184 0.17897209765100214
1 0.3648932932138465 0.7822264444440743 0.09423380521006779 0.18062552586424746
1 0.04162480541495552 0.5754319090129154 0.037547157567432585 0.16961381802583092
1 0.08644942369297386 0.9012957270387464 0.08638276385373889 0.1460686694377568
1 0.30133579156121665 0.4394335391920826 0.09089048138875011 0.17584709765100204
1 0.042311740280090326 0.23840928213245363 0.048630206781644314 0.17305706677218965
1 0.29960212530733166 0.6032232545523465 0.09259853060296183 0.17901756175762476
1 0.291982332088976 0.7746436134861197 0.09118157981717356 0.1820970976510022
1 0.09445643713693719 0.25240959765100207 0.08947353060296188 0.1789266335443794
1 0.04557821298238812 0.7440682487463588 0.03031685442427945 0.1818864974927175
1 0.37132930624352506 0.28387151246990533 0.09103603060296192 0.17897209765100205
1 0.438549117035164 0.7890507574553404 0.0895463052100677 0.1804891335443795
1 0.04437289226595166 0.0816508167721897 0.04499578453190332 0.16202863855894437
1 0.08578583601791741 0.7530400834652371 0.09281685442427948 0.18370506175762474
1 0.23379926530148093 0.09496447367353412 0.09259853060296186 0.1790175617576248
1 0.1532280471427879 0.7604637900500124 0.09103603060296188 0.17897209765100222
1 0.37099105024766904 0.10909883300301873 0.09096325599585597 0.1774095976510021
1 0.15087579672850313 0.9109722554102764 0.08914389081820957 0.13834709765100223
1 0.2276179633966729 0.5987881556477032 0.0877654813887502 0.1757561694377568
1 0.22898775661502854 0.4271859402874393 0.09059938296032674 0.16959709765100203
1 0.1623780295695046 0.08586460682220212 0.09038105913900915 0.1649095976510021
1 0.159238182793711 0.42047528754272995 0.09074493217453847 0.17272209765100205
1 0.4393923713783902 0.6228945600417651 0.08961907981717357 0.1820516335443795
1 0.4361968666208793 0.9352155690483631 0.08601889081820957 0.12956886190327382
1 0.4417509681541839 0.288261147267926 0.08776548138875025 0.1757561694377568
1 0.29342716976403244 0.9229219891129403 0.08623721463952716 0.14294366943775677
1 0.4409589478903042 0.12049698574772802 0.09103603060296198 0.17897209765100208
1 0.22464078246047953 0.9201403184215422 0.08899834160399785 0.13522209765100185
1 0.23093974669023112 0.26808372492717536 0.08783825599585607 0.17731866943775676
1 0.22450373366055257 0.7664386569013444 0.09274407981717356 0.18214256175762475
1 0.43952715032872225 0.45827813057487854 0.08776548138875025 0.1757561694377568
1 0.44127997146395276 0.026883378067596074 0.07318494292790553 0.03021634890464333
1 0.1607535252262784 0.25199807218246606 0.09416103060296192 0.17906302586424747
1 0.3692230349461881 0.020885779162952745 0.07282106989237613 0.02240384890464333
1 0.3034888730355293 0.01663253668480014 0.06947774607105864 0.01762542069139797
1 0.23295804921421173 0.009899151886779489 0.07216609842842343 0.008341348904643334
0 0.048884917906514815 0.1785258167721897 0.02325771753501129 0.030323997492717546