1 0.69453125 0.640625 0.071875 0.17421875
1 0.6953125 0.81640625 0.07265625 0.17109375
1 0.89921875 0.28828125 0.071875 0.16875
1 0.965625 0.46875 0.06875 0.171875
1 0.7671875 0.8140625 0.07109375 0.17265625
1 0.9 0.46484375 0.071875 0.1703125
1 0.90625 0.80390625 0.07109375 0.17265625
1 0.6265625 0.8140625 0.07421875 0.17109375
1 0.6203125 0.2984375 0.071875 0.17890625
1 0.69375 0.465625 0.07109375 0.17265625
1 0.6921875 0.296875 0.07109375 0.171875
1 0.6265625 0.6453125 0.0734375 0.175
1 0.6265625 0.46875 0.0734375 0.171875
1 0.8296875 0.01953125 0.071875 0.0390625
1 0.5515625 0.8171875 0.0765625 0.1671875
1 0.61953125 0.12265625 0.0703125 0.16875
1 0.8390625 0.81171875 0.06953125 0.171875
1 0.5546875 0.021875 0.071875 0.04296875
1 0.55078125 0.47265625 0.078125 0.17265625
1 0.621875 0.021875 0.06875 0.04296875
1 0.76484375 0.47265625 0.08515625 0.175
1 0.9046875 0.63828125 0.07265625 0.1703125
1 0.9671875 0.29296875 0.065625 0.171875
1 0.834375 0.29375 0.0703125 0.16640625
1 0.9640625 0.015625 0.071875 0.03125
1 0.553125 0.12734375 0.071875 0.17109375
1 0.7671875 0.63828125 0.071875 0.1734375
1 0.6875 0.021875 0.06875 0.04296875
1 0.55234375 0.29375 0.075 0.17734375
1 0.96875 0.803125 0.0625 0.17578125
1 0.896875 0.021875 0.06875 0.04296875
1 0.9671875 0.11875 0.065625 0.16796875
1 0.8984375 0.12265625 0.071875 0.1671875
1 0.83671875 0.471875 0.071875 0.175
1 0.553125 0.6453125 0.07421875 0.17421875
1 0.6890625 0.125 0.07265625 0.17265625
1 0.83203125 0.125 0.078125 0.17109375
1 0.9703125 0.6328125 0.059375 0.171875
1 0.7640625 0.2953125 0.07265625 0.165625
1 0.696875 0.95 0.071875 0.09921875
1 0.8375 0.6359375 0.06875 0.16953125
1 0.759375 0.021875 0.06875 0.04296875
1 0.48046875 0.30078125 0.06953125 0.17890625
1 0.76171875 0.12421875 0.0703125 0.171875
1 0.48125 0.46953125 0.06875 0.16640625
1 0.5515625 0.9515625 0.08515625 0.09609375
1 0.48203125 0.82421875 0.06953125 0.16796875
1 0.765625 0.95 0.0734375 0.09921875
1 0.9703125 0.9453125 0.059375 0.1015625
1 0.4796875 0.01953125 0.065625 0.0390625
1 0.90390625 0.9484375 0.0734375 0.103125
1 0.48125 0.125 0.06953125 0.1734375
1 0.48203125 0.6421875 0.0703125 0.1734375
1 0.628125 0.95078125 0.071875 0.0984375
1 0.84296875 0.94921875 0.07578125 0.1015625
1 0.48359375 0.95390625 0.0796875 0.0921875
0 0.5109375 0.40625 0.025 0.03046875
0 0.51328125 0.75234375 0.028125 0.0296875
0 0.7171875 0.2359375 0.02734375 0.03125
0 0.646875 0.0640625 0.0203125 0.02578125
0 0.859375 0.696875 0.0328125 0.028125
0 0.509375 0.9328125 0.028125 0.02890625