1 0.9042089787157703 0.34600919156460413 0.08348630402608989 0.19360572402541765
1 0.8409139261218581 0.8831603640478942 0.08334085335772619 0.18110572402541783
1 0.9567954400063634 0.0387883957012242 0.06046588001272681 0.0775767914024484
1 0.5994214813812706 0.34273378165992047 0.08497607869190808 0.18738299756436802
1 0.6843430160725421 0.5225382840955525 0.08339539735836254 0.18579322402541773
1 0.9734953280553611 0.8830904058507892 0.053009343889277714 0.1698409415580137
1 0.6114156880967228 0.7019724139651687 0.08652039735836255 0.18584777110331832
1 0.9614113093570898 0.15825404708449126 0.06777039735836254 0.18552048863591425
1 0.9115884107654045 0.7115796444867034 0.08655676002545327 0.1889727711033183
1 0.751245968690317 0.16114108807331198 0.083377216024817 0.18423072402541768
1 0.749709646005727 0.03599640665827283 0.08066929201145392 0.07199281331654565
1 0.6173491567870399 0.876122980117793 0.08179653469127164 0.18264095048646745
1 0.8312816507399512 0.5254433214342205 0.083377216024817 0.18423072402541774
1 0.6132401754057695 0.522997980117793 0.0927885786919079 0.18751936525911966
1 0.7002707447883126 0.884052482553425 0.09426017202418073 0.17973413879807013
1 0.8337873907144978 0.33786150081736943 0.0866113040260899 0.19366027110331832
1 0.602681199355499 0.15279457427359427 0.08969994135899881 0.19058981818121903
1 0.8941419933561352 0.15239555925935588 0.083468122692544 0.19204322402541768
1 0.5942408960057269 0.037332810066839486 0.07598179201145391 0.07466562013367897
1 0.8261732433561353 0.15358195820369566 0.08661130402608981 0.19366027110331835
1 0.9661817200429524 0.7113245000065905 0.06763655991409508 0.1919341298696164
1 0.8332997787634955 0.6988808214342205 0.08339539735836254 0.18579322402541773
1 0.6759294373806342 0.33670987825135384 0.08186926002545328 0.18889095048646737
1 0.8934778273392723 0.03630432386655719 0.08070565467854465 0.07260864773311437
1 0.6722942653564534 0.15861215179030416 0.0849760786919079 0.18738299756436802
1 0.6684505553389543 0.03592426867098166 0.08065111067790856 0.07184853734196332
1 0.920637788788949 0.884894413561427 0.09262494668999892 0.17345686525911966
1 0.6918753474299502 0.6997865767092263 0.08186926002545328 0.18889095048646726
1 0.9086526727402692 0.5264370312561787 0.08497607869190774 0.18738299756436802
1 0.8200221460057271 0.03539638880136535 0.08379429201145419 0.0707927776027307
1 0.7704923381205854 0.8750126733006596 0.08177835335772628 0.18107845048646745
1 0.9664391620186127 0.34957847646764023 0.06712167596277467 0.18557503571381498
1 0.7513503447644501 0.7073439322291133 0.09280676002545327 0.18908186525911966
1 0.7470322780474069 0.3362501822291134 0.08655676002545327 0.1889727711033183
1 0.9651272026973168 0.5277307500065905 0.06974559460536653 0.1872466298696164
1 0.7523572194064057 0.5252581351512127 0.08339539735836254 0.18579322402541756
0 0.658571404081769 0.5909706842577082 0.02387385200509069 0.037909103084255234