0 0.6375 0.3640625 0.01875 0.02578125
0 0.7703125 0.25703125 0.01953125 0.025
0 0.596875 0.06640625 0.02109375 0.0234375
0 0.8828125 0.53515625 0.015625 0.02421875
0 0.95703125 0.51953125 0.01953125 0.02421875
0 0.8203125 0.60078125 0.015625 0.021875
0 0.9078125 0.709375 0.0171875 0.0203125
0 0.675 0.6359375 0.01953125 0.021875
0 0.66796875 0.58125 0.01953125 0.0234375
0 0.69296875 0.7578125 0.01953125 0.0296875
0 0.91328125 0.225 0.01953125 0.025
0 0.76328125 0.20390625 0.01875 0.02109375
0 0.65234375 0.40283203125 0.646484375 0.3955078125 0.63671875 0.39794921875 0.63671875 0.41259765625 0.638671875 0.4150390625 0.650390625 0.4150390625 0.65234375 0.41259765625 0.65234375 0.40283203125
1 0.5609375 0.05 0.0875 0.1
1 0.63984375 0.04375 0.0859375 0.0875
1 0.9796875 0.1 0.040625 0.17578125
1 0.9953125 0.26171875 0.009375 0.1796875
1 0.87265625 0.1265625 0.09921875 0.17734375
1 0.53671875 0.36484375 0.0953125 0.18203125
1 0.9578125 0.27734375 0.084375 0.1796875
1 0.94453125 0.1109375 0.096875 0.178125
1 0.9703125 0.4546875 0.059375 0.18359375
1 0.4953125 0.05625 0.096875 0.1125
1 0.75625 0.3265625 0.0984375 0.184375
1 0.65703125 0.16484375 0.09765625 0.178125
1 0.5578125 0.5421875 0.0984375 0.18515625
1 0.71328125 0.0359375 0.08828125 0.07109375
1 0.51640625 0.20234375 0.09296875 0.1796875
1 0.828125 0.31171875 0.10078125 0.18203125
1 0.98125 0.61875 0.0375 0.18359375
1 0.89609375 0.296875 0.09921875 0.18125
1 0.71015625 0.5125 0.0984375 0.1875
1 0.58359375 0.18671875 0.0953125 0.178125
1 0.91484375 0.46796875 0.09609375 0.1859375
1 0.7328125 0.15234375 0.0984375 0.184375
1 0.634375 0.5328125 0.09609375 0.184375
1 0.7984375 0.1375 0.0984375 0.18046875
1 0.58046875 0.7140625 0.09609375 0.1859375
1 0.8 0.66953125 0.10078125 0.18828125
1 0.77890625 0.49921875 0.0984375 0.18828125
1 0.60390625 0.3546875 0.09296875 0.18359375
1 0.68203125 0.3390625 0.096875 0.18125
1 0.9484375 0.640625 0.103125 0.1875
1 0.6546875 0.6984375 0.0953125 0.1859375
1 0.84921875 0.4796875 0.0984375 0.1828125
1 0.78046875 0.0296875 0.08515625 0.05859375
1 0.871875 0.65625 0.10078125 0.18515625
1 0.85703125 0.02265625 0.08125 0.0453125
1 0.7328125 0.68203125 0.1 0.1859375
1 0.92578125 0.01796875 0.0859375 0.03515625