1 0.032827435201360805 0.40367056927947215 0.04153771397248333 0.11671613855894432
1 0.02073662985173243 0.16918190901291547 0.03405259618646846 0.12586381802583096
1 0.13633693655212317 0.9743467821324536 0.08154266587924912 0.05130643573509275
1 0.06803821578658187 0.16041231426490726 0.08087303248413762 0.12566524122451134
1 0.100982212876175 0.5227220976510021 0.08120041469812275 0.13504024122451136
1 0.09379221705252623 0.4062249194377567 0.08243553248413762 0.12571070533113407
1 0.048316059062643454 0.6460626577592743 0.05280259618646847 0.12640938730530316
1 0.05882202784445021 0.768119514185765 0.06061509618646847 0.12663670783841638
1 0.1347893055192644 0.8873983630904083 0.08410715988879933 0.1288811694377568
1 0.06679327366809898 0.8846394244523216 0.06524803248413762 0.12521060015828453
1 0.10900802240215461 0.6408045079175588 0.08405259618646845 0.12731866943775677
1 0.013846734390903375 0.06127848079967011 0.02692957694917477 0.10068196159934022
1 0.08334081197305034 0.285730563011266 0.08249009618646845 0.12727320533113406
1 0.027844780121884904 0.28333533722616083 0.040193468781806754 0.12292067445232169
1 0.06993068655212317 0.9735511602665567 0.0581051658792491 0.052897679466886414
1 0.12051349599328479 0.7691340963973609 0.08728672359113018 0.13053459765100223
1 0.0401538402808367 0.5240739974927175 0.04811509618646846 0.126272994985435
1 0.06284722958157996 0.056460600158284566 0.07989088584218221 0.09754024122451137
0 0.07047877965854873 0.8113837808788122 0.03363095553496285 0.02439224623907634