1 0.16047387599459115 0.03890744301479937 0.1913522533418178 0.06360902380771336
1 0.3363551233290911 0.029378167350869434 0.19286020934118148 0.05875633470173887
1 0.8980625932925019 0.29553611281106057 0.1853567920114539 0.0854476623713949
1 0.7112620272915474 0.3036536607210749 0.1900442920114541 0.08547493344863373
1 0.0350744339990455 0.041201716920708606 0.070148867998091 0.05509656615858279
1 0.032467054662636545 0.10059035245932804 0.06493410932527309 0.08319429508134393
1 0.9004892539783647 0.15412531763152076 0.1759454293443632 0.08226812021691723
1 0.5247721859882277 0.08365984416970865 0.194768154678545 0.08862720452587261
1 0.8935136426639092 0.017971732536998436 0.1785977146721816 0.03594346507399687
1 0.5267870299570474 0.3133200730924698 0.19315111067790855 0.08393061416679296
1 0.7068943426559551 0.07478831733693317 0.19160679201145392 0.08548402380771336
1 0.33801707332113695 0.08787114207972295 0.18849997334499946 0.08702834308955412
1 0.157448325986637 0.0975148285534188 0.19160679201145406 0.08548402380771339
1 0.34703589528963835 0.31983421438662585 0.1900079293443631 0.08234993344863373
1 0.5270073953294092 0.027638144908393326 0.18348520934118148 0.05527628981678665
1 0.7051505766629547 0.025562039620394928 0.18657384667409058 0.051124079240789856
1 0.8937039993236823 0.06588951942691885 0.1791067920114539 0.0854113009350764
1 0.15553873862191114 0.32876028337387897 0.19473179201145402 0.08550220452587265
1 0.033484114656273205 0.19198751210024842 0.06696822931254641 0.07852497579950315
1 0.15733869064291017 0.174072783373879 0.191606792011454 0.08548402380771339
1 0.336217668642592 0.17537568725926275 0.193169292011454 0.08549311416679295
1 0.1548125799650016 0.25689437373295865 0.18386701734563582 0.09168857201231528
1 0.5237631219764556 0.17037859416970863 0.19783861067790856 0.08395788524403178
1 0.7099097073122282 0.15132809143923415 0.1884817920114541 0.08546584308955411
1 0.8973364346355923 0.22367020317014016 0.18223179201145392 0.08542948165323568
1 0.033865375318273425 0.26463921692070863 0.06773075063654685 0.08634656615858276
1 0.030304023313182743 0.3357511476388678 0.060608046626365486 0.07849770472226432
1 0.5299853026336834 0.23986893755385036 0.194768154678545 0.08862720452587262
1 0.3408228052991834 0.24956262100248408 0.19636701734563583 0.09176129488495217
1 0.7191477999681833 0.2301752541052166 0.18848179201145393 0.08546584308955411
0 0.28714327462604733 0.29752794321119114 0.03940794533736351 0.029914758976990453
0 0.6444767059993637 0.002869428184076455 0.03917158800127254 0.00573885636815291
0 0.5991812926480009 0.13400475693388697 0.044095445337363516 0.029942030054229286
0 0.4653228186266837 0.2918041422761147 0.044113626670909054 0.031504530054229284
0 0.09327509595800193 0.30881139773706373 0.0409886266709089 0.031486349336070064
0 0.2827937713240004 0.06710009982704938 0.039389764003817974 0.028352258976990452