1 0.16475206875074674 0.8105797261813024 0.0914841210079671 0.1956302893919517
1 0.13163775956691143 0.23540542093374794 0.09331940564770318 0.20509629465362353
1 0.3251620345067221 0.9527294288262557 0.0891199874635877 0.09454114234748871
1 0.14134068316130327 0.43485168408792757 0.09010347743445783 0.2017892841302798
1 0.2996616485215672 0.4347137181476202 0.09644440564770314 0.20527830517696727
1 0.316904287476223 0.6252400076101591 0.09166597743445788 0.2018802893919517
1 0.08931179955041688 0.8178847209902177 0.09313754922121247 0.19884629465362344
1 0.39880882000438794 0.8132930154320798 0.08693301332783517 0.20004477360693612
1 0.28242370658477534 0.08352294447009691 0.09265416442319178 0.12862479991529538
1 0.20979018863808663 0.08007244980235592 0.08939277210332372 0.12375528939195171
1 0.290004189033798 0.2368299549934406 0.09644440564770314 0.20527830517696727
1 0.025229949854350713 0.4382280420933748 0.030728477434457824 0.1983310841867496
1 0.3830280779884538 0.43176999964706414 0.09331940564770322 0.2050962946536236
1 0.06879809342786 0.4345261894201865 0.09318301332783514 0.2004087946536235
1 0.3925491451563549 0.6249662628012438 0.09483644154108042 0.20362479991529553
1 0.1554355900626477 0.6244147130271227 0.09474551332783517 0.20049979991529554
1 0.23887021568946834 0.6238147445265667 0.09157504922121244 0.1987552893919517
1 0.12159986685133199 0.07805565251789645 0.09251777210332376 0.12393729991529541
1 0.043543063011266016 0.075849139434304 0.08626777210332377 0.123573278868608
1 0.37352974287386403 0.2393549864928845 0.09313754922121245 0.1988462946536236
1 0.21831104546028873 0.23889371295653555 0.09318301332783516 0.20040879465362355
1 0.2277639164682559 0.4297462261107151 0.09010347743445786 0.2017892841302799
1 0.31590539179114263 0.8053447365634717 0.09626254922121244 0.1990283051769673
1 0.06818564264907244 0.6279121683734992 0.09318301332783514 0.20040879465362343
1 0.057578133940090835 0.23655142100433507 0.09331940564770318 0.20509629465362353
1 0.25115257000438795 0.8046930182040899 0.10246708511458975 0.19782982622365458
1 0.40170180245341075 0.9540868024755442 0.0954154515702104 0.09182639504891163
1 0.08713083709314683 0.9544067789391952 0.08705738229073819 0.09118644212160945
1 0.36438676042484125 0.08595697070786898 0.08952916442319178 0.1284427893919517
1 0.013160544206647532 0.2378640210466874 0.01813754922121246 0.1944780420933748
1 0.16985240887990144 0.9536479157426634 0.0903642387172289 0.09270416851467331
1 0.2510569447732788 0.9544515525461315 0.09045516693047428 0.09109689490773717