1 0.653125 0.978125 0.075 0.04296875
1 0.865625 0.978125 0.075 0.04296875
1 0.653125 0.978125 0.075 0.04296875
1 0.865625 0.978125 0.075 0.04296875
1 0.728125 0.978125 0.075 0.04296875
1 0.728125 0.8734375 0.07734375 0.1703125
1 0.86875 0.87265625 0.07890625 0.16953125
1 0.584375 0.978125 0.06875 0.04296875
1 0.6578125 0.87265625 0.07421875 0.1671875
1 0.5171875 0.978125 0.078125 0.04296875
1 0.37421875 0.8765625 0.075 0.17421875
1 0.5203125 0.87734375 0.07578125 0.1734375
1 0.9859375 0.978125 0.028125 0.04296875
1 0.44609375 0.87734375 0.07109375 0.1734375
1 0.440625 0.9765625 0.06875 0.046875
1 0.5859375 0.87734375 0.071875 0.175
1 0.940625 0.978125 0.06875 0.04296875
1 0.7921875 0.978125 0.071875 0.04296875
1 0.9828125 0.86875 0.034375 0.16796875
1 0.3703125 0.98046875 0.071875 0.0390625
1 0.79453125 0.86953125 0.0859375 0.1765625
1 0.9390625 0.87734375 0.08046875 0.1765625
0 0.68359375 0.93515625 0.01875 0.028125
0 0.75234375 0.934375 0.021875 0.0328125
0 0.4015625 0.984375 0.028125 0.03125