1 0.9349349560970065 0.8541693148732297 0.09088057181592361 0.29166137025354083
1 0.2992383506126163 0.8094172464846183 0.1739385115110732 0.3586879350298613
1 0.9738364340378091 0.22269337689666752 0.05187261397040146 0.3230387629177779
1 0.9594683652469473 0.5434961861672231 0.07699078863843596 0.3439331443766667
1 0.8806121122218855 0.5330658728126049 0.16765215007475476 0.35229246466513897
1 0.8529446127128647 0.8457560964083684 0.16439988504764003 0.3084878071832633
1 0.7338189254536018 0.5155848192416326 0.16765215007475476 0.352292464665139
1 0.9043460906536673 0.21404376908913272 0.17065897540671954 0.33205269984750013
1 0.16883323312617363 0.7954430526210418 0.17079533079291398 0.3554901998475003
1 0.7598875635263042 0.19817976690493116 0.17065897540671954 0.33205269984750013
1 0.3545733496306577 0.1621798769935767 0.1752283007386847 0.3118493026210418
1 0.32856379889197296 0.4694286793302781 0.17392033079291397 0.3555629350298613
1 0.7045434741491832 0.837778635827292 0.1644726079202771 0.32444272834541615
1 0.19814959104645066 0.45701698546670155 0.16923283079291399 0.35545383225631966
1 0.4499150614832007 0.8265388169637153 0.17704533079291399 0.3469223660725692
1 0.21944891588743634 0.15356533035645853 0.17047716822512735 0.3008026998475001
1 0.606543353146699 0.5009021105604171 0.17077715007475475 0.35236519984750014
1 0.5045324430147994 0.17270241574691014 0.17531011397040128 0.3259118026210418
1 0.57415199220136 0.8268580132021182 0.16922374043383429 0.3462839735957636
1 0.4652780037124332 0.4733920935585768 0.16923283079291399 0.3554538322563196
1 0.6333932412194013 0.18351524201930608 0.16597147540671972 0.3319435970739585
0 0.23335531714054145 0.5836346900638544 0.05188975292686626 0.05745013050895835
0 0.5236768318730685 0.3739564444322574 0.0519079336450254 0.06057513050895835
0 0.3671030823640478 0.6945748029053822 0.04569429508134393 0.06667966014423606