0 0.42535398866168206 0.05406800646297168 0.04574885200509069 0.039346342889637356
0 0.8387801419875915 0.1256272604544854 0.044240896005727136 0.043970175893442945
0 0.760800592655955 0.10994391064476586 0.04264203333863605 0.04078150889724856
0 0.475702340625 0.05571483125 0.4752704 0.07119114843749999 0.49702297968750003 0.0779270875 0.501459884375 0.0761790109375 0.506328728125 0.058954615625 0.5035147734375001 0.054961228125 0.489013053125 0.050470601562499995 0.475702340625 0.05571483125
1 0.38454608064131934 0.20247633155811187 0.311865842695726 0.22666856524648954
1 0.19742898333068193 0.027585125018590523 0.16451703333863615 0.04574753460041111
1 0.6575199566359105 0.2534618058921304 0.3166260680299079 0.23310956623507267
1 0.1699659599777283 0.17106586958138306 0.22565562269254427 0.19972938045579802
1 0.6580119473265458 0.076835638895936 0.29022610534690846 0.11177839429596244
1 0.1850466146562732 0.08413887254713258 0.20178177068745357 0.1612743755128821
1 0.6745176473185917 0.1361297258540743 0.3150090240292712 0.2283583992388783
1 0.8797762172979107 0.29690935284983117 0.23688402402927125 0.22517504942915867
1 0.3973375293205006 0.11076633402956984 0.3146999413589988 0.20179589923887828
1 0.39410398866168206 0.052794666539083844 0.2961670226766359 0.08547056228073999
1 0.8848733446451373 0.19472477034031715 0.2287624413589988 0.1982942144481868