1 0.572776618037862 0.3087541180447946 0.09738517202418073 0.18312011646291487
1 0.9532448206954077 0.261547083896454 0.04569540268936265 0.16948034034363302
1 0.8774963161202672 0.9313848710970124 0.09215223201781733 0.1359994549975255
1 0.696816291414678 0.6353719289897855 0.10367153469127163 0.18657266508343398
1 0.7755016286998621 0.2850244482116623 0.09571358402290801 0.1736632293077851
1 0.673501134667409 0.04076211386092306 0.07825226933481808 0.015031857756487587
1 0.8049218821212218 0.9310219858087052 0.08757382001909013 0.13795602838258958
1 0.8262401620782691 0.6195123128655549 0.09894767202418073 0.18320200361804453
1 0.7425400607892672 0.9343804805509806 0.09382382001909004 0.13123903889803898
1 0.9523235934515855 0.9204717045432403 0.09378745735199914 0.14233134215265508
1 0.5474118966820447 0.14190081071784827 0.0974033533577261 0.18468261646291487
1 0.7545287940801781 0.6298080037295863 0.10210903469127146 0.18649077792830404
1 0.8523406801002228 0.782500313770066 0.09896585335772627 0.18476450361804453
1 0.6452601453691802 0.29771812075832804 0.09734880935708982 0.17999511646291486
1 0.991744246697953 0.598709569197133 0.016511506604093996 0.1730214201718166
1 0.8000396467218156 0.4479305619610437 0.09891130935708992 0.1800770036180447
1 0.7181384027689044 0.7903017684289073 0.09894767202418073 0.18320200361804453
1 0.9796089680537703 0.912816334800965 0.04078206389245942 0.1416828889641522
1 0.8472129966979531 0.27472875734763086 0.09887494668999892 0.1769520036180446
1 0.6095204506683636 0.04443599050060323 0.07529090133672725 0.028930583446228075
1 0.6207493993475448 0.1371557570089466 0.0958044906906352 0.1814757293077851
1 0.8220209980108176 0.12271920002068462 0.0971669960216353 0.16437011646291486
1 0.9821959766868172 0.4334154398439193 0.03560804662636556 0.17235967887824377
1 0.7899679494350409 0.7901623275648759 0.09894767202418073 0.18320200361804453
1 0.6234878794159509 0.6408982326986872 0.10054653469127146 0.18640889077317446
1 0.7517721326782267 0.12450302803984577 0.09416926535645338 0.17514384215265535
1 0.6682629353914519 0.46288609735257963 0.09738517202418073 0.1831201164629149
1 0.5345659040022271 0.044411657054375143 0.07538180800445424 0.0367430834462281
1 0.9011128927434509 0.612505396311783 0.09740335335772628 0.18468261646291495
1 0.9296335033418177 0.11118191372463748 0.037392006683635515 0.1268834045679843
1 0.9558340186982713 0.6054199146291486 0.08833196260345737 0.184600729307785
1 0.8741493087205431 0.4424452018297069 0.09891130935709 0.18007700361804452
1 0.7283464600572701 0.45978875282507514 0.10047380935708983 0.18015889077317443
1 0.925605457431541 0.7715052600611643 0.10058289735836254 0.18953389077317429
1 0.5973055453930427 0.470878981794176 0.0958044906906352 0.18147572930778505
1 0.6739355114576306 0.9396511567156909 0.09066245735199914 0.12069768656861832
1 0.9342146520528157 0.43778535730220236 0.10519767202418073 0.18352955223856354
1 0.6901351986791813 0.12829973541222056 0.09742153469127146 0.18624511646291486
1 0.6480258974379043 0.8038043464480685 0.09582267202418074 0.18303822930778502
1 0.8844573633434086 0.12052593622587468 0.09703972668681722 0.15343261646291487
1 0.9684618353755436 0.7646278182926217 0.0630763292489128 0.18805992198083885
1 0.9096129993634531 0.26941049355282093 0.09578630935709001 0.1799132293077851
1 0.7045169667011348 0.2906735826532586 0.10047380935708983 0.18015889077317437
0 0.6802560474219959 0.6883774202833581 0.023855670671545325 0.03716580732694634