1 0.6714876808363588 0.10223520239553381 0.24909802768032882 0.1440243962002413
1 0.20807909684397002 0.07483066089956236 0.24740819368794006 0.14081750904511153
1 0.6506432816346616 0.18377845149102265 0.24960736364988384 0.15652439620024125
1 0.2265770874524299 0.03136394391624915 0.2406541749048598 0.05159123473485203
1 0.8846760889353046 0.16349468622587468 0.23064782212939078 0.14032618611433306
1 0.4205127712545383 0.12260417684207887 0.2496710306460784 0.15808689620024124
1 0.9636353715585493 0.47042743893940814 0.07272925688290144 0.120210680687266
1 0.19042336463846718 0.15810018430531073 0.2464186966536896 0.1547981218899818
1 0.619929133915839 0.2718206840781681 0.25305069863085594 0.16450067051050077
1 0.606784488174183 0.3701386753717409 0.24798119665368965 0.1548800090451115
1 0.4104294585166877 0.2195234424459111 0.25611203163466156 0.1631019448207603
1 0.44156275889724855 0.06523873416902515 0.24250051779449713 0.09690373473485203
1 0.8651487920147849 0.24413385458866887 0.24323002965749546 0.15307184757972225
1 0.845467644790254 0.3350930472617226 0.2465460306460784 0.15792312188998175
1 0.8251325815581119 0.4291362963572115 0.2496710306460784 0.15808689620024124
1 0.1675853839158391 0.24811435266810494 0.23698002965749523 0.1527442989592033
1 0.9712767752088709 0.36470970544775155 0.0574464495822582 0.15352114767057934
1 0.38365339429596246 0.30855164292088094 0.25585736364988404 0.1568519448207603
1 0.9816266847906915 0.2809488591112247 0.03674663041861699 0.11791784034363309