1 0.4828379991892211 0.1356350564942213 0.2439875535707225 0.10453400565734076
1 0.47732043060096496 0.04887539987836302 0.24223413879807013 0.09358741529826113
1 0.23347497321463878 0.05292605386194266 0.24231595941492107 0.09827491529826113
1 0.9204061830365969 0.13427410703651427 0.1564602800317722 0.10246244554888215
1 0.4709639216758065 0.5473265354169825 0.24560460064862308 0.10766809601642038
1 0.9218516806009649 0.05146160703651427 0.15629663879807013 0.09308744554888215
1 0.05678796793963301 0.43472497882456534 0.11357593587926602 0.09757495764913063
1 0.9163991526010831 0.5428860377546736 0.15018300649282174 0.10086358411256384
1 0.22446284294128063 0.43494366832332326 0.23921823295387146 0.09981923458010193
1 0.468778084419864 0.6277907402374426 0.24549550649282176 0.10141809601642038
1 0.47396005682042863 0.33091574023744263 0.24404210064862322 0.10765900565734068
1 0.2336192491892211 0.1341851442210223 0.2487296006486231 0.1076862767345796
1 0.23443608644845887 0.5350118460164204 0.24234323295387145 0.09983741529826115
1 0.05899248600005904 0.5402119095427246 0.11798497200011808 0.09761131908544911
1 0.05777840807631207 0.05268009328594585 0.11555681615262414 0.0975476865718917
1 0.05822200852471193 0.6300556595427246 0.11644401704942386 0.10073631908544911
1 0.9118013814977648 0.6272428570365143 0.15637845941492118 0.09777494554888229
1 0.47213272971075587 0.4356032402374426 0.23924550649282175 0.10138173458010194
1 0.9029234391289721 0.8225235407797357 0.16737050649282176 0.1009635780624393
1 0.056973838677277046 0.14486759328594584 0.11394767735455409 0.0975476865718917
1 0.22944502882054668 0.8209493460164203 0.24546823295387146 0.09985559601642038
1 0.920081080359379 0.3319485377546735 0.15018300649282174 0.10086358411256366
1 0.9184310312528833 0.42647978775467354 0.15029210064862325 0.10711358411256366
1 0.7217504947249942 0.1456196314334028 0.24231595941492118 0.09827491529826111
1 0.05341968587926602 0.8206624788245651 0.10683937175853205 0.0975749576491304
1 0.7192043729730528 0.3362491766129426 0.24549550649282176 0.10141809601642038
1 0.23335700731019124 0.7311192315550398 0.24862050649282175 0.1014362767345796
1 0.22775721266462723 0.3357340086824029 0.24234323295387145 0.09983741529826115
1 0.4685405308491416 0.7309248305965224 0.24396028003177203 0.10297150565734085
1 0.052123787338668036 0.34250566256778664 0.10424757467733607 0.0975113251355733
1 0.7123041676186167 0.7315616766129426 0.24549550649282176 0.10141809601642038
1 0.051880505278301056 0.7284613432859459 0.10376101055660211 0.09754768657189175
1 0.721528757713933 0.42689690251064166 0.24878414772652385 0.1108112767345796
1 0.7164946099874092 0.5362537217924824 0.24237050649282174 0.10139991529826116
1 0.4674944537394688 0.835616875776062 0.24387845941492117 0.09828400565734086
1 0.9100695117744181 0.7264616070365143 0.1564602800317722 0.10246244554888229
1 0.7164479711893392 0.6284503121515621 0.24549550649282176 0.10141809601642038
1 0.7106950288205466 0.8237491766129427 0.24549550649282176 0.10141809601642038
1 0.4759958896121443 0.25904528541698246 0.24442393019392786 0.1295340056573407
1 0.05612154058507892 0.24408634328594586 0.11224308117015784 0.10067268657189173
1 0.7233596335230643 0.05343213143340281 0.24387845941492098 0.09828400565734075
1 0.9184561250016475 0.24599285703651425 0.15654210064862326 0.10714994554888213
1 0.22424683441986398 0.6263680990414825 0.24555005357072252 0.10454309601642038
1 0.720827148540598 0.2432804266129426 0.24231595941492118 0.09827491529826113
1 0.22777657792374698 0.24509991832332326 0.2376011858759707 0.09668514422102226
0 0.38527010917663035 0.6671527012062228 0.047584112012708776 0.040897710772388504
0 0.9586099720001181 0.49703318227028337 0.06622501785690744 0.034756795081344015
0 0.31731813920510715 0.08388568325224202 0.04725682954530477 0.02214771077238853
0 0.07324303652788915 0.2801420179539809 0.04117047077900682 0.031486349336070064