1 0.9730404707784561 0.6873105238701878 0.05391905844308766 0.24476815467854482
1 0.7316209972985769 0.06952851328772938 0.1194919945971538 0.13905702657545876
1 0.6702493997458863 0.25956952124445865 0.13156633134415224 0.24823860001590833
1 0.7567938444983318 0.24214511656591373 0.13129331555913665 0.24355110001590835
1 0.8363026651073788 0.7079422918921413 0.12798630503579309 0.24038973734881744
1 0.7904309100574685 0.4841053498965957 0.12973081555913665 0.24353291868236293
1 0.953045395658458 0.8886553952100964 0.09390920868308399 0.14178860534690826
1 0.6412690130835925 0.07473418129377454 0.11691302616718495 0.1494683625875491
1 0.9358156736351709 0.21502699120786942 0.12836865272965808 0.24667610001590834
1 0.8729590438771646 0.8943610498886414 0.11315098933548207 0.1465306493475449
1 0.7767665833397036 0.907207042568459 0.1128779735504665 0.14184314934754455
1 0.9272083861681836 0.6982849338797329 0.12624179451244935 0.23724655601527206
1 0.7327604361540662 0.7154013505729134 0.12816831555913666 0.24351473734881743
1 0.8913108705949295 0.4712048132161417 0.12991282608248014 0.24665791868236292
1 0.9124614736210536 0.061470017942411734 0.12804794724210708 0.12294003588482347
1 0.8249614736210535 0.06194273261459331 0.11554794724210708 0.12388546522918661
1 0.6974166574266325 0.48440588924254957 0.13285581555913667 0.24356928134945374
1 0.9942468838196963 0.8808968918682787 0.011506232360607526 0.14131589067472702
1 0.8548673234516444 0.23474969255255074 0.1282593208208084 0.24507723734881742
1 0.9536695735222317 0.4507372245385513 0.09266085295553665 0.24349655601527193
0 0.8192377204961074 0.576020129893414 0.05576415258848364 0.04593066534054522
0 0.7667728731551783 0.5477047732336409 0.05805469468185827 0.05844884667409041