1 0.6365703380803256 0.846875 0.2589389880142125 0.1109375
1 0.6339189716174106 0.7515625 0.2591846494796016 0.115625
1 0.8674485238559744 0.8546875 0.2589389880142122 0.1109375
1 0.14177573722124287 0.7375 0.2121458751693422 0.1125
1 0.15612259950028623 0.93671875 0.21954893939369335 0.1046875
1 0.3877234023046768 0.8390625 0.25268898801421236 0.1109375
1 0.14516741010659287 0.83203125 0.2087752137039529 0.1078125
1 0.8647562138154946 0.75859375 0.2623096494796016 0.115625
1 0.999074823608147 0.959375 0.0018503527837058441 0.08125
1 0.635765833896454 0.95078125 0.2582838907731745 0.0984375
1 0.3835504794193268 0.74453125 0.25268898801421236 0.1109375
1 0.8785166621427578 0.9546875 0.24296667571448438 0.090625
1 0.38239517243106474 0.94609375 0.2492364393936934 0.1046875