1 0.90390625 0.79453125 0.07421875 0.17578125
1 0.9 0.61640625 0.07734375 0.1734375
1 0.8296875 0.79296875 0.07265625 0.178125
1 0.8296875 0.44375 0.0734375 0.16640625
1 0.9046875 0.103125 0.07265625 0.171875
1 0.9671875 0.446875 0.065625 0.17578125
1 0.90390625 0.4453125 0.07265625 0.16796875
1 0.9671875 0.615625 0.065625 0.17578125
1 0.8296875 0.00625 0.071875 0.01171875
1 0.9046875 0.278125 0.0734375 0.17109375
1 0.83046875 0.2796875 0.07265625 0.17109375
1 0.96875 0.7953125 0.0625 0.17578125
1 0.96875 0.1 0.0625 0.16796875
1 0.9671875 0.27734375 0.065625 0.171875
1 0.82890625 0.62109375 0.07421875 0.175
1 0.903125 0.00625 0.075 0.01171875
1 0.9671875 0.0078125 0.065625 0.015625
1 0.9671875 0.94296875 0.065625 0.1140625
1 0.90234375 0.94453125 0.07578125 0.1109375
1 0.82109375 0.94375 0.090625 0.11171875
1 0.059375 0.69140625 0.06796875 0.16953125
1 0.0625 0.8640625 0.0671875 0.16796875
1 0.83671875 0.10390625 0.07109375 0.17265625
1 0.06015625 0.9734375 0.0734375 0.05234375
1 0.015625 0.86171875 0.03046875 0.17265625
1 0.0140625 0.6875 0.028125 0.171875
0 0.92890625 0.384375 0.02265625 0.03359375
0 0.86171875 0.55078125 0.0203125 0.03203125
0 0.8609375 0.2078125 0.01875 0.01796875
0 0.93046875 0.7296875 0.0140625 0.025