1 0.6183333046318381 0.2059996259150494 0.28012898801910036 0.15007491470399828
1 0.8498957847615722 0.35090140388291446 0.27382442431676957 0.14843968936981647
1 0.866133398371236 0.24372470321455092 0.2549652969121078 0.1450965133672712
1 0.5944468821291672 0.30857973325114013 0.2785119243167696 0.1484942333704528
1 0.36099451978544783 0.17307113661682047 0.2847073606144388 0.14700445870463458
1 0.6431646682415018 0.09872292791218587 0.2802381154237622 0.15319991470399827
1 0.8823710119808996 0.13654800254618737 0.2301289880191006 0.14949311203054405
1 0.6760342211440594 0.03395945896325169 0.27443949400955037 0.06791891792650338
1 0.8978447337579313 0.054720578612366136 0.20398315027015243 0.10944115722473227
1 0.3480728791339422 0.2747427246180931 0.2848164880191004 0.15012945870463462
1 0.40446675599044973 0.07186481464831904 0.2785664880191005 0.14372962929663807
1 0.42364583112552606 0.014724476647046358 0.27145833774894795 0.029448953294092715
0 0.2865054404740204 0.11458702196054729 0.041825401451278846 0.03484771467218158
0 0.7936334049946578 0.19536956655795953 0.04495040145127867 0.03488407733927246
0 0.5449702157017638 0.15999732992523072 0.04667659255827132 0.03958975867281787
0 0.4721874801297341 0.1421018526018666 0.03562996515360979 0.03633748933799978
0 0.8582043364830035 0.20242754121582357 0.05012897477225664 0.04900112133990877