1 0.6281463089341214 0.24552987743068905 0.15196922249741007 0.11193871266133196
1 0.7813334290741665 0.12935722686149617 0.1521147717116218 0.11506371266133195
1 0.7648137090579559 0.1986566517804183 0.15516699710451592 0.11355575973923263
1 0.7515816548813455 0.28130551054671626 0.1456464478903042 0.11026711850553061
1 0.30483089516143574 0.03581436363426664 0.14971320967712848 0.06350121266133196
1 0.6614768473949661 0.10068102759284484 0.15204199710451577 0.11350121266133195
1 0.8667871238640987 0.30911863919851656 0.14869867328319836 0.10875916558343128
1 0.9123843759310134 0.11913456736384957 0.13038101282028158 0.050673930193927866
1 0.6101368635250166 0.31323952881066086 0.1501883986760925 0.10722393912238157
1 0.6449935146823084 0.16919920251176693 0.15196922249741007 0.11193871266133196
1 0.4884994580244986 0.2892235560030591 0.14550089867609248 0.10714211850553053
1 0.7897302799837893 0.08337257101729753 0.12718323821317554 0.04905688311602718
1 0.9626839747737215 0.26466130153553696 0.05658394789030439 0.10871252678536125
1 0.18744434201828264 0.021255211443515963 0.14698631596343473 0.03847393912238162
1 0.4154002140203546 0.11280533197764146 0.14095894789030422 0.11018529788867956
1 0.9498885682397464 0.33793516030183496 0.07518839867609231 0.10591480925276535
1 0.37723662634529814 0.2606973611986346 0.14564644789030412 0.11026711850553061
1 0.8861236288264976 0.22970387458802 0.15040672249741008 0.11191143912238159
1 0.428431061001036 0.05126385998081866 0.14626287799792798 0.08998189204448095
1 0.18282746257261256 0.053231914365615286 0.1296575748547749 0.1021818831160272
1 0.7336449840793465 0.347452661926688 0.1469906240689866 0.1056068920444809
1 0.8995547361462611 0.15956865259119718 0.15040672249741008 0.11191143912238158
1 0.5259909576102139 0.13897414001259076 0.13932367328319833 0.10859552434972923
1 0.9726454797361204 0.18508289569133834 0.04408394789030403 0.10849433847375849
1 0.2964704315553659 0.08101776947846528 0.15204199710451594 0.11350121266133195
1 0.9359309220448532 0.40258799552918256 0.09728172249741007 0.11098413879807008
1 0.843308928454994 0.37673283319216216 0.13910534946188094 0.10390802434972919
1 0.2749721131107318 0.15648537378053637 0.14557367328319834 0.10870461850553062
1 0.39241217018282637 0.1866831627407622 0.1392508986760924 0.10703302434972924
1 0.546943466501554 0.07522528571051967 0.13776117328319834 0.1085682508107789
1 0.5060915264691326 0.2136877678536122 0.14401117328319835 0.10867734496658024
1 0.6769049483045889 0.05481910267392272 0.14026543507002262 0.061775071427629905
1 0.5521425428040709 0.030748582788420353 0.12696491439185814 0.04436938311602721
1 0.17070414412797846 0.1288631599013884 0.1344178494618807 0.10382620373287824
1 0.41903213482686275 0.987112036524594 0.124965766749223 0.02577592695081208
1 0.03084100765299507 0.8836988900158861 0.06168201530599014 0.05489778003177222
1 0.14384623759400317 0.20189155681713328 0.14564644789030418 0.11026711850553055
1 0.3143275182014743 0.9721290545850199 0.1260573858558109 0.05574189082996028
1 0.25976018196965067 0.23128082223840885 0.1614897717116217 0.11522735389503398
1 0.0979216155919312 0.11351880357072244 0.05534677956950458 0.08215002678536121
1 0.16465715798622657 0.9301898806803951 0.2336173287837163 0.0883842102256999
0 0.2359481544670607 0.12140126176782753 0.038955492142117173 0.03190456493480816
0 0.8994690372224998 0.36285729382489923 0.03782963978475209 0.04125229139585782