1 0.3893379754625979 0.4119721849436699 0.20367827792830404 0.10577394154108047
1 0.5518301679085089 0.8102014332943174 0.1976739393936935 0.11027958511458982
1 0.35915466700399784 0.7915520363555958 0.20556832654882307 0.11206940564770314
1 0.3996336663266293 0.3396880079840658 0.19742827792830422 0.10559208511458973
1 0.16487572252192179 0.7721668535234969 0.20392393939369335 0.11046144154108042
1 0.3727590643358929 0.6331030388628782 0.20211577792830404 0.10572847743445771
1 0.7358300316578903 0.8275383828194636 0.20384205223856355 0.10889894154108042
1 0.7418509803238379 0.7483366161264162 0.20071705223856356 0.10880801332783516
1 0.20691722184455327 0.32025736104534425 0.19586577792830412 0.1055466210079671
1 0.17319947761030446 0.6921156406705153 0.2007170522385636 0.10880801332783516
1 0.6044628499545714 0.06769803305689044 0.19742827792830403 0.10559208511458977
1 0.7875829664174864 0.15782762490190477 0.19570200361804452 0.1024216210079671
1 0.9148956967991246 0.8472190823446099 0.17020860640175073 0.10665447994174038
1 0.20599653098052184 0.39226875336521233 0.19899077792830414 0.10563754922121245
1 0.7644098965389255 0.44722274551416047 0.19734639077317429 0.10402958511458986
1 0.7583070607178483 0.524862012207208 0.20055327792830405 0.10568301332783517
1 0.4179388517635938 0.12163668995823487 0.193975729307785 0.09925115690134442
1 0.22409699852966197 0.17031118533938133 0.19405761646291486 0.10081365690134443
1 0.2307730444366475 0.10360941864633393 0.1925770036180446 0.10233069279472176
1 0.1801245070089466 0.6152348919241566 0.19734639077317437 0.10402958511458973
1 0.7865803883983252 0.22827651722177283 0.19570200361804452 0.1024216210079671
1 0.0716657965843541 0.38209343448145155 0.09537445499752562 0.09326191818411553
1 0.5874778250784851 0.26614990492278734 0.202525213703953 0.11354097743445787
1 0.4132214535271876 0.255571420757905 0.2003076164629149 0.10099551332783516
1 0.3659159220923805 0.7115462876092369 0.20384205223856364 0.10889894154108042
1 0.5803690892119793 0.42910454598901415 0.20047139077317447 0.10412051332783516
1 0.5797272800760107 0.35713861777576883 0.20071705223856356 0.10880801332783516
1 0.9288973631835546 0.4694063194124862 0.1422052736328908 0.10325669530200425
1 0.7448288161449153 0.6707882776466141 0.201788229307785 0.0994784774344577
1 0.7701818617132165 0.3781999608744244 0.19734639077317429 0.10402958511458973
1 0.07867271313812599 0.30677518573509277 0.0983356806872661 0.09022784639736088
1 0.427166687584671 0.04676603675130714 0.1939757293077852 0.09353207350261428
1 0.5578920601520213 0.7317809166012699 0.19734639077317445 0.1040295851145899
1 0.38163169606395575 0.48887566574334007 0.20047139077317438 0.10412051332783498
1 0.21462350124319546 0.24335388024567414 0.19397572930778512 0.09925115690134438
1 0.8061548247398008 0.036198120876618396 0.19587242198083885 0.07239624175323679
1 0.6000730003386843 0.20788276385656052 0.19718261646291496 0.10090458511458975
1 0.2458381224558087 0.03766147288211131 0.19167624491161736 0.07532294576422262
1 0.7499423620519007 0.6041319750601893 0.20367827792830404 0.10577394154108041
1 0.9364465123244718 0.2487073745061934 0.1271069753510563 0.0993588054894186
1 0.4191981365893028 0.19045488611816888 0.20038950361804458 0.10255801332783517
1 0.9385103013340526 0.1782812142396367 0.12297939733189481 0.0991314849563052
1 0.43367231512886234 0.011427930324816416 0.18296963025772475 0.022855860649632832
1 0.6074484090905401 0.1395957651102018 0.19726450361804454 0.10246708511458977
1 0.6217864687923356 0.02044156598076689 0.18732293758467106 0.04088313196153378
1 0.38046534373453506 0.5561995580632081 0.19726450361804462 0.1024670851145899
1 0.916157764019923 0.7758980118114965 0.167684471960154 0.10674540815498564
1 0.5537567588179689 0.6528746666012699 0.20367827792830404 0.10577394154108041
1 0.06098940467952594 0.6859913242940371 0.05483134215265535 0.09364235141192587
1 0.0834996540021574 0.23465013314866803 0.09660940637700659 0.08705738229073816
1 0.1935618080043148 0.4685273764847505 0.19742827792830414 0.10559208511458991
1 0.9262160984842336 0.5461279437856655 0.1475678030315329 0.10348401583511765
1 0.9316195714604405 0.39270742709261813 0.13676085707911909 0.09985891066226812
1 0.5749656162357721 0.5051585806287503 0.20055327792830405 0.10568301332783517
1 0.19457210933836727 0.5475245546979958 0.2036782779283041 0.10577394154108041
1 0.7911340123244719 0.09121678642210274 0.19734639077317445 0.10402958511458978
1 0.5707970946390463 0.5749171511618637 0.200635165083434 0.10724551332783516
1 0.06531729929788754 0.45504520117449887 0.08756195499752559 0.09303459765100222
1 0.921080419775332 0.6919632810118264 0.15783916044933619 0.10035901583511767
1 0.06443755201142101 0.527837843494367 0.07794129353213637 0.08807431301126592
1 0.9441151701718166 0.052249911653211946 0.11176965965636683 0.07519387978345574
1 0.7727093181810801 0.2920578723946224 0.19742827792830403 0.10559208511458973
1 0.06372157903521397 0.603755485814235 0.06881195499752561 0.09248902837152997
1 0.933683360470021 0.3238437668260614 0.13263327905995795 0.10275659012915472
1 0.9436172031885033 0.1038578757598346 0.11276559362299352 0.09715980799670108
1 0.9231868133756109 0.6112217463720903 0.15362637324877823 0.10665447994174038
1 0.09792292288535 0.09182613565595048 0.10779256784239585 0.09206313103709696
1 0.09067034486618883 0.16245688440230924 0.10310506784239586 0.09192673871722894
1 0.06031437528088379 0.7626902166139051 0.04545634215265536 0.09336956677218974
1 0.0658915886461524 0.645161735814235 0.07315197421940248 0.17530152837152996
1 0.1062024123699004 0.02815609224072576 0.1092798247398008 0.05631218448145152
1 0.09862228573022024 0.09024090360263913 0.10565685775648762 0.08108016693047426
0 0.8315674983025193 0.5790661274091873 0.040700243102595124 0.03238660266556703
0 0.6310462771353347 0.7093088715366924 0.03387703301668665 0.021267246239076342
0 0.8072989179085089 0.8027680518615089 0.026064533016686653 0.021039925705962848
0 0.4352291660994867 0.765082813077773 0.030833920171816586 0.022738818025830908
0 0.264437552011421 0.5220184378466638 0.029271420171816498 0.02269335391920819