1 0.1890625 0.16875 0.12265625 0.078125
1 0.7921875 0.03125 0.109375 0.0625
1 0.30390625 0.16953125 0.1234375 0.078125
1 0.315625 0.03125 0.125 0.0625
1 0.91015625 0.10390625 0.11953125 0.07421875
1 0.4296875 0.03125 0.121875 0.0625
1 0.79453125 0.10234375 0.11875 0.07421875
1 0.07578125 0.1 0.11875 0.07734375
1 0.309375 0.10078125 0.125 0.07109375
1 0.1953125 0.03125 0.115625 0.0625
1 0.9890625 0.03125 0.021875 0.0625
1 0.909375 0.17265625 0.12265625 0.075
1 0.78828125 0.17265625 0.121875 0.07578125
1 0.078125 0.0296875 0.11875 0.05859375
1 0.18984375 0.0984375 0.11796875 0.0734375
1 0.5546875 0.0296875 0.121875 0.05859375
1 0.9890625 0.103125 0.021875 0.07421875
1 0.5484375 0.17734375 0.1171875 0.07734375
1 0.06796875 0.17265625 0.11640625 0.07890625
1 0.66875 0.17734375 0.1171875 0.0796875
1 0.9859375 0.178125 0.028125 0.07421875
1 0.9125 0.03125 0.11875 0.0625
1 0.6765625 0.03125 0.121875 0.0625
1 0.4296875 0.17578125 0.125 0.07734375
1 0.42734375 0.103125 0.12109375 0.075
1 0.55234375 0.1015625 0.11953125 0.075
1 0.6703125 0.103125 0.12109375 0.07421875
1 0.0109375 0.02734375 0.021875 0.0546875
1 0.009375 0.1 0.01875 0.078125
1 0.0109375 0.065625 0.0203125 0.12265625
0 0.59296875 0.125 0.028125 0.02265625
0 0.87421875 0.05859375 0.02578125 0.021875