1 0.4992719065384845 0.8993857620973292 0.14379284946188076 0.10885045680654777
1 0.25932114868060163 0.8554841966297826 0.14201202564056317 0.1040810696514182
1 0.04090736642050072 0.8797151554724956 0.08181473284100144 0.10630531094499104
1 0.045815344294594225 0.8033164297827551 0.09163068858918845 0.10663285956550998
1 0.5130668868937773 0.8217930286056726 0.1421575748547749 0.10720606965141818
1 0.13846499318008365 0.8272219985296619 0.14208480024766904 0.10564356965141819
1 0.3711254818075441 0.9435750961093842 0.14393839867609248 0.11197545680654812
1 0.8373497952897795 0.9603719711093841 0.10919952564056316 0.07925605778123171
1 0.2507594778786027 0.9216038415868285 0.13903257485477488 0.10704229534115868
1 0.8243018316837096 0.9925481846439951 0.10425516046291676 0.014903630712009886
1 0.033764800457065994 0.9184910504295413 0.06752960091413199 0.040107100859082576
1 0.35934891977305083 0.9823631999091429 0.13059933664159917 0.035273600181714215
1 0.13046624855676714 0.8980700870642726 0.14201202564056317 0.1040810696514182
1 0.48903857382582683 0.9571230611143331 0.13903257485477488 0.08575387777133373
1 0.24296194045121527 0.9713172365438745 0.12874573821317573 0.053507859565510074
1 0.38054117721664893 0.8759338947299031 0.14550089867609248 0.1120573439616777
1 0.7397128159679439 0.947556049580801 0.14535534946188075 0.1048879008383981
1 0.7565600217161309 0.8737118119610436 0.14542812406898661 0.1104948439616777
1 0.15136956162471774 0.7519320714604405 0.13747007485477486 0.1069604081860291
1 0.16323816894448134 0.6820699508136541 0.14208480024766904 0.10564356965141819
1 0.12434037304003849 0.9455216191764484 0.12994436517764646 0.04577724672063965
1 0.727754317415686 0.9824871099041943 0.14241013192686935 0.03502578019161149
1 0.5276431172490702 0.7442412386915809 0.14230312406898663 0.11033106965141819
1 0.6116798612532142 0.9240725808442363 0.14044952564056318 0.10399918249628826
1 0.3935185202683889 0.7990814676606817 0.14550089867609248 0.1120573439616777
1 0.28609347208763447 0.7010390360689045 0.14535534946188075 0.1089323439616777
1 0.6276730423942954 0.8497276780852744 0.14230312406898663 0.11033106965141819
1 0.6048262396654269 0.968315067276569 0.14342897642635144 0.06336986544686204
1 0.2715172417323416 0.7785908259829963 0.14691784946188075 0.10901423111680728
1 0.4783707475233099 0.9964942989592032 0.12489299214211727 0.007011402081593588
1 0.8719346186968124 0.8178889371303859 0.11381425103345748 0.10104460085908258
1 0.8551601875557312 0.8921928963117829 0.11239730024766885 0.104087713703953
1 0.0542025598651348 0.7302883655584037 0.1084051197302696 0.11033106965141819
1 0.05898318217679306 0.661002777023793 0.11796636435358612 0.11361984396167771
1 0.4054962894988113 0.7268755970138954 0.14230312406898663 0.11033106965141819
1 0.7664123647678709 0.7966956105815626 0.1421575748547749 0.10720606965141818
1 0.6438481600531412 0.7714765253263123 0.14706339867609247 0.11213923111680746