1 0.9515625 0.046875 0.0765625 0.09375
1 0.88359375 0.046875 0.07578125 0.09296875
1 0.95078125 0.1828125 0.07890625 0.17265625
1 0.9921875 0.0484375 0.015625 0.096875
1 0.659375 0.5234375 0.07890625 0.1828125
1 0.80546875 0.35 0.07890625 0.17734375
1 0.728125 0.5265625 0.07890625 0.1828125
1 0.8015625 0.70234375 0.0796875 0.18671875
1 0.81015625 0.17109375 0.07578125 0.17578125
1 0.5796875 0.703125 0.0796875 0.18671875
1 0.7265625 0.70390625 0.08203125 0.18515625
1 0.88125 0.3515625 0.07890625 0.1765625
1 0.5734375 0.884375 0.08046875 0.1796875
1 0.9921875 0.1859375 0.015625 0.17578125
1 0.80390625 0.52734375 0.08046875 0.178125
1 0.88359375 0.1828125 0.0765625 0.17421875
1 0.88046875 0.53203125 0.0796875 0.17890625
1 0.9484375 0.5328125 0.0796875 0.17578125
1 0.6546875 0.88125 0.08359375 0.17734375
1 0.66484375 0.3453125 0.0765625 0.175
1 0.875 0.70390625 0.07890625 0.1796875
1 0.50546875 0.7015625 0.0765625 0.171875
1 0.496875 0.9859375 0.08125 0.02734375
1 0.9921875 0.35546875 0.015625 0.1875
1 0.73125 0.346875 0.07578125 0.1765625
1 0.728125 0.88828125 0.07890625 0.1875
1 0.653125 0.69921875 0.0796875 0.1890625
1 0.73515625 0.16875 0.07421875 0.17578125
1 0.5015625 0.884375 0.08046875 0.18046875
1 0.5703125 0.984375 0.078125 0.03125
1 0.81015625 0.04453125 0.07421875 0.0890625
1 0.79609375 0.88671875 0.0796875 0.1859375
1 0.584375 0.5234375 0.078125 0.18828125
1 0.990625 0.53515625 0.01875 0.1796875
1 0.9890625 0.709375 0.021875 0.18359375
1 0.51953125 0.346875 0.0796875 0.1796875
1 0.9453125 0.7046875 0.078125 0.18203125
1 0.66328125 0.16875 0.0796875 0.17734375
1 0.646875 0.9859375 0.08125 0.02734375
1 0.94921875 0.88828125 0.0796875 0.18125
1 0.87265625 0.88984375 0.0796875 0.18828125
1 0.52421875 0.1703125 0.08046875 0.1703125
1 0.9875 0.8921875 0.025 0.18359375
1 0.725 0.98828125 0.08125 0.0234375
1 0.95 0.3515625 0.0796875 0.1796875
1 0.8703125 0.98828125 0.078125 0.0234375
1 0.9875 0.98984375 0.025 0.0203125
1 0.946875 0.98828125 0.08125 0.0234375
1 0.53125 0.04453125 0.0828125 0.0890625
1 0.79375 0.98828125 0.08125 0.0234375
1 0.66796875 0.04296875 0.07578125 0.0859375
1 0.7421875 0.04375 0.07421875 0.08671875
1 0.5921875 0.1765625 0.07421875 0.16796875
1 0.59453125 0.046875 0.0796875 0.09296875
1 0.51953125 0.528125 0.084375 0.1828125
1 0.5859375 0.3421875 0.0765625 0.17578125
0 0.53515625 0.57421875 0.025 0.0359375
0 0.68125 0.58125 0.03671875 0.0515625
0 0.7609375 0.40625 0.0265625 0.034375
0 0.990625 0.546875 0.01875 0.0390625
0 0.75546875 0.76328125 0.028125 0.0390625
0 0.528125 0.940625 0.028125 0.03984375
0 0.97265625 0.77109375 0.0234375 0.0328125
0 0.91015625 0.23515625 0.03125 0.0328125