1 0.8179515735750844 0.4122146692529921 0.31548703163466174 0.16080361306150942
1 0.22534096783386576 0.5390079031805592 0.29960736364988405 0.15400797603820102
1 0.8081707138795331 0.5373783603599847 0.31854836463846714 0.15935024046617113
1 0.05172234954398326 0.3033407656090966 0.10344469908796652 0.13178076805616729
1 0.8005253571497313 0.6484249877646464 0.32011086463846716 0.15940480416850206
1 0.18106179684615767 0.9555877679713494 0.2913545118629981 0.06634428493120836
1 0.4800059742224754 0.8944394145284867 0.30598469764227276 0.15735123084752445
1 0.7687382103823109 0.9498882840437822 0.30647017589344294 0.05438992195451675
1 0.1961721436901277 0.8910887583527025 0.3059846976422728 0.15735123084752445
1 0.5183017420541536 0.4140971501005165 0.29817219764227276 0.15707841233586994
1 0.7764034717510174 0.8957910610856242 0.3106085306460784 0.15595242195451675
1 0.19410691939329022 0.7694592950131913 0.3074835306460784 0.1558432945498552
1 0.025379413004680645 0.8914955300370668 0.05075882600936129 0.13888393992586642
1 0.04602612992432535 0.4161135841207509 0.0920522598486507 0.14277283175849825
1 0.035814188707843184 0.6467733070789089 0.07162837741568637 0.13770338584218217
1 0.78761949745418 0.7736978062763006 0.3137971976422726 0.15762404935917865
1 0.5248302677573161 0.29216758639818563 0.3041675296574953 0.1510466671451935
1 0.5033147761230921 0.6478818730586744 0.30110619665368965 0.15250003974053178
1 0.03173684235816472 0.7702653707812397 0.06347368471632944 0.13759425843752063
1 0.5069902158566995 0.5385341549098399 0.30435853064607843 0.15573416714519334
1 0.2249019105332227 0.41576137613871733 0.3154870316346615 0.16080361306150942
1 0.20525927810025837 0.6489285402038678 0.3106085306460784 0.15595242195451675
1 0.4697741283670885 0.954087233040141 0.29916701186299816 0.06661710344286256
1 0.4913493339180267 0.7692211597191634 0.3091733646384672 0.15902285825218598
1 0.03879195007654969 0.5365897752277434 0.07758390015309938 0.1330704495445131
1 0.8221045157801496 0.2911482011041576 0.31360619665368966 0.15293654935917864
0 0.9202581728905124 0.3329686241549828 0.046967841901054186 0.042207347367594836
1 0.23801601726302452 0.3045237757758977 0.31073586463846714 0.15907742195451693
0 0.3726974930055557 0.8092509373939775 0.05497134288963732 0.04716766587924894
0 0.12170792635055352 0.3444717078972156 0.05178267589344295 0.04549603847458741
0 0.3130426031953986 0.684171581040708 0.0581600098858317 0.04883929328391083
0 0.9701069811797387 0.4498088945734029 0.022222509885831698 0.04758432813030104
0 0.9492692632715107 0.6931595904897188 0.017280341901054187 0.041170637023308566