1 0.9448017117798667 0.8771779014042249 0.07711311542376223 0.15376680913596844
1 0.8898959569705432 0.8737939518337662 0.10879962504240907 0.16790455223856365
1 0.9326067243089204 0.5279591514042249 0.11123514427970278 0.19298643939369348
1 0.9588591340280835 0.15453161748302696 0.08228173194383288 0.20450379353213638
1 0.7478622243937384 0.8632359893730086 0.11161709019601887 0.20392393939369322
1 0.9738020877489479 0.04433774593172946 0.052395824502104206 0.062241050429541325
1 0.6679837514355803 0.8619434842846261 0.10978177168436432 0.19602955223856364
1 0.6097395877489479 0.015215606343950036 0.08472222958158007 0.030431212687900073
1 0.9098412806700391 0.03293325644717904 0.08472222958157971 0.05902751922187686
1 0.8951289946425224 0.14954090230873607 0.1131250264936881 0.2024433265488231
1 0.6812425655164294 0.01964361714231306 0.08790179328391083 0.03928723428462612
1 0.7093130680483182 0.4989621274326497 0.10978177168436432 0.19602955223856355
1 0.853291246541439 0.5203757027382774 0.11128970798203355 0.1945489393936933
1 0.7496428798517325 0.12977171415823813 0.11312502649368775 0.2024433265488231
1 0.974945469414779 0.5321652945522485 0.050109061170442004 0.19102114767057934
1 0.8275099303072194 0.03191290479512691 0.0929166754978958 0.06382580959025382
1 0.9112649815653144 0.7012671766189955 0.11150796279135697 0.20079893939369348
1 0.7621478251350762 0.02335345432015707 0.08472222958158007 0.04670690864031414
1 0.6881350164117048 0.6769576526474204 0.11145339908902621 0.19923643939369348
1 0.5121454684032886 0.949161280530296 0.07992560217691817 0.05565685775648745
1 0.6378646539831676 0.49253174299105335 0.1130158990890262 0.19931832654882312
1 0.8225447658635506 0.8726275995043455 0.11225200725639431 0.17744332654882333
1 0.589707473212612 0.9513578663513732 0.08417659255827133 0.0434025192218769
1 0.6680654976377474 0.12465484622498521 0.11167165389834963 0.20548643939369335
1 0.9881324609772584 0.34927422942338604 0.02373507804548325 0.19398901741285454
1 0.9468303765400214 0.338326763344584 0.10633924691995703 0.20416960085908267
1 0.9643564435964723 0.7123407954567597 0.07128711280705531 0.19603619629109836
1 0.6020040873704298 0.8552264948000758 0.11312502649368775 0.20244332654882333
1 0.8143601442797028 0.1451643407979183 0.11792165389834955 0.20581398801421238
1 0.7289286196849314 0.3210484893730088 0.1130158990890262 0.19931832654882314
1 0.6477778234057958 0.305734427862191 0.1098908990890262 0.19915455223856354
1 0.5616741762156862 0.48478452001484634 0.1097817716843645 0.19602955223856355
1 0.6563865417242664 0.9556901622583588 0.07894345553496293 0.027531857756487456
1 0.7856399550716266 0.5106156004088567 0.10816470798203355 0.1943851650834338
1 0.7682590260303517 0.6852814077358029 0.10811014427970278 0.192822665083434
1 0.6108904701325691 0.6614388732487783 0.10800101687504089 0.18969766508343397
1 0.8849975704105709 0.3300882174375984 0.11474209019601886 0.20408771370395282
1 0.8416791678629837 0.7033486550222695 0.11128970798203355 0.1945489393936933
1 0.5253498181331361 0.8341980218238685 0.10843752649368774 0.2021976650834339
1 0.6027033924656042 0.11320941316286992 0.1179762176006804 0.20737648801421238
1 0.8072718744942549 0.3232041316165212 0.11005459019601851 0.20384205223856355
1 0.5450199334720803 0.6578468837642278 0.10967264427970277 0.19290455223856356
1 0.5801265319359834 0.29597432553277037 0.11312502649368775 0.20244332654882308
0 0.5308780771188107 0.7235504488930902 0.029107146641955416 0.02959896879233561
0 0.53967766904411 0.6393425452296171 0.028998019237293705 0.02647396879233561
0 0.6678596557124481 0.2084123705352447 0.029107146641955416 0.029598968792335523
0 0.6362450679635001 0.17719667006027487 0.021458337748947898 0.03387703301668674