0 0.48828125 0.7921875 0.02890625 0.040625
0 0.49296875 0.559375 0.02421875 0.0359375
0 0.4984375 0.38359375 0.03515625 0.04296875
0 0.646875 0.38984375 0.02265625 0.0328125
0 0.65078125 0.26484375 0.02109375 0.0359375
0 0.6375 0.625 0.03203125 0.034375
0 0.7015625 0.93125 0.03203125 0.04375
0 0.771875 0.9796875 0.02421875 0.040625
0 0.70234375 0.98359375 0.02734375 0.02734375
1 0.75 0.871875 0.07265625 0.1734375
1 0.8953125 0.878125 0.0734375 0.184375
1 0.896875 0.69375 0.07265625 0.18515625
1 0.8484375 0.0375 0.071875 0.07421875
1 0.83828125 0.5171875 0.06640625 0.1796875
1 0.7703125 0.03515625 0.071875 0.0703125
1 0.7515625 0.69375 0.071875 0.1796875
1 0.89921875 0.51953125 0.06640625 0.1796875
1 0.909375 0.33828125 0.0703125 0.1828125
1 0.7703125 0.15625 0.06875 0.18515625
1 0.9765625 0.040625 0.046875 0.08125
1 0.55546875 0.15234375 0.07265625 0.1859375
1 0.9734375 0.33984375 0.053125 0.1796875
1 0.696875 0.1546875 0.0703125 0.18125
1 0.82578125 0.8765625 0.0671875 0.1828125
1 0.82890625 0.6921875 0.07421875 0.1875
1 0.915625 0.0390625 0.06875 0.078125
1 0.96875 0.5234375 0.0625 0.1796875
1 0.9140625 0.16171875 0.07265625 0.17578125
1 0.975 0.1640625 0.05 0.171875
1 0.96875 0.7015625 0.0625 0.19140625
1 0.47890625 0.32109375 0.08203125 0.19375
1 0.7 0.0375 0.06875 0.07421875
1 0.959375 0.78515625 0.08125 0.359375
1 0.69375 0.3359375 0.065625 0.190625
1 0.67890625 0.68671875 0.06953125 0.1859375
1 0.9609375 0.521875 0.078125 0.17578125
1 0.4875 0.14375 0.07578125 0.18671875
1 0.8484375 0.15546875 0.071875 0.17421875
1 0.6765625 0.8625 0.078125 0.1890625
1 0.84140625 0.33359375 0.075 0.18515625
1 0.61796875 0.15078125 0.07578125 0.19453125
1 0.68828125 0.50703125 0.07734375 0.1828125
1 0.5640625 0.03125 0.071875 0.0625
1 0.7625 0.515625 0.0734375 0.18203125
1 0.4890625 0.03125 0.071875 0.0625
1 0.634375 0.0328125 0.075 0.065625
1 0.76796875 0.33515625 0.07734375 0.18515625
1 0.55078125 0.321875 0.0734375 0.184375
1 0.62109375 0.32265625 0.07578125 0.1828125
1 0.47109375 0.5015625 0.07578125 0.20390625
1 0.54296875 0.4984375 0.07265625 0.190625
1 0.61796875 0.50390625 0.07890625 0.1796875
1 0.4640625 0.68125 0.07421875 0.190625
1 0.5375 0.68046875 0.0765625 0.18515625
1 0.609375 0.684375 0.0828125 0.18984375
1 0.4609375 0.859375 0.075 0.17890625
1 0.53359375 0.85703125 0.07734375 0.171875
1 0.60390625 0.85703125 0.075 0.17890625
1 0.45546875 0.9734375 0.07734375 0.05234375
1 0.53203125 0.97265625 0.07421875 0.0546875
1 0.6015625 0.975 0.07578125 0.05
1 0.675 0.9765625 0.075 0.046875
1 0.74765625 0.9796875 0.07890625 0.03984375
1 0.81953125 0.9796875 0.07578125 0.03984375
1 0.89140625 0.98046875 0.0765625 0.0390625
1 0.9625 0.98203125 0.075 0.0359375
1 0.9984375 0.984375 0.003125 0.03125
0 0.5515625 0.146875 0.0640625 0.18671875
0 0.84921875 0.76015625 0.0171875 0.03359375
0 0.91328125 0.5328125 0.03359375 0.04140625