1 0.48346135669608187 0.7922106699446738 0.14979890860089 0.2712685696514182
1 0.08869239639978085 0.4652398976705793 0.1466739086008899 0.27110479534115867
1 0.4063378529765374 0.2574362002478272 0.14972613399378396 0.2697060696514182
1 0.19232681864952186 0.481581949909143 0.1466739086008899 0.27110479534115867
1 0.17739113916107055 0.7465551746943723 0.15336055624352504 0.2808073439616777
1 0.08161637447876216 0.8989631224558087 0.08463617328319831 0.11042624491161739
1 0.5170035252262783 0.2741467446844747 0.1437672324222074 0.2756285210308992
1 0.08454866769711783 0.7276613325417169 0.11407973242220748 0.2740726650834338
1 0.16017802212139728 0.9124324802122963 0.12398977171162176 0.11872342378986112
1 0.05168458622731439 0.20611720318850332 0.06178948635114889 0.255745388964152
1 0.47037281347772614 0.9502876843053107 0.12115587014004525 0.0994246313893786
1 0.03694795988201622 0.4586313715512976 0.043330584779572336 0.2610127431025951
1 0.5001414727022977 0.5312255823145743 0.15136140860089 0.27135045680654796
1 0.5638873730310201 0.9644630489592032 0.11850175103345731 0.07107390208159359
1 0.39014788854189797 0.5122122314554917 0.14652835938667827 0.2679797953411587
1 0.604484370344933 0.5460460781307028 0.14369445781510173 0.27406602103089917
1 0.6095548982618076 0.28679058683713005 0.15165250702931346 0.27760045680654793
1 0.5257855581055518 0.094578753390902 0.12032111621110371 0.14035276232447189
1 0.2100065084770554 0.22532530585660826 0.15477750702931328 0.2777642311168075
1 0.06733520326698765 0.04015801051544958 0.0377954065339753 0.07523901741285453
1 0.5764129900706934 0.8134482620973292 0.14703778163641915 0.27891729534115867
1 0.3710876352321291 0.7722932383528966 0.14979890860089 0.2712685696514182
1 0.27857264950015276 0.7604306462002413 0.16593333085063086 0.28302494120271576
1 0.30110454342324344 0.24023101085413384 0.1484547324222075 0.2758741824962884
1 0.10361095926284367 0.2166319793077851 0.15136140860088992 0.27135045680654796
1 0.11446491439185816 0.048083375169342135 0.1226798287837163 0.09059842378986113
1 0.30925087551672864 0.06374707598299624 0.1216267510334573 0.10145403663473138
1 0.2654841062817971 0.9312001696059896 0.1193022717116218 0.11847776232447202
1 0.29674249089926286 0.4979649457252714 0.1465283593866782 0.2679797953411587
1 0.21758991439185812 0.053487927407905755 0.1258048287837163 0.09076219810012065
1 0.42222391046291674 0.07979920115233838 0.12257282092583348 0.12176653663473139
1 0.6179730581055519 0.09941009554355736 0.1214469685684687 0.13105964947960164
1 0.3595979793173264 0.940760537086987 0.12115587014004507 0.11847892582602597
0 0.3534611019430801 0.1595851984388049 0.043390435070022625 0.06150406603337357
0 0.13824067038771418 0.22390224672063966 0.04502570967712845 0.06314845318850333