1 0.13470090970453255 0.8630807079885461 0.06832433674699834 0.10072725334181812
1 0.15983668857314054 0.9456568506524551 0.07622784200867017 0.10238066000954475
1 0.9357672549087361 0.7910355078771876 0.12846549018252773 0.11428177068745349
1 0.5251138071019315 0.8280484432686392 0.16794490514873245 0.12218517735518084
1 0.9479711232963526 0.8658082412078695 0.10405775340729484 0.12363858935390795
1 0.717330670157289 0.9336973645767316 0.1635458314853265 0.10027381468809012
1 0.4380295780074445 0.9838540952816842 0.1529275789250777 0.025201089353907948
1 0.24997657018552394 0.9094279019732738 0.16289338410204496 0.11588063335454421
1 0.6639825311465081 0.44726951591345854 0.16004139988706054 0.1205317706874535
1 0.2719117543440387 0.9638972259707286 0.1632882262518895 0.0690419960216353
1 0.8451070596621802 0.8993758138924595 0.17217737884037304 0.11442722135581747
1 0.3260554098457069 0.712315997294729 0.16445588410204498 0.11589881468808975
1 0.5549825886013754 0.9113512919319122 0.16941639988706053 0.12064085868872639
1 0.6864377149520869 0.8730780379137766 0.17106990514873247 0.12222154002227156
1 0.8534839178793889 0.5599860498886414 0.1662913998870607 0.1206044960216353
1 0.7583372888272544 0.6713240865690955 0.16794490514873228 0.12218517735518084
1 0.650318933452643 0.7898479145846856 0.16629139988706054 0.1206044960216353
1 0.4339372573278104 0.5914484192791389 0.1610578683170294 0.11117495202099903
1 0.7313127862670056 0.5965877159055044 0.16436487884037304 0.11433631468808994
1 0.4176036859423046 0.9418756806174567 0.16565436305535752 0.1096669960216353
1 0.16652151514973101 0.6711744713160461 0.1599503946253887 0.11896927068745348
1 0.7903678098033546 0.7514746632320501 0.1646378946253888 0.11902381468808994
1 0.6938135152909053 0.5165007739099587 0.16160389988706053 0.12054995202099902
1 0.5942979046546222 0.6333621045910489 0.16629139988706054 0.1206044960216353
1 0.9855250602268775 0.6746832545353697 0.02894987954624497 0.11326361600890866
1 0.3645634439759867 0.796300098623502 0.1693253946253887 0.11907835868872638
1 0.2234603018402596 0.8299949406429101 0.1645468893637169 0.11746131468809011
1 0.9684516813159174 0.5975122272040514 0.06309663736816518 0.112046561346272
1 0.183069062222429 0.9821301526495917 0.08784861049510884 0.03381247334499946
1 0.541674891641617 0.4815274319303214 0.16123987884037305 0.11429995202099903
1 0.5600146389401938 0.5548012999284124 0.16601838410204497 0.1159169960216353
1 0.8163758439336345 0.8356042152291867 0.16950740514873236 0.1222033586887263
1 0.5749912517132028 0.9595887972629124 0.15712923151356134 0.07053177068745349
1 0.7644614023061349 0.33352409456559556 0.16758088410204514 0.11593517735518084
1 0.19841552823332348 0.7489812979790009 0.16325740514873238 0.12213063335454458
1 0.4688197625188951 0.6668751332750027 0.1645468893637169 0.11746131468808993
1 0.8185104074266324 0.48299683589277764 0.16914338410204488 0.11595335868872621
1 0.7992984048663837 0.4081695585614593 0.1739218893637169 0.11757040268936261
1 0.14335775995864636 0.5956113973185916 0.158205884102045 0.11582608935390812
1 0.11090011768174493 0.7765801339910914 0.06309080517696727 0.09129770934118149
1 0.25445561270242173 0.4762699566359105 0.15471686305535756 0.10953972668681722
1 0.06930560993041149 0.6261806919955457 0.05711382096198281 0.09591248400699967
1 0.9169948681052679 0.7124656125477782 0.1660102637894642 0.11906017735518085
1 0.492484046649175 0.7510319572724573 0.15856990514873245 0.12207608935390812
1 0.6238481677382147 0.7111962032543218 0.16105786831702956 0.11117495202099903
1 0.9972206943995097 0.7566054165340971 0.005558611200980579 0.1177329400063634
1 0.3906246860128918 0.8679205599538659 0.1664734104104042 0.1237294960216353
1 0.9534945392507772 0.515626427872415 0.0930109214984455 0.11702496268299925
1 0.6426619970162282 0.36308541991568577 0.15793286831702957 0.11113858935390812
1 0.40171702055257724 0.5214631832829568 0.15829688936371683 0.11738858935390813
1 0.29862138360793483 0.6305483766311379 0.16968941567207613 0.12532835868872638
1 0.09155160722898839 0.6994091066597731 0.06501732622365464 0.09756589067472703
1 0.9210600128012437 0.3645366425445965 0.14993835779368575 0.10792268268618095
1 0.2772931442018657 0.5596546213001379 0.1614218893637168 0.11742495202099903
1 0.3882544890531333 0.4379694306174568 0.17419490514873237 0.12225790268936265
1 0.9678524418392609 0.2686150678708241 0.05233531570031076 0.09429544000636332
1 0.9452424234939967 0.44226165320659677 0.10951515301200665 0.10779541335136282
1 0.5149311101421731 0.3981882205999576 0.16142188936371688 0.11742495202099903
1 0.8936182812876824 0.2960593625477782 0.16151289462538862 0.11898745202099903
1 0.11675048635171019 0.5146159359882277 0.17097889988706055 0.12065904002227157
1 0.8865309072854582 0.6307434452180508 0.1613308841020448 0.11586245202099903
0 0.4455859308218071 0.7914484192791388 0.04437162628012441 0.03799089600572714
0 0.8799036627588915 0.409576969883869 0.04602513154179633 0.0395715773392725
0 0.47262948905313334 0.4369876386060028 0.04740562101845249 0.036464758672817864
0 0.9513431071584012 0.763673576543642 0.03784861049510866 0.03323067067154532
0 0.11970597028434597 0.8069670679901367 0.029763094710093262 0.02845226400381797