1 0.0421875 0.921875 0.084375 0.0703125
1 0.040625 0.98046875 0.08125 0.0390625
1 0.384375 0.9421875 0.11640625 0.07578125
1 0.3875 0.98828125 0.13125 0.0234375
1 0.384375 0.87578125 0.1265625 0.07578125
1 0.38125 0.80078125 0.12890625 0.07109375
1 0.8671875 0.96484375 0.121875 0.0703125
1 0.140625 0.98203125 0.1125 0.0359375
1 0.5078125 0.8796875 0.1328125 0.07421875
1 0.26796875 0.9375 0.12734375 0.07890625
1 0.503125 0.953125 0.13203125 0.07421875
1 0.503125 0.98984375 0.125 0.0203125
1 0.1453125 0.8640625 0.1140625 0.07734375
1 0.6265625 0.95625 0.12265625 0.07265625
1 0.50859375 0.80390625 0.14375 0.07109375
1 0.753125 0.99375 0.11875 0.01171875
1 0.265625 0.984375 0.125 0.03125
1 0.35 0.1046875 0.109375 0.06171875
1 0.04375 0.7828125 0.0875 0.07421875
1 0.04375 0.8578125 0.0875 0.07421875
1 0.74375 0.88984375 0.121875 0.07890625
1 0.8671875 0.8234375 0.12578125 0.07265625
1 0.7484375 0.9625 0.121875 0.07421875
1 0.14140625 0.93203125 0.11640625 0.0765625
1 0.89140625 0.13671875 0.1125 0.0671875
1 0.0421875 0.0296875 0.084375 0.05859375
1 0.2671875 0.8703125 0.125 0.07734375
1 0.7828125 0.128125 0.10390625 0.06171875
1 0.9609375 0.96484375 0.078125 0.0703125
1 0.6296875 0.99375 0.128125 0.01171875
1 0.265625 0.79609375 0.1125 0.07265625
1 0.86875 0.8921875 0.11328125 0.07578125
1 0.6296875 0.88203125 0.12109375 0.07421875
1 0.78046875 0.0671875 0.1125 0.0671875
1 0.45703125 0.1109375 0.1078125 0.0640625
1 0.1453125 0.79140625 0.12890625 0.075
1 0.8703125 0.99609375 0.128125 0.0078125
1 0.125 0.09921875 0.1171875 0.0625
1 0.24296875 0.10078125 0.1140625 0.06171875
1 0.67890625 0.12421875 0.10546875 0.0640625
1 0.56953125 0.11640625 0.12109375 0.0640625
1 0.7328125 0.815625 0.12578125 0.07578125
1 0.56796875 0.0515625 0.115625 0.059375
1 0.6734375 0.06015625 0.11171875 0.0640625
1 0.959375 0.8984375 0.08046875 0.0703125
1 0.13046875 0.034375 0.1109375 0.0625
1 0.0390625 0.09375 0.078125 0.0625
1 0.89375 0.07734375 0.10859375 0.0609375
1 0.459375 0.04765625 0.109375 0.0578125
1 0.96171875 0.82734375 0.0765625 0.0734375
1 0.63046875 0.81171875 0.0984375 0.07578125
1 0.23984375 0.03828125 0.1125 0.06640625
1 0.9703125 0.028125 0.059375 0.05546875
1 0.97265625 0.1328125 0.0546875 0.084375
1 0.35390625 0.0421875 0.11484375 0.06640625
1 0.7796875 0.0203125 0.11484375 0.03984375
1 0.671875 0.01640625 0.1125 0.0328125
1 0.88515625 0.025 0.109375 0.04921875
1 0.971875 0.09765625 0.05625 0.0921875
1 0.84296875 0.021875 0.2265625 0.04375
0 0.6890625 0.9859375 0.028125 0.0234375