1 0.66796875 0.10546875 0.07578125 0.2109375
1 0.821875 0.10703125 0.07421875 0.2140625
1 0.80546875 0.65625 0.07109375 0.1828125
1 0.734375 0.65625 0.071875 0.18359375
1 0.99375 0.30859375 0.0125 0.171875
1 0.884375 0.30546875 0.071875 0.18046875
1 0.9921875 0.66015625 0.015625 0.1796875
1 0.88359375 0.659375 0.07578125 0.1828125
1 0.8796875 0.846875 0.075 0.18125
1 0.9515625 0.96484375 0.078125 0.0703125
1 0.809375 0.4765625 0.07265625 0.178125
1 0.99375 0.96484375 0.0125 0.0703125
1 0.9921875 0.48046875 0.015625 0.171875
1 0.884375 0.47734375 0.07109375 0.17890625
1 0.8890625 0.10859375 0.078125 0.2171875
1 0.9625 0.1078125 0.075 0.21484375
1 0.9953125 0.1078125 0.009375 0.21484375
1 0.809375 0.3046875 0.07109375 0.1828125
1 0.96171875 0.3109375 0.0703125 0.18515625
1 0.73984375 0.4765625 0.0796875 0.18359375
1 0.9546875 0.6609375 0.07265625 0.18046875
1 0.9578125 0.846875 0.08125 0.184375
1 0.95859375 0.48046875 0.07421875 0.17578125
1 0.74375 0.29921875 0.075 0.1875
1 0.8765625 0.9609375 0.078125 0.078125
1 0.9921875 0.8421875 0.015625 0.18359375
1 0.803125 0.84375 0.071875 0.18359375
1 0.66640625 0.30390625 0.07734375 0.18125
1 0.803125 0.9625 0.06875 0.07421875
1 0.7421875 0.103125 0.06953125 0.20390625
1 0.521875 0.1078125 0.06875 0.21484375
1 0.59453125 0.109375 0.07265625 0.2125
1 0.5203125 0.303125 0.0703125 0.17109375
1 0.5171875 0.48046875 0.07265625 0.184375
1 0.51484375 0.66015625 0.07265625 0.1734375
1 0.5125 0.84140625 0.06953125 0.1859375
1 0.50625 0.96875 0.06875 0.0625
1 0.59296875 0.30546875 0.07109375 0.1734375
1 0.59140625 0.4828125 0.06640625 0.1796875
1 0.66171875 0.48515625 0.07421875 0.178125
1 0.5890625 0.66171875 0.07109375 0.18359375
1 0.6609375 0.6625 0.07265625 0.17578125
1 0.58515625 0.84140625 0.0703125 0.18203125
1 0.65703125 0.83984375 0.07265625 0.1828125
1 0.5796875 0.96484375 0.071875 0.0703125
1 0.65625 0.96484375 0.075 0.0703125
1 0.73359375 0.840625 0.078125 0.1859375
1 0.73125 0.96484375 0.075 0.0703125
1 0.65625 0.9625 0.075 0.07421875
0 0.68984375 0.3578125 0.0375 0.05390625
0 0.83828125 0.3625 0.03046875 0.040625
0 0.6890625 0.58828125 0.02265625 0.028125
0 0.68671875 0.71640625 0.021875 0.03359375
0 0.76171875 0.59140625 0.0171875 0.03203125
0 0.759375 0.8984375 0.02109375 0.03046875
0 0.9953125 0.81875 0.009375 0.03515625
0 0.61484375 0.115625 0.0328125 0.15625