1 0.32589024493622254 0.9861607332097769 0.15912202885594057 0.027678533580446186
1 0.8843500748806221 0.9499703614170469 0.15045635698624196 0.06299605172143145
1 0.4474949487419049 0.6922322062527531 0.15710815027015243 0.11940974282842376
1 0.8836705178017134 0.9022322658635507 0.16335815027015244 0.11962799763774754
1 0.06263382070427097 0.8047271947351897 0.10672620435383648 0.10672620435383635
1 0.1877826097270125 0.9563616166048885 0.16415675843752053 0.08727676679022309
1 0.7266541698859642 0.7395263908211417 0.16955358656782166 0.11828375244707061
1 0.7215152913001762 0.6626910723094873 0.17262402286549072 0.1168303798517325
1 0.07520325337374303 0.8927728317584982 0.10672620435383648 0.10672620435383635
1 0.45595969085253857 0.9776240361123346 0.14426092068857255 0.04475192777533081
1 0.5956000881274661 0.8413294490811769 0.16955358656782166 0.1182837524470707
1 0.598067834499269 0.9274579220393349 0.16492065027015243 0.1196825613400783
1 0.6008456049176891 0.9722941845683886 0.14933036660488846 0.05541163086322278
1 0.7368252888531055 0.829052682290954 0.16335815027015244 0.11962799763774719
1 0.9550073483790852 0.7185591595102812 0.045679576949174815 0.10147321996293321
1 0.3156174661651 0.7056176052569612 0.15225695916315996 0.11455855172143128
1 0.5755331579050648 0.5871950205880561 0.15371033175849824 0.11148811542376222
1 0.17648798957874495 0.7922768131541768 0.1678819591631599 0.11510418874473985
1 0.187254330871072 0.9939434621583848 0.15372520072563942 0.012113075683230435
1 0.45996763377362965 0.9398438162342195 0.15532739546082902 0.113105179126093
1 0.15961798122604248 0.558591293916883 0.17251489546082904 0.1137053798517325
1 0.8747469295046113 0.7321826606914076 0.160014895460829 0.11326887023308566
1 0.9560911548250217 0.8891171961707702 0.03172620435383635 0.10410714664195524
1 0.9431795040915333 0.4748810813799801 0.08614088584218216 0.09820437622353531
1 0.8805033669834067 0.8137327610542272 0.16179565027015244 0.11957343393541642
1 0.3232935237921631 0.9485788876562807 0.16330358656782157 0.10284222468743849
1 0.5848957450210406 0.6774752802067029 0.14746033175849824 0.1112698606144388
1 0.7437424330479901 0.9665464261732772 0.15218254809323425 0.06690714765344552
1 0.16866310981183055 0.6355630216843644 0.16324902286549076 0.11650299763774737
1 0.43366560563547923 0.5282689099736173 0.1425545769491748 0.10485616950744614
1 0.06040422618505096 0.6464236214142118 0.12080845237010192 0.11234128729346118
1 0.3087648093563436 0.5434623456383143 0.15371033175849824 0.11148811542376222
1 0.18889373114122446 0.8850099501774853 0.1600694591631599 0.11483137023308565
1 0.9420138189749905 0.5530606450823109 0.08323414065150558 0.1043452488188736
1 0.9491690653467935 0.6393528091474614 0.06292164065150559 0.10363592068857255
1 0.44427323422126735 0.6052952014434296 0.15532739546082902 0.113105179126093
1 0.5798783736068286 0.7539559346532065 0.1554365228654909 0.11623017912609299
1 0.45346964103002374 0.7675323066155728 0.152202395460829 0.11299605172143128
1 0.7081918904818696 0.5738369034350134 0.15688989546082902 0.11315974282842393
1 0.46218738740182674 0.8538790343830541 0.144389895460829 0.11272323320977691
1 0.07727169566186196 0.9652901833024442 0.08375993030721936 0.06941963339511155
1 0.3130256903043843 0.7798363552569612 0.15543652286549073 0.11623017912609299
1 0.31387640609096623 0.6210789141499686 0.15203870435383654 0.10830855172143128
1 0.7423634715225776 0.9168527826537737 0.16497521397248338 0.12124506134007831
1 0.17121270173712974 0.7193477446425224 0.17580358656782158 0.11850200725639404
1 0.5671328700634495 0.5141568246717401 0.15532739546082902 0.113105179126093
1 0.31859115482502187 0.8668552056197807 0.160014895460829 0.1132688702330853
1 0.847854591207509 0.5615055729424595 0.15365576805616749 0.10992561542376222
1 0.9552950358578804 0.7999182869149429 0.03932044954451328 0.09812996515360979
1 0.8551338670682247 0.48745051404945217 0.16642858656782167 0.11817462504240908
1 0.8629041831328083 0.6457268055192644 0.13975695916315978 0.11412204210278443
1 0.055758893561912506 0.5717956436467305 0.11151778712382501 0.102966287293461
1 0.7107291026402545 0.5011806534350134 0.1790377139724832 0.12173613466105593
1 0.04556791066862157 0.7297991166048885 0.09113582133724314 0.09998513103285873
0 0.0644269883976186 0.7085788810328587 0.031106156260602265 0.04166171034428636
0 0.003550308217626244 0.5951314507256393 0.007100616435252488 0.030396828130301045
0 0.6327330442954011 0.6963542549789594 0.035302582939624474 0.027762901451278844
0 0.6354463273276929 0.7754514779371174 0.04856647477225664 0.05007441106992587
0 0.6543624745178025 0.9505432471744111 0.04042659255827132 0.04042659255827132
0 0.7713540893934105 0.6018552652305784 0.0402083377489479 0.034176592558271324
0 0.907301513077208 0.5839187754821975 0.035739092558271325 0.040262901451278664
0 0.5378471302302505 0.7032094009879426 0.02765377404661713 0.03217758293962447