0 0.065625 0.10625 0.01875 0.01796875
0 0.0265625 0.259375 0.02109375 0.028125
0 0.3125 0.18984375 0.01953125 0.01796875
0 0.15078125 0.2578125 0.0203125 0.02265625
1 0.025 0.01953125 0.05 0.0390625
1 0.0234375 0.146875 0.046875 0.07421875
1 0.025 0.0796875 0.05 0.07421875
1 0.0234375 0.225 0.046875 0.08203125
1 0.021875 0.2984375 0.04375 0.08203125
1 0.1109375 0.0234375 0.121875 0.046875
1 0.1046875 0.30859375 0.1265625 0.075
1 0.228125 0.3140625 0.125 0.078125
1 0.3515625 0.02734375 0.121875 0.0546875
1 0.4734375 0.24609375 0.1265625 0.07734375
1 0.471875 0.0296875 0.11875 0.05859375
1 0.3578125 0.0953125 0.12578125 0.078125
1 0.47421875 0.0984375 0.121875 0.078125
1 0.1109375 0.0859375 0.1234375 0.07734375
1 0.35859375 0.16484375 0.1265625 0.07734375
1 0.48203125 0.321875 0.134375 0.078125
1 0.47421875 0.16875 0.12265625 0.078125
1 0.109375 0.15703125 0.12578125 0.07890625
1 0.2265625 0.23671875 0.1265625 0.07890625
1 0.10625 0.2328125 0.1265625 0.07890625
1 0.35234375 0.2390625 0.128125 0.0796875
1 0.2296875 0.0234375 0.121875 0.046875
1 0.23125 0.08984375 0.1234375 0.0765625
1 0.34921875 0.3171875 0.12734375 0.078125
1 0.2296875 0.16484375 0.125 0.07734375