1 0.8296875 0.91953125 0.071875 0.1609375
1 0.9671875 0.75625 0.065625 0.16796875
1 0.90234375 0.76015625 0.06953125 0.16484375
1 0.903125 0.91953125 0.075 0.1609375
1 0.96875 0.5875 0.0625 0.16796875
1 0.9671875 0.91953125 0.065625 0.1609375
1 0.83828125 0.75703125 0.06953125 0.16875
1 0.83828125 0.58203125 0.06875 0.17109375
1 0.903125 0.5875 0.06171875 0.16328125
0 0.921875 0.51328125 0.01796875 0.0171875
0 0.91640625 0.540625 0.02265625 0.02578125
0 0.8875 0.584375 0.01171875 0.0140625
0 0.91953125 0.64140625 0.025 0.04765625
0 0.8609375 0.98515625 0.0140625 0.021875