1 0.5890625 0.00390625 0.121875 0.0078125
1 0.340625 0.25 0.1265625 0.07890625
1 0.21875 0.1703125 0.125 0.07734375
1 0.5890625 0.03984375 0.125 0.07734375
1 0.340625 0.1796875 0.11484375 0.07578125
1 0.340625 0.10390625 0.11484375 0.07578125
1 0.590625 0.115625 0.1234375 0.08046875
1 0.3421875 0.03125 0.115625 0.0625
1 0.09765625 0.09765625 0.1234375 0.07734375
1 0.59140625 0.2640625 0.1265625 0.07890625
1 0.59140625 0.19375 0.12578125 0.0796875
1 0.59296875 0.33984375 0.13203125 0.0796875
1 0.0171875 0.1546875 0.034375 0.08203125
1 0.0171875 0.08984375 0.034375 0.078125
1 0.09296875 0.31640625 0.125 0.08125
1 0.01875 0.02734375 0.0375 0.0546875
1 0.0984375 0.02734375 0.121875 0.0546875
1 0.09609375 0.16640625 0.12421875 0.08046875
1 0.340625 0.3296875 0.128125 0.07734375
1 0.215625 0.24921875 0.1234375 0.07890625
1 0.4609375 0.0015625 0.121875 0.003125
1 0.21953125 0.10078125 0.12109375 0.0765625
1 0.21484375 0.32265625 0.128125 0.08046875
1 0.09453125 0.2390625 0.121875 0.07890625
1 0.46640625 0.109375 0.128125 0.07890625
1 0.465625 0.03515625 0.125 0.0703125
1 0.46484375 0.18046875 0.12734375 0.0765625
1 0.45859375 0.334375 0.1265625 0.0796875
1 0.015625 0.3125 0.03125 0.078125
1 0.015625 0.2359375 0.03125 0.08203125
1 0.21875 0.0296875 0.11875 0.05859375
1 0.46015625 0.2578125 0.1265625 0.08125
0 0.41953125 0.20859375 0.028125 0.02578125
0 0.178125 0.1234375 0.021875 0.03359375
0 0.13828125 0.2703125 0.02734375 0.03828125