1 0.15451360978923714 0.7730908522734763 0.11477367349399667 0.2018000535707225
1 0.1807106306947502 0.9274783433450224 0.11444047355046641 0.14247960064862325
1 0.12551489647976574 0.9331340539777596 0.06545694198043531 0.13225912094116268
1 0.045448278868608 0.08210338798729115 0.08525423151356136 0.0701682240254177
1 0.1914132262518895 0.06391467532595921 0.09490224729857691 0.0750193652591197
1 0.17022555489461855 0.38492265056919284 0.11504668927901225 0.2064875535707224
1 0.12484297838861524 0.5859181347408804 0.10861467875566855 0.20325345941492118
1 0.06941973101945118 0.5876675953736173 0.08205217875566853 0.20278980925276535
1 0.31968722860037674 0.359634504060485 0.11495568401734033 0.2049250535707225
1 0.09522961505090899 0.7756897467535891 0.07369364718563745 0.1932784415580137
1 0.12289073940606912 0.06902096103977415 0.08819722099021766 0.06709777110331835
1 0.13871940770898114 0.1930897065755473 0.1164271787556685 0.2033898271096728
1 0.480533723338705 0.35526282954860006 0.12028022084904322 0.21594437418757337
1 0.19474595471109193 0.577659575488115 0.10870568401734038 0.20481595941492117
1 0.25718212543307833 0.9245794399364557 0.10837248407381014 0.14549550649282175
1 0.44015310509226263 0.1721872767886565 0.11660918927901225 0.20651482710967276
1 0.09168332594130597 0.39254996428618505 0.118899731372387 0.2190421006486231
1 0.399829754908736 0.3660560535740177 0.1101771787556685 0.20328073295387145
1 0.023776947171520003 0.20682669845787247 0.034813157708981135 0.19572160308425507
1 0.22662382821920604 0.7624476327122854 0.11192168927901225 0.20643300649282176
1 0.43129039946353753 0.5571077475676633 0.09767717875566855 0.2030625446422686
1 0.3545458889401938 0.55531915097623 0.11264973137238705 0.21893300649282174
1 0.27393292577189676 0.5676748750016476 0.1023646787556685 0.20314436525911966
1 0.24054576017040788 0.3704004545469524 0.1167911998023559 0.2096398271096728
1 0.20981315770898115 0.19184876055330682 0.1136661998023559 0.20958528003177207
1 0.0630214576948637 0.20926985998411393 0.11357519454068407 0.20802278003177213
1 0.5083156310476861 0.5502889573896215 0.11697321032569974 0.2127648271096728
1 0.33425285964806284 0.918541899758414 0.11360601564384121 0.1549523271096728
1 0.41881788943430404 0.036988823864909544 0.09361276308359248 0.07397764772981909
1 0.3466621683734992 0.0439998214309252 0.08258425782192055 0.077926176947517
1 0.540094794018339 0.7468094013832671 0.12589318401734034 0.2051159683433749
1 0.5717073570172269 0.9136150718379623 0.11057202090551303 0.1564602800317722
1 0.45838206243419055 0.7537100121781599 0.10990416297065302 0.19859323295387146
1 0.4899036201714065 0.9189531826328551 0.0991794945971538 0.14845686525911966
1 0.38360957558837006 0.7589253920477763 0.11946117349399668 0.20188187418757336
1 0.4164661201714065 0.920235038963521 0.1085544945971538 0.1486205064928221
1 0.30635683085004195 0.761837932225818 0.11789867349399667 0.20185460064862326
1 0.3644628603539345 0.17507254342774797 0.1082506577089811 0.1970034594149211
1 0.2744154420510225 0.05229929099211601 0.0964647472985769 0.07504663879807008
1 0.28877261561560635 0.17795781006683947 0.11431864718563745 0.19398755357072242
1 0.04223706278712634 0.38950283076312076 0.05007413666229373 0.1897443384737585
0 0.32216269731269437 0.05302994805413064 0.035542657850155465 0.04744774431795715
0 0.1706834972985769 0.0705328681017888 0.04041216837349917 0.050654564934808154
0 0.4333640497741211 0.23017705479183373 0.04179265785015538 0.04755683847375849
0 0.3547763181899725 0.2370231185088259 0.03737817363517104 0.05216251785690744
0 0.3621407681335028 0.29632993466145 0.03343412628012441 0.038045470779006774
0 0.2285077627306566 0.44568682670593096 0.03416216837349921 0.05054547077900686
0 0.4153538572995755 0.6191674168045426 0.03416216837349917 0.05054547077900686
0 0.3355676467621144 0.6322907540604851 0.028564615756780754 0.034838650162155815
0 0.4463972729010644 0.8164827475676633 0.03866765785015538 0.04750229139585791