0 0.20376023623419764 0.7320988700756746 0.03533000494291585 0.024838173916276674
1 0.9538564535923623 0.8318228637242461 0.09228709281527543 0.10152269072219049
1 0.3419035178688592 0.8874787312541006 0.2321996877564411 0.10929538144438097
1 0.7985673533441228 0.916225744142863 0.22913835475263547 0.11073054745199258
1 0.7979996675648481 0.8257280781352518 0.22920202174882967 0.11229304745199223
1 0.14020836668999564 0.9525758547526355 0.20643568380210836 0.08952670950527093
1 0.35618353516906476 0.9623733132507326 0.22831068380210837 0.07525337349853486
1 0.954203963478194 0.9231017797318574 0.09159207304361203 0.09683519072219049
1 0.13345966509339013 0.7869508547526355 0.20707235376405225 0.10515170950527093
1 0.5702195188574424 0.9014616126984819 0.23226335475263546 0.11085788144438098
1 0.573402868667162 0.9664075444862428 0.22843801779449713 0.06718491102751437
1 0.13764709938979008 0.8705764382507326 0.20882585475263546 0.10990287650146513
1 0.5696518330781677 0.8109639466908707 0.23070085475263546 0.11079421444818678
1 0.3354811270329379 0.6150134822426839 0.2168293557412186 0.1149087114824372
1 0.3407455830781677 0.8016367317483922 0.2337621877564411 0.10935904844057553
1 0.9540653478697344 0.9817937584401382 0.09186930426053123 0.03641248311972376
1 0.12175420805957718 0.5953854372621494 0.19957818874502423 0.11264587452429886
1 0.5669539615196183 0.6299049476794538 0.22301568874502423 0.11360087946721471
1 0.7859586295043959 0.6450683271466687 0.22301568874502423 0.11360087946721471
1 0.569243314789379 0.7243725306832595 0.2321996877564411 0.10929538144438115
1 0.3384880633065042 0.7079503987445868 0.22913835475263547 0.1107305474519924
1 0.13110664482743506 0.6909207717488298 0.21038835475263543 0.10996654349765969
1 0.7975274822798649 0.7375741621276406 0.22913835475263547 0.1107305474519924
1 0.9533365180602335 0.6531712817090236 0.09332696387953306 0.10152269072219049
1 0.800124536157648 0.9749296517103362 0.22811968281352507 0.050140696579327584
1 0.9536840279460652 0.7467939477166349 0.09263194410786965 0.10152269072219049