1 0.6324045146801358 0.13230116067241976 0.24860222668681722 0.16137567051050078
1 0.39993691267504505 0.0826409181356516 0.25924882535009014 0.13694888059640906
1 0.4180869286680454 0.03206106399720863 0.2424238573360908 0.03300500904511154
1 0.19491305800445433 0.043007450813654105 0.19607611600890867 0.07586089439121899
1 0.6488647613383179 0.07070191937884703 0.23210452267663584 0.08555679895920329
1 0.8713851986791813 0.1377986454072718 0.22916133601209018 0.10101802464894379
1 0.6069328946928624 0.22465907903521395 0.24226132001909004 0.15323562188998177
1 0.8493834766868172 0.1928612816578904 0.2470033640197265 0.15816878335537105
1 0.9757636160089087 0.2417225848009652 0.048472767982182675 0.12137038896415205
1 0.37898916068586275 0.16118199796383506 0.25795904535327185 0.1603044934412793
1 0.8293896973663166 0.2862870550636387 0.2422795013526354 0.15479812188998174
1 0.9630096246817267 0.33243279398236225 0.07398075063654659 0.12432497060135787
1 0.17222099267981758 0.10584164348670781 0.19683973201781732 0.141485894391219
0 0.481260185351681 0.16029560662483383 0.048946577339272324 0.04628850180902231