1 0.8220074061570829 0.6948711444493387 0.16900979882131964 0.2853621250424091
1 0.7581585392314925 0.9035739556197807 0.16911759517409736 0.19285208876043852
1 0.7232614348424301 0.6710938493513293 0.17525979882131965 0.2855803798517325
1 0.659176178574166 0.8916716671451935 0.17115287385944455 0.216656665709613
1 0.9825721913950346 0.24620300987310087 0.029909624809375403 0.21181051923729372
1 0.9448136989944789 0.45755717212415287 0.0970620636389583 0.2797271947351897
1 0.7862751535916316 0.4160541744864056 0.1704995636389585 0.28229168874473987
1 0.9115238478364578 0.712071057333363 0.14855182845659734 0.27840279691210784
1 0.8849847573151038 0.44139396958441496 0.17206206363895865 0.2823462524470708
1 0.847002833684409 0.9146949940943682 0.1468061840799308 0.17061001181126373
1 0.84296548394809 0.19754227666332386 0.15345622758291677 0.22080855172143127
1 0.9299927052627428 0.2209103439938518 0.1361596248093754 0.21552085099579185