0 0.7932959997455459 0.9798133451326576 0.02921627404661713 0.031413626463433174
0 0.7168426271502076 0.9762429175377563 0.02603671034428636 0.029832945745273776
1 0.6875321277831798 0.8533912248175446 0.15424109981466555 0.21179199375348395
1 0.7625048459320144 0.854608812053366 0.155967290921658 0.21648858411256375
1 0.608953259997165 0.8435571616840238 0.15413197241000381 0.20866699375348396
1 0.5953768549176891 0.9618016049934109 0.1293452488188736 0.07639679001317816
1 0.6341690587233714 0.6585099959929792 0.155967290921658 0.21648858411256383
1 0.7893104265093862 0.6687894867214013 0.155967290921658 0.21648858411256383
1 0.7498188182572003 0.9692737374087723 0.1351041754978958 0.061452525182455274
1 0.8091938182572003 0.9694691801289841 0.1194791754978958 0.061061639742031916
1 0.8798014733366764 0.8521655889843375 0.09130459019601886 0.19892837939029953
1 0.814417097830931 0.48686732103035657 0.15456848202865067 0.221166993753484
1 0.708169553914048 0.6651917880492612 0.15758435462398895 0.21806017447164336
1 0.734920570789089 0.4809349627172962 0.1526240361123346 0.21022040339440445
1 0.9180529854023938 0.6742269413454697 0.11690479092165802 0.2162613251355733
1 0.6734745730665237 0.9628010236113216 0.13554068511654266 0.07439795277735683
1 0.8395484955691949 0.8636525348278072 0.15758435462398887 0.21806017447164336
1 0.9362648159797654 0.4883576190385668 0.10138891832631955 0.21929542154477705
1 0.8696154854023938 0.6739451402140015 0.15903772721932724 0.21494426483072288
1 0.8869642204262693 0.4904150227275588 0.1575843546239888 0.21806017447164333
1 0.6506819800449162 0.47653783332699684 0.15591272721932725 0.21492608411256367