0 0.00625 0.00390625 0.0125 0.0078125
0 0.0140625 0.22109375 0.01953125 0.03203125
0 0.36328125 0.503125 0.01953125 0.0234375
0 0.2796875 0.109375 0.04140625 0.16171875
1 0.05859375 0.79765625 0.07421875 0.1703125
1 0.33515625 0.4484375 0.07109375 0.16875
1 0.13046875 0.79609375 0.07421875 0.17109375
1 0.3328125 0.278125 0.071875 0.16875
1 0.05390625 0.45546875 0.07265625 0.175
1 0.05703125 0.63046875 0.07265625 0.17265625
1 0.0125 0.796875 0.025 0.171875
1 0.3296875 0.1109375 0.0703125 0.17265625
1 0.1203125 0.1125 0.07109375 0.16953125
1 0.0109375 0.27734375 0.021875 0.171875
1 0.196875 0.45234375 0.07109375 0.1734375
1 0.128125 0.62734375 0.071875 0.16953125
1 0.19453125 0.27578125 0.0703125 0.1703125
1 0.009375 0.009375 0.01875 0.01875
1 0.40390625 0.2765625 0.0703125 0.165625
1 0.33984375 0.6234375 0.07265625 0.17109375
1 0.0109375 0.62890625 0.021875 0.171875
1 0.12265625 0.278125 0.07265625 0.16796875
1 0.40625 0.44765625 0.071875 0.16875
1 0.26171875 0.2765625 0.071875 0.17109375
1 0.2 0.62578125 0.07265625 0.1640625
1 0.33984375 0.790625 0.07109375 0.171875
1 0.26875 0.45078125 0.07109375 0.1703125
1 0.396875 0.0078125 0.06875 0.015625
1 0.25859375 0.11015625 0.07109375 0.16875
1 0.27265625 0.62421875 0.07109375 0.1703125
1 0.2546875 0.009375 0.071875 0.01875
1 0.1171875 0.01171875 0.071875 0.0234375
1 0.19453125 0.1109375 0.0703125 0.16875
1 0.0515625 0.009375 0.071875 0.01875
1 0.41015625 0.6203125 0.07265625 0.1703125
1 0.05234375 0.2796875 0.07421875 0.16953125
1 0.0109375 0.109375 0.021875 0.171875
1 0.05 0.11328125 0.071875 0.17265625
1 0.12578125 0.453125 0.071875 0.17265625
1 0.3234375 0.009375 0.071875 0.01875
1 0.20546875 0.94140625 0.0734375 0.1171875
1 0.2734375 0.79140625 0.071875 0.1734375
1 0.0671875 0.94375 0.07109375 0.1125
1 0.41328125 0.7875 0.07109375 0.1734375
1 0.26953125 0.940625 0.0703125 0.11796875
1 0.1875 0.009375 0.06875 0.01875
1 0.0140625 0.9453125 0.028125 0.109375
1 0.20234375 0.8 0.07265625 0.1671875
1 0.3421875 0.940625 0.07109375 0.11875
1 0.0109375 0.4546875 0.021875 0.17578125
1 0.3984375 0.109375 0.06953125 0.17578125
1 0.41484375 0.9390625 0.0703125 0.12109375
1 0.1328125 0.94296875 0.071875 0.1140625