1 0.7196192680797027 0.9106373002858508 0.10680759263643722 0.13016370435383634
1 0.789681715493278 0.9167756836809623 0.10943248746358769 0.11308533175849789
1 0.7502962697290554 0.7683034673462263 0.11827394154108059 0.20236608656782168
1 0.8623513035108615 0.5919096037365628 0.11505801332783534 0.19913195916315996
1 0.6858389646353482 0.7572866109929569 0.11514894154108042 0.20225695916315978
1 0.9346211086045688 0.6026536415781779 0.09787051332783533 0.19853175843752063
1 0.9752199941940123 0.2266169312338917 0.03992162100796719 0.19182540145127883
1 0.8973614863429603 0.7834596974759604 0.09787051332783533 0.19853175843752044
1 0.8209808427694512 0.7798833188901725 0.11818301332783535 0.19924108656782166
1 0.7529454920824412 0.060337199923031215 0.0969324874635877 0.11264882213985135
1 0.7211151673926928 0.18866309656498662 0.11827394154108042 0.20236608656782168
1 0.7606537258516122 0.38551824919739175 0.1118420851145899 0.19589783175849823
1 0.939532546780437 0.2192781463875014 0.11193301332783534 0.19902283175849822
1 0.7294622471635132 0.5723560502858509 0.11831940564770313 0.20392858656782167
1 0.8081377942731546 0.20201377923445868 0.11514894154108042 0.20225695916315986
1 0.793965016363843 0.5818104066391203 0.1167114415410806 0.2023115228654909
1 0.6821566528112163 0.3742112161651 0.1151034774344577 0.20069445916315995
1 0.8316471536026391 0.06461298295532299 0.09188127461060631 0.09998513103285878
1 0.8605708770134758 0.9213242852249085 0.0949608105039836 0.09853175843752063
1 0.9510143013992906 0.414771695661862 0.07769440564770314 0.20250993030721925
1 0.6036629621280657 0.7383034872164922 0.11193301332783498 0.19902283175849825
1 0.6416583702830513 0.5590326494675443 0.11193301332783516 0.19902283175849825
1 0.9020910680923379 0.40633420228528394 0.11831940564770349 0.20392858656782167
1 0.65038353477275 0.902909135039574 0.11208612602253201 0.150639895460829
1 0.8734900096334185 0.20909710373656276 0.1182284774344577 0.20080358656782166
1 0.5668807129859955 0.9027032931142749 0.1107054824490227 0.1568353317584979
1 0.962928245843365 0.08578360010836568 0.06996081050398359 0.09765873920022679
1 0.9068828343231669 0.0807166433922765 0.09367109514371989 0.10785219473518963
1 0.8327416745188287 0.402512287039007 0.11505801332783525 0.19913195916315996
0 0.593186114872775 0.6692087468351391 0.03234113855894449 0.03859127404661713