1 0.16796875 0.325 0.065625 0.15625
1 0.0734375 0.9390625 0.071875 0.12109375
1 0.08671875 0.640625 0.06875 0.1640625
1 0.10390625 0.32109375 0.0671875 0.1546875
1 0.15390625 0.640625 0.0671875 0.1609375
1 0.1015625 0.4765625 0.06484375 0.1640625
1 0.1453125 0.94140625 0.071875 0.1171875
1 0.15234375 0.803125 0.06796875 0.16796875
1 0.028125 0.6265625 0.05625 0.16796875
1 0.1796875 0.16015625 0.06875 0.16796875
1 0.03125 0.478125 0.0625 0.153125
1 0.16171875 0.48125 0.065625 0.1625
1 0.02578125 0.7953125 0.0515625 0.16640625
1 0.08125 0.7921875 0.06875 0.16640625
1 0.1140625 0.16484375 0.0625 0.15546875
1 0.0453125 0.16328125 0.0640625 0.1546875
1 0.121875 0.04765625 0.0671875 0.09453125
1 0.053125 0.04765625 0.06640625 0.09453125
1 0.18515625 0.040625 0.0671875 0.08125
1 0.0234375 0.9375 0.046875 0.125
1 0.0390625 0.32109375 0.0625 0.1609375