1 0.15177850852141664 0.1870871598708453 0.17957049756436802 0.08799540815498567
1 0.13784091923687927 0.015530408617204061 0.18615568831160273 0.017910228688099057
1 0.020803423701106123 0.02753396661390515 0.04078864123370204 0.010557066772189708
1 0.3328648672877146 0.1724383235026143 0.18891822402541764 0.0867056927947217
1 0.027707988635914282 0.06485211018741442 0.054488676947517 0.07967077962517115
1 0.13998980032431158 0.04907869451058138 0.182613676947517 0.083398836368231
1 0.3320000223211344 0.037605817003298916 0.19511367694751697 0.07521163400659783
1 0.1505648360381265 0.1175559098708453 0.1796250446422687 0.09112040815498564
1 0.3300886948044245 0.10295253760923698 0.1952500446422687 0.09157504922121244
1 0.032046661119204414 0.13429243197416904 0.06076595048646734 0.0814151360516619
1 0.14131925892186317 0.9760731035234969 0.17727161201270886 0.04576244404836309
1 0.03326033360249454 0.20382368197416906 0.060738676947517 0.0798526360516619
1 0.3099874383050122 0.9664754800082473 0.17743525324641088 0.05513744404836274
1 0.4871266367628846 0.9495965539065729 0.18565685633066592 0.07880226458147632
1 0.049913008921863164 0.9787327537609236 0.019459112012708845 0.04117056927947225
1 0.8392794719902323 0.9284068978631584 0.18250458279171572 0.07714883636823089
1 0.6620993632239343 0.9429420739648326 0.18094208279171548 0.07710337226160817
1 0.9648723924482226 0.910434484693608 0.07025521510355474 0.0821880258642473