1 0.96875 0.8828125 0.0625 0.1796875
1 0.53671875 0.69375 0.078125 0.18125
1 0.6984375 0.03125 0.078125 0.0625
1 0.5484375 0.15234375 0.07890625 0.1859375
1 0.90078125 0.8859375 0.07890625 0.18203125
1 0.84375 0.33515625 0.078125 0.18125
1 0.68515625 0.51796875 0.07890625 0.18203125
1 0.7625 0.51484375 0.07890625 0.18359375
1 0.540625 0.51640625 0.0796875 0.18515625
1 0.975 0.1640625 0.05 0.1796875
1 0.7671875 0.334375 0.0796875 0.184375
1 0.978125 0.03515625 0.04375 0.0703125
1 0.7734375 0.0328125 0.078125 0.065625
1 0.9109375 0.34140625 0.07734375 0.18203125
1 0.91640625 0.16328125 0.0765625 0.18125
1 0.625 0.15859375 0.078125 0.18125
1 0.84765625 0.1609375 0.07890625 0.1796875
1 0.46015625 0.69375 0.07734375 0.18203125
1 0.61328125 0.696875 0.078125 0.184375
1 0.61015625 0.51640625 0.078125 0.1828125
1 0.77109375 0.159375 0.07890625 0.1796875
1 0.69453125 0.15 0.07890625 0.18125
1 0.8484375 0.03515625 0.078125 0.0703125
1 0.69140625 0.33359375 0.0765625 0.18515625
1 0.8390625 0.515625 0.078125 0.184375
1 0.53359375 0.88203125 0.0796875 0.1796875
1 0.75546875 0.88203125 0.07890625 0.18125
1 0.61484375 0.3328125 0.0796875 0.17890625
1 0.628125 0.0328125 0.08125 0.065625
1 0.68125 0.69609375 0.078125 0.18125
1 0.90625 0.5234375 0.078125 0.18046875
1 0.9171875 0.0375 0.078125 0.07421875
1 0.9734375 0.33984375 0.053125 0.1796875
1 0.61015625 0.88125 0.0796875 0.17734375
1 0.46484375 0.515625 0.0765625 0.184375
1 0.5515625 0.03125 0.078125 0.0625
1 0.54453125 0.33515625 0.08125 0.17421875
1 0.971875 0.521875 0.05625 0.18359375
1 0.83203125 0.8828125 0.07890625 0.18203125
1 0.83515625 0.70078125 0.0796875 0.1796875
1 0.9703125 0.709375 0.059375 0.17578125
1 0.759375 0.69765625 0.078125 0.18359375
1 0.4859375 0.03125 0.078125 0.0625
1 0.68203125 0.88125 0.0765625 0.1734375
1 0.45703125 0.87890625 0.07734375 0.1875
1 0.90390625 0.7015625 0.07890625 0.184375
1 0.47421875 0.15 0.0765625 0.18828125
1 0.46953125 0.334375 0.075 0.17890625
0 0.57578125 0.02890625 0.02578125 0.02734375
0 0.56796875 0.396875 0.0265625 0.02890625
0 0.784375 0.63203125 0.025 0.03125
0 0.63984375 0.63203125 0.025 0.0265625
0 0.55859375 0.9421875 0.021875 0.0234375
1 0.75546875 0.98671875 0.0796875 0.025
0 0.70390625 0.8078125 0.025 0.03046875
1 0.534375 0.9859375 0.0796875 0.02734375
1 0.8296875 0.98671875 0.08046875 0.025
0 0.57578125 0.08515625 0.02421875 0.028125
1 0.60625 0.984375 0.0828125 0.02890625
1 0.8984375 0.9890625 0.08203125 0.0203125
1 0.67890625 0.98359375 0.078125 0.03046875
0 0.79296875 0.22421875 0.02578125 0.0328125
1 0.965625 0.9859375 0.06875 0.01953125
0 0.653125 0.034375 0.025 0.02734375
1 0.45703125 0.98515625 0.07578125 0.028125
0 0.5078125 0.03046875 0.0234375 0.0265625
0 0.4859375 0.75859375 0.02578125 0.03125
0 0.45625 0.83828125 0.04140625 0.0484375
0 0.9265625 0.95078125 0.03515625 0.03984375
0 0.80078125 0.91796875 0.0390625 0.0453125