1 0.375 0.046875 0.06875 0.09375
1 0.0046875 0.040625 0.009375 0.08125
1 0.24375 0.16953125 0.06796875 0.1609375
1 0.17890625 0.1703125 0.06796875 0.165625
1 0.003125 0.49609375 0.00625 0.1640625
1 0.321875 0.66484375 0.06953125 0.16328125
1 0.24765625 0.66640625 0.07109375 0.16796875
1 0.17265625 0.04453125 0.0703125 0.0890625
1 0.040625 0.5 0.07109375 0.165625
1 0.00625 0.1703125 0.0125 0.16015625
1 0.0015625 0.6625 0.003125 0.16796875
1 0.24921875 0.83203125 0.0703125 0.1703125
1 0.38515625 0.6671875 0.07265625 0.16796875
1 0.04140625 0.66171875 0.07265625 0.16328125
1 0.246875 0.4953125 0.0703125 0.1671875
1 0.1765625 0.66484375 0.0703125 0.1703125
1 0.38203125 0.17421875 0.06953125 0.16796875
1 0.32265625 0.83671875 0.0703125 0.1703125
1 0.3234375 0.95859375 0.071875 0.0828125
1 0.31953125 0.49921875 0.0671875 0.1703125
1 0.10859375 0.17265625 0.06875 0.1640625
1 0.03984375 0.17109375 0.06953125 0.1640625
1 0.0421875 0.95859375 0.071875 0.0828125
1 0.38046875 0.5 0.07109375 0.17265625
1 0.246875 0.33359375 0.06875 0.165625
1 0.18125 0.334375 0.0703125 0.1671875
1 0.44765625 0.17734375 0.06953125 0.165625
1 0.1203125 0.665625 0.08359375 0.16953125
1 0.2484375 0.95859375 0.071875 0.0828125
1 0.109375 0.0421875 0.07421875 0.084375
1 0.18203125 0.49375 0.0703125 0.165625
1 0.38515625 0.840625 0.07265625 0.1734375
1 0.003125 0.9625 0.00625 0.07421875
1 0.0453125 0.33203125 0.0703125 0.165625
1 0.03828125 0.0421875 0.07109375 0.08359375
1 0.240625 0.04609375 0.06796875 0.09140625
1 0.1140625 0.9625 0.071875 0.07421875
1 0.3890625 0.9625 0.071875 0.07421875
1 0.37890625 0.3296875 0.06953125 0.16328125
1 0.45390625 0.5015625 0.06875 0.17109375
1 0.45625 0.8375 0.06953125 0.171875
1 0.45078125 0.33671875 0.06953125 0.1671875
1 0.1125 0.83828125 0.0734375 0.171875
1 0.1859375 0.8359375 0.0703125 0.1703125
1 0.4546875 0.66953125 0.0703125 0.16796875
1 0.1765625 0.95703125 0.071875 0.0859375
1 0.11875 0.49609375 0.08515625 0.1671875
1 0.0046875 0.328125 0.009375 0.1640625
1 0.44453125 0.04765625 0.06796875 0.0953125
1 0.31875 0.32890625 0.06953125 0.16484375
1 0.45625 0.9609375 0.06875 0.078125
1 0.11015625 0.33359375 0.06875 0.165625
1 0.0421875 0.8375 0.084375 0.17578125
1 0.0046875 0.834375 0.009375 0.17578125
1 0.3140625 0.1796875 0.06796875 0.16171875
1 0.3125 0.04765625 0.075 0.09453125
0 0.13671875 0.93828125 0.02578125 0.0375
0 0.2078125 0.51484375 0.0171875 0.01875
0 0.0015625 0.6 0.003125 0.02734375
0 0.06953125 0.7703125 0.01796875 0.02578125
0 0.41328125 0.771875 0.01484375 0.02578125