1 0.7328125 0.83359375 0.0953125 0.22578125
1 0.64609375 0.83046875 0.09453125 0.225
1 0.55859375 0.82578125 0.09765625 0.228125
1 0.98125 0.9765625 0.0375 0.046875
1 0.84453125 0.3921875 0.09453125 0.2203125
1 0.74296875 0.38828125 0.096875 0.21796875
1 0.55 0.96875 0.09375 0.0625
1 0.6578125 0.38359375 0.090625 0.21640625
1 0.8484375 0.17421875 0.0921875 0.21953125
1 0.9109375 0.97421875 0.090625 0.0515625
1 0.75 0.165625 0.09140625 0.2203125
1 0.934375 0.1796875 0.09453125 0.21875
1 0.83984375 0.609375 0.09609375 0.225
1 0.7375 0.60625 0.09453125 0.22578125
1 0.56796875 0.6 0.0921875 0.22578125
1 0.9859375 0.8421875 0.028125 0.22265625
1 0.65234375 0.6046875 0.09609375 0.2265625
1 0.4484375 0.96640625 0.096875 0.0671875
1 0.6390625 0.96875 0.096875 0.0625
1 0.4578125 0.8203125 0.09140625 0.2265625
1 0.5734375 0.37890625 0.0921875 0.2171875
1 0.85390625 0.02890625 0.096875 0.05703125
1 0.92421875 0.61484375 0.09609375 0.22265625
1 0.7234375 0.9703125 0.096875 0.05859375
1 0.83359375 0.8375 0.09765625 0.225
1 0.990625 0.03125 0.01875 0.0625
1 0.94296875 0.0296875 0.0890625 0.059375
1 0.9890625 0.61875 0.021875 0.22265625
1 0.9921875 0.18125 0.015625 0.22265625
1 0.58203125 0.1578125 0.09765625 0.21953125
1 0.93046875 0.39375 0.0921875 0.21953125
1 0.6671875 0.16171875 0.09296875 0.221875
1 0.825 0.97265625 0.09375 0.0546875
1 0.7640625 0.025 0.096875 0.05
1 0.91796875 0.840625 0.09375 0.22578125
1 0.46640625 0.5984375 0.0921875 0.225
1 0.9890625 0.3984375 0.021875 0.21875
1 0.4828125 0.13984375 0.09140625 0.21171875
1 0.4734375 0.3734375 0.09453125 0.21953125
1 0.66953125 0.0234375 0.09453125 0.04609375
1 0.575 0.02265625 0.0953125 0.0453125
1 0.49140625 0.02109375 0.09296875 0.0421875
0 0.48984375 0.89296875 0.0265625 0.040625
0 0.63046875 0.790625 0.05234375 0.04765625