1 0.860387012394836 0.18374548394594187 0.13096924063022614 0.22710913387576942
1 0.7325291362259905 0.4130345935114518 0.1294067406302261 0.22702724672063965
1 0.8115110916356258 0.7986202114447046 0.12467378883482816 0.21896908525525055
1 0.8540899979568966 0.5948877018337663 0.12784424063022612 0.2269453595655099
1 0.8975319675098838 0.3770517486452629 0.1294067406302261 0.22702724672063965
1 0.8951866548673424 0.7801767486452629 0.12777151775758924 0.21444535956551009
1 0.6915142925472612 0.21368304669995503 0.1293976502711464 0.22546474672063965
1 0.8138654946372469 0.3939327114447046 0.129388559912067 0.22390224672063966
1 0.8816812711754348 0.03825143600279137 0.09288745764913031 0.07650287200558274
1 0.7719814799047198 0.6124680274780782 0.12626355991206709 0.22373847241038014
1 0.7759301991631193 0.2022298903229484 0.13096924063022614 0.22710913387576942
1 0.8230420693800365 0.04811111488103517 0.13204086123992687 0.09622222976207034
1 0.6557636657892404 0.06807613410291202 0.12909766842151918 0.13615226820582405
1 0.9213654190106944 0.17352063489588151 0.10286242134838516 0.22876016508343383
1 0.9346496515476928 0.575045513344584 0.12468287919390768 0.22053158525525038
1 0.7386261627641784 0.05735331806953847 0.13212267447164336 0.11470663613907695
1 0.9546480132785987 0.7622212867503324 0.08243174668035032 0.20738313206674697
1 0.9546223048439014 0.36390661748302694 0.08713742739850971 0.21075379353213633
1 0.9745388533430909 0.5651448908887753 0.044977198475748284 0.21323034034363317