1 0.2627993672490702 0.730361365897088 0.14379284946188076 0.10885045680654795
1 0.1250596186968123 0.7787468769783643 0.1421575748547749 0.10720606965141818
1 0.4553163912370035 0.9706754274079057 0.14128427956950457 0.05864914518418871
1 0.24627964723285958 0.7991965750784852 0.13256425103345731 0.10202724672063965
1 0.22797910339533134 0.8726373971047524 0.13256425103345731 0.10202724672063965
1 0.4739615374318967 0.9215540111928181 0.14074062406898663 0.11024918249628826
1 0.21216785877201483 0.9430760498637145 0.12885705417661042 0.08936347241038049
1 0.029790083955512008 0.8196850582314574 0.059580167911024016 0.10499511646291496
1 0.5096358258927414 0.7777564235627186 0.1437928494618806 0.10885045680654777
1 0.4931524931800837 0.8458103827441157 0.14223034946188057 0.10876856965141819
1 0.5294988697302696 0.7043974886915809 0.14855312406898663 0.11065861827193721
1 0.0543791691493691 0.6050836476705793 0.1087583382987382 0.11016729534115868
1 0.020085444170759716 0.8888068724558087 0.04017088834151943 0.0807387449116174
1 0.03764112531184087 0.7528251068519765 0.07528225062368174 0.10877521370395282
1 0.28128184760436314 0.6530142938708206 0.14535534946188075 0.1089323439616777
1 0.14041709905210514 0.7012360306418376 0.1405950748547749 0.10712418249628826
1 0.32066740943396865 0.9923999412027158 0.12154966832079958 0.015200117594568496
1 0.1093939232877075 0.8460605297373265 0.138959800247669 0.10547979534115867
1 0.15708236828252756 0.6292758214604405 0.14550089867609245 0.1120573439616777
1 0.04474730397172266 0.6812367118949305 0.08949460794344533 0.10622342378986112
1 0.3513245581100611 0.8978974259375677 0.14535534946188075 0.1089323439616777
1 0.33309678887963867 0.9600599533578453 0.1402312018192456 0.07988009328430934
1 0.36709941542982466 0.8282400231786058 0.1452825748547749 0.1073698439616777
1 0.3976324396226457 0.677124580505552 0.14386562406898654 0.11041295680654795
1 0.09209295327149684 0.9148547953411587 0.13190927956950457 0.08796474672063966
1 0.38082162117801166 0.7522097896869491 0.14393839867609248 0.11197545680654777
0 0.3297471186968123 0.789474094300362 0.03419521753501131 0.03140713025772488
0 0.0748391408227188 0.8144896251693421 0.029871590570540583 0.03897396879233561
0 0.07021591501553989 0.661531721505869 0.036412688998963993 0.04555151741285464