1 0.9625 0.50390625 0.075 0.1875
1 0.615625 0.13984375 0.075 0.175
1 0.54375 0.025 0.075 0.05
1 0.825 0.51171875 0.07578125 0.1796875
1 0.74453125 0.84609375 0.07421875 0.13359375
1 0.81875 0.84375 0.0765625 0.13515625
1 0.459375 0.50390625 0.075 0.178125
1 0.89140625 0.50546875 0.07421875 0.1796875
1 0.7515625 0.51015625 0.075 0.178125
1 0.61875 0.02734375 0.075 0.0546875
1 0.9609375 0.6875 0.078125 0.1796875
1 0.746875 0.68359375 0.07578125 0.1796875
1 0.9 0.0296875 0.075 0.05859375
1 0.8984375 0.14375 0.07421875 0.17421875
1 0.67734375 0.50546875 0.07734375 0.19609375
1 0.6734375 0.68359375 0.07578125 0.1796875
1 0.5375 0.32421875 0.078125 0.190625
1 0.8859375 0.84609375 0.07578125 0.1359375
1 0.9671875 0.03125 0.065625 0.0625
1 0.8328125 0.1421875 0.0765625 0.1765625
1 0.59921875 0.68515625 0.07734375 0.178125
1 0.66953125 0.8609375 0.07578125 0.16484375
1 0.82890625 0.3234375 0.07578125 0.18359375
1 0.759375 0.0296875 0.075 0.05859375
1 0.815625 0.68359375 0.075 0.17890625
1 0.6828125 0.1390625 0.07578125 0.178125
1 0.684375 0.02734375 0.075 0.0546875
1 0.89453125 0.32421875 0.07578125 0.1796875
1 0.75546875 0.321875 0.075 0.1828125
1 0.965625 0.32421875 0.06875 0.1796875
1 0.8875 0.68671875 0.07578125 0.17734375
1 0.6046875 0.5046875 0.0765625 0.178125
1 0.53359375 0.5046875 0.07734375 0.178125
1 0.5296875 0.85234375 0.07421875 0.15546875
1 0.6125 0.3234375 0.0765625 0.18359375
1 0.5953125 0.8671875 0.0765625 0.18125
1 0.7578125 0.1390625 0.07578125 0.17890625
1 0.53046875 0.6828125 0.07890625 0.17734375
1 0.96015625 0.85078125 0.0765625 0.1359375
1 0.965625 0.14453125 0.06875 0.1796875
1 0.9953125 0.865625 0.009375 0.16796875
1 0.9953125 0.6875 0.009375 0.1796875
1 0.4671875 0.13515625 0.07265625 0.175
1 0.471875 0.02734375 0.075 0.0546875
1 0.68046875 0.31953125 0.0765625 0.17890625
1 0.4640625 0.321875 0.075 0.190625
1 0.834375 0.0296875 0.075 0.05859375
1 0.81875 0.9359375 0.07578125 0.04765625
1 0.54453125 0.1359375 0.0734375 0.1765625
1 0.45546875 0.85703125 0.078125 0.1578125
1 0.996875 0.9765625 0.00625 0.046875
1 0.96171875 0.93515625 0.071875 0.04765625
1 0.8890625 0.93515625 0.07265625 0.04765625
1 0.74296875 0.93515625 0.075 0.0453125
1 0.58984375 0.9765625 0.075 0.04453125
1 0.52578125 0.975 0.078125 0.046875
1 0.81796875 0.9765625 0.078125 0.04375
1 0.88359375 0.97734375 0.078125 0.0421875
1 0.45859375 0.68828125 0.07421875 0.1796875
1 0.66484375 0.975 0.08046875 0.04765625
1 0.9546875 0.978125 0.07421875 0.04375
1 0.740625 0.97421875 0.075 0.0515625
1 0.45234375 0.978125 0.0703125 0.04375
0 0.48671875 0.43359375 0.021875 0.02578125
0 0.48046875 0.6171875 0.0234375 0.02421875
0 0.54296875 0.13203125 0.04375 0.1703125
0 0.52265625 0.8484375 0.05 0.14921875
0 0.6328125 0.246875 0.03515625 0.03203125
0 0.775 0.440625 0.01875 0.04296875
0 0.5609375 0.375 0.02890625 0.0515625
0 0.775 0.6171875 0.015625 0.04296875