0 0.065625 0.390625 0.02265625 0.0265625
0 0.00625 0.94140625 0.0125 0.0234375
0 0.06328125 0.2296875 0.01796875 0.0234375
1 0.10859375 0.5 0.0703125 0.1625
1 0.0328125 0.171875 0.065625 0.1640625
1 0.37578125 0.49921875 0.0703125 0.16328125
1 0.1125 0.9609375 0.06875 0.078125
1 0.003125 0.5 0.00625 0.1640625
1 0.11171875 0.67109375 0.07109375 0.16953125
1 0.38046875 0.66875 0.06875 0.16875
1 0.10234375 0.175 0.0703125 0.1640625
1 0.1796875 0.9609375 0.071875 0.078125
1 0.10546875 0.3421875 0.07109375 0.159375
1 0.17421875 0.340625 0.06953125 0.1609375
1 0.171875 0.5015625 0.07109375 0.1640625
1 0.31875 0.9609375 0.06875 0.078125
1 0.31484375 0.50234375 0.071875 0.16796875
1 0.0421875 0.8359375 0.0734375 0.16875
1 0.30625 0.178125 0.0703125 0.1671875
1 0.0046875 0.834375 0.009375 0.16796875
1 0.3109375 0.33984375 0.06953125 0.159375
1 0.24609375 0.83515625 0.071875 0.17109375
1 0.0015625 0.33984375 0.003125 0.1640625
1 0.17421875 0.6703125 0.07109375 0.16484375
1 0.04296875 0.50078125 0.07109375 0.1625
1 0.04609375 0.67109375 0.0703125 0.171875
1 0.3203125 0.83515625 0.071875 0.17265625
1 0.1125 0.83671875 0.06875 0.16875
1 0.24140625 0.50234375 0.06953125 0.16640625
1 0.003125 0.66796875 0.00625 0.1640625
1 0.384375 0.840625 0.06953125 0.1703125
1 0.171875 0.1765625 0.06796875 0.16328125
1 0.0328125 0.3421875 0.065625 0.16015625
1 0.3734375 0.1796875 0.06640625 0.16015625
1 0.315625 0.6703125 0.0703125 0.1671875
1 0.2484375 0.9609375 0.071875 0.078125
1 0.24375 0.66875 0.07109375 0.16640625
1 0.17734375 0.84140625 0.07265625 0.17109375
1 0.23828125 0.3421875 0.0703125 0.1609375
1 0.3 0.0453125 0.06875 0.08984375
1 0.371875 0.340625 0.06796875 0.1609375
1 0.0484375 0.9609375 0.071875 0.078125
1 0.00625 0.9609375 0.0125 0.078125
1 0.390625 0.95859375 0.06875 0.0828125
1 0.09921875 0.0453125 0.06953125 0.090625
1 0.3703125 0.0484375 0.06484375 0.096875
1 0.23671875 0.1828125 0.06953125 0.16640625
1 0.23125 0.0453125 0.06875 0.08984375
1 0.16875 0.04609375 0.065625 0.0921875
1 0.0328125 0.0453125 0.065625 0.08984375
1 0.36796875 0.134375 0.06640625 0.06875