1 0.010218248185901464 0.13308525693385417 0.020436496371802927 0.09429551386770836
1 0.7782862019067658 0.08066561179468815 0.24030259618646851 0.13049150626826408
1 0.017584314883457207 0.2137540286853472 0.035168629766914414 0.11500805737069444
1 0.14054561052962072 0.18466855357097234 0.23130954210278448 0.14121080072118075
1 0.026349190474020383 0.29367791802802085 0.05269838094804077 0.11548083605604172
1 0.34422617123672666 0.15109690662885444 0.23766866950744614 0.14448127108590297
1 0.5621056411996598 0.11394631800736159 0.23443454210278442 0.14128353590354187
1 0.1206993911996598 0.10367247349885426 0.23523315027015243 0.11944490349472243
1 0.37569688212916713 0.3246259788171878 0.23750497840045356 0.13979377108590302
1 0.32440723375793123 0.06931957655673639 0.23523315027015243 0.11944490349472241
1 0.1517435161572508 0.26702711189159734 0.2343799784004536 0.13972103590354185
1 0.7612003948278568 0.03257295070052147 0.22759921034428637 0.03496080072118074
1 0.7951165486413885 0.1584639566844451 0.23766866950744614 0.144481271085903
1 0.5439756892928941 0.05097353932201434 0.23704862141421187 0.08201763867708353
1 0.3585490768643568 0.2335282001318406 0.23761410580511538 0.14291877108590295
1 0.5943576020921002 0.2874935739912853 0.2358879146981227 0.13819490349472244
1 0.5764285468272898 0.19637761151034772 0.24079366950744613 0.14455400626826406
1 0.8311110684268364 0.33678963164632014 0.23750497840045376 0.1397937710859029
1 0.39537941035213553 0.41030955888930587 0.235778787293461 0.13506990349472242
1 0.8114285402038679 0.25110605157420207 0.24073910580511537 0.14299150626826407
1 0.6124503484639032 0.3739220364722228 0.23750497840045348 0.13979377108590302
1 0.16808278957089573 0.3588879567813543 0.23432541469812276 0.13815853590354177
1 0.035731624957590996 0.38143249116628475 0.07146324991518199 0.1128649823325695
1 0.04503221388766532 0.47387456430454866 0.09006442777533064 0.11024912860909737
1 0.18771075409153323 0.44613403685347236 0.23572422359113018 0.13350740349472243
0 0.6719369981859014 0.05864318179882001 0.06564484736759475 0.04680357123840284
0 0.2589582715147284 0.465775696047778 0.057450401451278846 0.03568423328249999