1 0.8484375 0.8421875 0.07109375 0.16875
1 0.65 0.671875 0.07109375 0.16640625
1 0.846875 0.9609375 0.06875 0.078125
1 0.76875 0.96484375 0.06875 0.0703125
1 0.72109375 0.50390625 0.06953125 0.1671875
1 0.72890625 0.3453125 0.071875 0.1640625
1 0.7703125 0.8453125 0.0734375 0.17265625
1 0.9796875 0.35546875 0.040625 0.1640625
1 0.79375 0.3453125 0.06796875 0.1609375
1 0.915625 0.84921875 0.06875 0.16796875
1 0.715625 0.6734375 0.075 0.16953125
1 0.971875 0.96484375 0.05625 0.0703125
1 0.978125 0.51953125 0.04375 0.1640625
1 0.85703125 0.515625 0.06875 0.1640625
1 0.9203125 0.51328125 0.071875 0.16328125
1 0.6546875 0.509375 0.071875 0.16875
1 0.7828125 0.50546875 0.0703125 0.16875
1 0.98125 0.19375 0.0375 0.16015625
1 0.6984375 0.9609375 0.071875 0.078125
1 0.79453125 0.1875 0.06796875 0.1609375
1 0.9078125 0.9625 0.071875 0.07421875
1 0.96875 0.853125 0.0625 0.16796875
1 0.9296875 0.1953125 0.06953125 0.1625
1 0.64375 0.83359375 0.06953125 0.17421875
1 0.70703125 0.84140625 0.06953125 0.16875
1 0.85703125 0.6765625 0.07109375 0.1671875
1 0.91640625 0.68046875 0.06953125 0.16484375
1 0.7984375 0.0515625 0.0703125 0.103125
1 0.98125 0.0546875 0.0375 0.109375
1 0.77734375 0.675 0.071875 0.16953125
1 0.9265625 0.346875 0.06953125 0.1640625
1 0.86875 0.1921875 0.071875 0.16328125
1 0.6375 0.9609375 0.06875 0.078125
1 0.865625 0.34453125 0.0765625 0.1640625
1 0.7328125 0.18671875 0.06796875 0.1609375
1 0.978125 0.6796875 0.04375 0.1640625
1 0.66640625 0.0484375 0.07109375 0.096875
1 0.73515625 0.05 0.0734375 0.1
1 0.66484375 0.17734375 0.06875 0.16484375
1 0.93046875 0.053125 0.0703125 0.10625
1 0.86875 0.053125 0.06953125 0.10625
1 0.65859375 0.3421875 0.06875 0.1625
0 0.80234375 0.7796875 0.02421875 0.0359375
0 0.66015625 0.93671875 0.02578125 0.02890625
0 0.934375 0.784375 0.02578125 0.0390625
0 0.825 0.125 0.021875 0.03125
0 0.69609375 0.0734375 0.02265625 0.0328125
0 0.8203125 0.2875 0.0203125 0.0328125