1 0.7106722484403555 0.9083506031884087 0.3012400961864685 0.13536710344286257
1 0.41433787394610067 0.5534101651614589 0.2934821598887993 0.13665678493120836
1 0.4193428655933982 0.7863317925661206 0.29364585099579193 0.14134428493120837
1 0.41818464807753586 0.9099602655242787 0.295153787293461 0.13983634863353914
1 0.41562513246843913 0.9710614566312712 0.2885912740466171 0.0412897212288776
1 0.7098364016209148 0.6604215346767542 0.2996775961864685 0.13531253974053178
1 0.9222545229503087 0.9042632707969382 0.1554909540993826 0.134618080577372
1 0.7106225969042587 0.5485390935697618 0.30134922359113003 0.13849210344286256
1 0.14763152358328097 0.5541195264088697 0.2607242235911302 0.13707344718226047
1 0.415059614960426 0.6636755425661207 0.29811509618646853 0.13525797603820103
1 0.7070611204027216 0.7825420713372432 0.30759922359113007 0.13871035825218617
1 0.15697432956588153 0.9112599038135315 0.2544742235911302 0.13685519237293703
1 0.15269599109914334 0.43035464419488473 0.27941965988879935 0.13616571161023056
1 0.9215166352516191 0.3047171385829531 0.1569667294967619 0.1385962524470707
1 0.921028067689423 0.6572791433922764 0.1579438646211539 0.13908732576804841
1 0.1514782645976063 0.6642757764088698 0.2608879146981228 0.14176094718226045
1 0.15565238782591678 0.7838070264088698 0.2607242235911302 0.13707344718226047
1 0.1592114413614466 0.9753224038135315 0.2514186562606022 0.04935519237293704
1 0.9201128976338226 0.7792632707969382 0.15977420473235462 0.12993058057737167
1 0.14547871342432916 0.3132762715995464 0.27316965988879927 0.13594745680090714
1 0.4193750596107977 0.4288640329474738 0.28566965988879933 0.13638396641955414
1 0.9199653035355299 0.4173262659876148 0.16006939292894024 0.13886907095872497
1 0.7108631551642939 0.42103165246276913 0.31061509618646854 0.13569448565684783
1 0.9191592608845912 0.5447791433922765 0.16168147823081752 0.1281498257680484
1 0.4184350637871489 0.31234865554281205 0.27985616950744613 0.14866571161023065
1 0.7131845685964724 0.3083133976534457 0.3093254146981227 0.14345242195451693
0 0.14959336078407476 0.7894940312181932 0.24609623920022677 0.07569943756361361
0 0.22485871169504862 0.5928794368458232 0.048293656260602266 0.042261911069925516
0 0.5158879941791863 0.7063044974681112 0.051364092558271325 0.04080853847458741
0 0.5162104311098276 0.8275346567239386 0.06079365626060209 0.04269842068857273
0 0.6009847351935116 0.8136234349469067 0.05163691106992552 0.04862103847458741
0 0.8051141852861787 0.7008977125369029 0.053035719962933214 0.043988102176918176