1 0.8423523575550724 0.9104847586462839 0.22252165665497756 0.13169033035645866
1 0.11191797849293983 0.8456735630702777 0.22383595698587966 0.13677787385944457
1 0.8517876331226178 0.8173341706903813 0.22252165665497756 0.13169033035645858
1 0.8365875527665342 0.9723126114198257 0.20808523538950324 0.020461889627014073
1 0.3549984078793841 0.8687246308902081 0.27737279788867963 0.142338196047778
1 0.36618709821958173 0.7646001753431247 0.2804432508107789 0.13928593123013916
1 0.12374186850882589 0.7438564899320138 0.24748373701765178 0.13728702013597244
1 0.6224489606393278 0.8921750890027426 0.2757284772718286 0.13761432845659732
1 0.33478927354554094 0.9527547919843748 0.270113676947517 0.0843802256830557
1 0.8701848514659926 0.7028898109829853 0.2100762037328784 0.13452438962701407
1 0.3890945385597793 0.660202962862187 0.2788262037328783 0.13612456363895867
1 0.6064051749255126 0.9612705811189578 0.2758454797074606 0.054838196047777996
1 0.6526797516281484 0.681400589952673 0.2773455243497292 0.140775696047778
1 0.6374348068237239 0.7942097144777078 0.2805796185055307 0.14709843123013897
1 0.1000395413991531 0.9310843862085416 0.2000790827983062 0.09095622758291669
1 0.13249530560261263 0.635080901976111 0.26499061120522527 0.136088196047778
0 0.28746780885231876 0.7109861724933331 0.05693183847375849 0.04037173328249999