1 0.46268107865041586 0.9373678662508909 0.1562876740119446 0.07775952090551286
1 0.746801505512152 0.9317424086266144 0.14952852773541672 0.055520499858825546
1 0.607811740694513 0.9367168769154087 0.15592399810013902 0.06213452090551286
1 0.6163522457285062 0.8714636032378855 0.1620662017473613 0.12490753669052879
1 0.06289285818878443 0.7591405105939308 0.12578571637756886 0.12546897881213823
1 0.472202855435902 0.8634753399425316 0.16359233415618063 0.12343604195220052
1 0.866260020329791 0.9279055061087178 0.10094555737069441 0.04644933674699843
1 0.057096146657777444 0.8523822763789465 0.11419229331555489 0.12023544724210708
1 0.19357132200090213 0.7673562870434645 0.17147756933854175 0.12701606826055975
1 0.48445024192878405 0.7730400557416647 0.1714775693385418 0.12701606826055975
1 0.8898092359448604 0.787659937706984 0.10872299620027803 0.11243835779368574
1 0.875199915656388 0.8790129798003588 0.10883209897381932 0.11712585779368574
1 0.31920383558427 0.9340216003247009 0.15803201196784727 0.08566302616718495
1 0.0528255675355899 0.9213142869022901 0.1056511350711798 0.06049642619541977
1 0.7697876766743048 0.7821673428557162 0.17463893692972227 0.1287605787839034
1 0.7598113049990618 0.8755911191640756 0.16671733415618065 0.123618052475544
1 0.17341921010930478 0.9292493422910189 0.1639910712384028 0.07352704721387227
1 0.18524836930361038 0.8567828080901518 0.16827983415618064 0.1237090577372161
1 0.6192428160169785 0.7807931006070497 0.14952983415618065 0.1226169945971538
1 0.3271631123697562 0.8602200792780135 0.16206620174736122 0.1249075366905287
1 0.33470481506704797 0.7708390608621621 0.16206620174736114 0.1249075366905286