1 0.3737325913197228 0.6812434220448532 0.15030355762791228 0.29270553846084474
1 0.09540618303659695 0.12836044044670608 0.1529376339268061 0.25672088089341216
1 0.5666120178634981 0.9009800715495153 0.13688416558343128 0.1500086162111039
1 0.44192662703024255 0.14055857175440295 0.15052174593951495 0.2811171435088059
1 0.6728357077933633 0.14543866273922829 0.15992401947846524 0.29087732547845657
1 0.03841584334502246 0.12601669044670608 0.03879331330995508 0.25203338089341215
1 0.6453111310907277 0.41723646422975164 0.1504671988616142 0.30208053846084476
1 0.26042406778077254 0.6880820810600279 0.15351037824476324 0.2975385876750565
1 0.714579733771241 0.6973734203922234 0.14572515178371362 0.29873721463952696
1 0.22334026826394457 0.13649611807313056 0.16894446347211084 0.2729922361462611
1 0.7907090004070371 0.14574364671387635 0.1537012930174157 0.2914872934277527
1 0.058781116073193904 0.6603338784122128 0.11756223214638781 0.3012072431755744
1 0.33420958441656873 0.13763693300310798 0.15345583116686257 0.27527386600621595
1 0.7568798766265007 0.42062682982168276 0.15677174593951496 0.3054966368892682
1 0.40972818709708203 0.4079129299027361 0.1551274253226639 0.3007363622821622
1 0.5314395458633799 0.4116115105484792 0.14879560470581285 0.29575776385373886
1 0.5684482167218171 0.13800182516661574 0.1504671988616142 0.2760036503332315
1 0.5946354265470705 0.6818833151393744 0.1582251517837136 0.2993194114963741
1 0.282466257713933 0.40915656038186343 0.15359219886161418 0.3022260876750565
1 0.5010354310112973 0.6776560415657258 0.16601037824476314 0.2981207845319034
1 0.14200135024817662 0.6748629512000731 0.1487956047058129 0.2957577638537387
1 0.6797978104771719 0.9011726625343405 0.1445057508107789 0.13943498924663303
1 0.11242907833407934 0.8932512322173196 0.13367734496658024 0.1451755669968918
1 0.1795867195644861 0.39989718445085004 0.15507287824476323 0.29761136228216234
1 0.21932396063932763 0.8960786716305684 0.13378643912238158 0.1514255669968918
1 0.06815789042292314 0.38813139268023644 0.13631578084584628 0.29561221463952714
1 0.0303679695644861 0.8849721594294595 0.0607359391289722 0.14255568114108108
1 0.34025406940562564 0.8998136395798646 0.14020008035608367 0.16109166542531525
1 0.45727792817192353 0.9037305440469252 0.14009098620028232 0.1548416654253156
1 0.033547516642386775 0.8817016102152477 0.06709503328477355 0.14909677956950454
0 0.028199317777477233 0.21803937055432993 0.018360262174864618 0.06798802067816441
0 0.09546113555495447 0.4342593759310134 0.043114800324311565 0.05508991439185813