1 0.0296875 0.446875 0.059375 0.17578125
1 0.0984375 0.44453125 0.07109375 0.17265625
1 0.37578125 0.6109375 0.06875 0.17421875
1 0.371875 0.4421875 0.071875 0.16875
1 0.0296875 0.615625 0.059375 0.17578125
1 0.10078125 0.7921875 0.071875 0.17265625
1 0.3046875 0.27265625 0.0703125 0.171875
1 0.3046875 0.44765625 0.0703125 0.171875
1 0.4390625 0.6125 0.075 0.1765625
1 0.37109375 0.1015625 0.06953125 0.17265625
1 0.440625 0.7875 0.075 0.17734375
1 0.30546875 0.10234375 0.0703125 0.1765625
1 0.165625 0.61484375 0.06953125 0.17578125
1 0.38046875 0.78671875 0.0703125 0.17421875
1 0.0296875 0.79296875 0.059375 0.171875
1 0.1 0.62265625 0.07265625 0.1734375
1 0.3703125 0.271875 0.06953125 0.171875
1 0.303125 0.00625 0.06875 0.01171875
1 0.171875 0.7921875 0.07109375 0.17578125
1 0.034375 0.09765625 0.06875 0.171875
1 0.30703125 0.61171875 0.06953125 0.1703125
1 0.1625 0.4453125 0.06953125 0.16875
1 0.22265625 0.10546875 0.07109375 0.1765625
1 0.44375 0.440625 0.06953125 0.1703125
1 0.23671875 0.6203125 0.0734375 0.16875
1 0.0296875 0.00625 0.059375 0.01171875
1 0.0296875 0.94140625 0.059375 0.1171875
1 0.09765625 0.94140625 0.0734375 0.1171875
1 0.0984375 0.10234375 0.0734375 0.17109375
1 0.034375 0.27734375 0.06875 0.171875
1 0.09765625 0.2765625 0.0734375 0.17109375
1 0.434375 0.27734375 0.071875 0.1734375
1 0.16171875 0.10546875 0.07265625 0.17421875
1 0.3078125 0.78515625 0.0703125 0.171875
1 0.365625 0.00625 0.06875 0.01171875
1 0.225 0.440625 0.07109375 0.17421875
1 0.3765625 0.93984375 0.06796875 0.11953125
1 0.2328125 0.27265625 0.06953125 0.17109375
1 0.4359375 0.0078125 0.065625 0.015625
1 0.1625 0.278125 0.07109375 0.1734375
1 0.0953125 0.00625 0.071875 0.01171875
1 0.1703125 0.9421875 0.07421875 0.115625
1 0.43359375 0.1015625 0.06953125 0.17265625
1 0.23828125 0.78671875 0.07109375 0.17109375
1 0.2265625 0.00625 0.071875 0.01171875
1 0.23203125 0.940625 0.07265625 0.11796875
1 0.159375 0.00625 0.06875 0.01171875
1 0.4421875 0.93828125 0.07578125 0.12265625
1 0.3078125 0.93984375 0.071875 0.1203125
0 0.115625 0.384375 0.02890625 0.03671875
0 0.0515625 0.2171875 0.021875 0.028125