1 0.7837604815245859 0.8286945624341904 0.09515469028743943 0.21456229991529546
1 0.6449547988255011 0.07890041780880182 0.08990959765100222 0.08790879465362353
1 0.9873003893503671 0.8428612911757416 0.02539922129926566 0.20576415258848363
1 0.693408266164322 0.8327912572572232 0.10457515439406198 0.21667083148532634
1 0.7578318496960661 0.42006301507914384 0.09501829796757129 0.20987479991529537
1 0.7324093347188784 0.08243421246242535 0.08981866943775678 0.08478379465362355
1 0.9956333780675962 0.9687456258566014 0.008733243864807606 0.0625087482867972
1 0.6720307420159342 0.41974522568719214 0.09961486975432585 0.20702281570031095
1 0.9650209094086268 0.22311023329735127 0.06841033386094822 0.20676521046687402
1 0.7819432319202972 0.9609835746611817 0.08764841567683312 0.07803285067763674
1 0.7621796835570147 0.623097009817472 0.09515469028743925 0.21456229991529535
1 0.655273836368231 0.2191081888554892 0.09827969028743926 0.21474431043863912
1 0.9764872583132702 0.6385000148673823 0.047025483373459666 0.2113617052052021
1 0.7345748914619381 0.2104682072007535 0.09345579796757128 0.20978379465362354
1 0.8680900174179632 0.8320463465644703 0.09653533386094856 0.20840330517696729
1 0.8283703555685609 0.21749102290106448 0.09961486975432585 0.20702281570031095
1 0.6809751476636373 0.6199272362105358 0.098188762074194 0.21161931043863902
1 0.9057141055685609 0.221995783353821 0.09635347743445806 0.20215330517696728
1 0.8421159214828208 0.4218522992094237 0.09809783386094857 0.20849431043863903
1 0.8152445667721897 0.08803874133103336 0.0929891335443795 0.08652830517696723
1 0.9766116272761731 0.4300427727598901 0.046776745447653666 0.20621917889684288
1 0.7031506421868541 0.9613745641731315 0.09068248746358769 0.07725087165373701
1 0.9178744394295094 0.4254848044005084 0.09497283386094857 0.20831229991529537
1 0.8756023037070519 0.9621057298805011 0.09077341567683313 0.07578854023899773
1 0.9620286385589443 0.09346823592818718 0.04905727711788863 0.07773015785015547
1 0.8949775308788123 0.09424250967629767 0.08995506175762458 0.08947129465362355
1 0.8543671835570148 0.6284663202561112 0.09841608260730723 0.21943181043863902
1 0.9283131489172785 0.6234140701855239 0.09680811850068452 0.21777830517696728
1 0.9430218212580292 0.8340708491247192 0.0933194056477035 0.20509629465362345
1 0.9506250357603634 0.9670697337914614 0.08737563103709718 0.06586053241707716
0 0.8839386747815261 0.7066214123353685 0.03238660266556721 0.04088260523343692
0 0.7690384711662517 0.29592756506502643 0.035511602665567035 0.041064615756780665
0 0.8148262765891634 0.9045969097751196 0.024255853919208193 0.029490078925077868
0 0.9786614560560498 0.9063399622506638 0.027517246239076344 0.034359589448421345
0 0.9690039965682807 0.7084561990964843 0.024483174452321777 0.03730257892507769
0 0.8572515250063176 0.2987256123494859 0.02430131802583091 0.03105257892507769