1 0.15117876414335188 0.5985915496284965 0.24772949375348405 0.1583733879227255
1 0.17589748389273085 0.6834010432183557 0.2524351744716433 0.1617167117440431
1 0.9601936531980126 0.5670715285405565 0.0796126936039748 0.12729455417661056
1 0.22535764928918783 0.8569262803980742 0.24615790339440444 0.15673811331561965
1 0.9362243671918551 0.3884756476471444 0.1275512656162899 0.13572779238978622
1 0.4313576644144984 0.8043512822601009 0.24303290339440445 0.15659256410140793
1 0.9497692376051641 0.47770081348674454 0.10046152478967194 0.13292812406898663
1 0.6027185382456528 0.5736534381749037 0.24614881303532493 0.15517561331561963
1 0.36028105337096333 0.5419647522763116 0.24304199375348406 0.15815506410140792
1 0.3857992038385015 0.6298628585626178 0.2508454033944044 0.15695643713693724
1 0.2531422817045493 0.9314339747737217 0.24597609621281205 0.12548811331561965
1 0.4923138660135047 0.9390494598865254 0.24263292759490124 0.08784256410140792
1 0.8644423543060398 0.6966563287882255 0.23989881303532465 0.15488451488719618
1 0.6490673391807291 0.7496679745688338 0.24302381303532491 0.1550300641014079
1 0.578781068496274 0.4888075572814915 0.24304199375348395 0.15815506410140792
1 0.40737928804926116 0.7124741513666888 0.2430238130353249 0.1550300641014079
1 0.8071196919346448 0.5149012146440364 0.24147040339440445 0.15651978949430206
1 0.2721649924769378 0.9774356794884513 0.24543067466803503 0.03173811331561964
1 0.20221051989888847 0.7736065122011091 0.2493283551898026 0.16469616252983138
1 0.9737203428931623 0.6484841943801567 0.05255931421367528 0.1213698858558109
1 0.7816742643397436 0.4395031083577301 0.23988063231716553 0.1517595148871962
1 0.6251071435336513 0.6609158436754218 0.25240790339440444 0.1570292117440431
1 0.9057930203898679 0.9063737770928144 0.18841395922026435 0.07152405128112634
1 0.6968650106273104 0.9060784863556581 0.2397260962128122 0.1251970148871962
1 0.9888413488450908 0.739980335612651 0.022317302309818387 0.1137371683207995
1 0.8818600958200286 0.7777778961994023 0.23627980835994283 0.15495728949430204
1 0.896177125874258 0.8654041747354496 0.20764574825148402 0.1552098465663967
1 0.8396827279408026 0.6048155851983663 0.23834540339440444 0.15637424028009034
1 0.4678224052411162 0.8933024662966662 0.24459540339440444 0.15666533870851396
1 0.6714786703664266 0.8408366300693519 0.23988972267624523 0.15332201488719618
0 0.10662530912649995 0.7311707632345663 0.047111349336070064 0.04280823821317572
0 0.5342457941975812 0.6245117708875614 0.05178975897699054 0.04146406203449331
0 0.3227815742518104 0.6781227301504051 0.054923849336070064 0.043172111248705035
0 0.39698773047488534 0.9411449609199828 0.05178066861791084 0.03990156203449331
0 0.1831343087337165 0.9870525820934851 0.04536704215447766 0.011485463606069857