1 0.14400891740926924 0.562575348023889 0.13021585335772615 0.18266964247680573
1 0.3039951814528582 0.8873058571419448 0.13804653469127165 0.1844139804327085
1 0.3009085193348181 0.017938261302257195 0.11119203866963616 0.024457098973819535
1 0.18930849534531763 0.0926635447372571 0.13799199069063528 0.17972648043270845
1 0.015075395408951068 0.5572312717514931 0.0190965400222717 0.16446254350298622
1 0.17938060669954395 0.24629703780340292 0.1411533533577262 0.18292421561506958
1 0.6123049314130873 0.6015924415824658 0.1301249466899989 0.17485714247680556
1 0.06423960140831474 0.5536893508736807 0.11778857869190792 0.1886287017473613
1 0.5346328227243611 0.4373286134102088 0.13802835335772629 0.18285148043270852
1 0.33639641207826915 0.5842360617390975 0.1380283533577261 0.18285148043270852
1 0.0941698126989076 0.23962750408406258 0.12863517202418068 0.18107077488562515
1 0.1357071634309046 0.7217139586812154 0.13330449069063527 0.17961737765916688
1 0.47158519334818116 0.12032164494534762 0.12867153469127146 0.1841957748856251
1 0.11272781401177219 0.08931903276940982 0.11295562802354438 0.17601959897381952
1 0.6789940867679498 0.7616954466164589 0.13016130935708983 0.17798214247680555
1 0.4309912967456782 0.5919050510055212 0.1317419906906352 0.1795810100679862
1 0.0528321234484038 0.8486563587574654 0.08770108935390815 0.15356271751493072
1 0.47915169800286356 0.032240416696840676 0.10830339600572714 0.04469686379145843
1 0.15782487472149748 0.40747027393569457 0.13959085335772614 0.182887848023889
1 0.5532635493714073 0.293270142095556 0.12709085335772627 0.18259690729444458
1 0.1303849587841764 0.8684253045209029 0.13304995202099903 0.1577423776591666
1 0.4201912514321773 0.7377078602760767 0.1395544906906352 0.179762848023889
1 0.5693050780155902 0.12806336939413243 0.1411533533577261 0.18292421561506958
1 0.2724493540340439 0.2570546594786461 0.13176017202418072 0.1811435100679862
1 0.40173324745381256 0.8966100815907294 0.1317965346912715 0.18426851006798622
1 0.5185458407463145 0.5986291361116324 0.13330449069063519 0.17961737765916688
1 0.25555385005567927 0.4159932483844794 0.1395908533577261 0.182887848023889
1 0.37336696403563474 0.271119119109792 0.14267949069063518 0.17983558320625015
1 0.3837664726686817 0.02377199363482671 0.10815794533736342 0.03219686379145842
1 0.5729653326702726 0.039891222167674094 0.10530566534054522 0.055561628609097316
1 0.059798644096086484 0.7090126305089584 0.1052340346912716 0.1836502610179167
1 0.74528632268459 0.14934222340194508 0.13179653469127145 0.18426851006798622
1 0.2248423887650864 0.7300369113785071 0.13804653469127165 0.18441398043270835
1 0.07174192405313393 0.39297005642076394 0.1366113040260897 0.19531511284152786
1 0.2870738333465903 0.10431151918604191 0.13808289735836254 0.18753898043270847
1 0.4408555507240428 0.43280280793937537 0.13016130935708983 0.17798214247680572
1 0.3825499653484993 0.12059244224805588 0.1364658533577261 0.1828151128415279
1 0.3980639021323576 0.9800359315629341 0.10990225867281786 0.03992813687413168
1 0.6184265673933609 0.45646177953836864 0.13014312802354447 0.17641964247680558
1 0.6475573473504083 0.14081924895316028 0.13490335335772627 0.18277874525034732
1 0.21174404678544909 0.8796914192622918 0.141026084022908 0.17198671561506976
1 0.6975611787475872 0.6121682253018061 0.1301249466899989 0.17485714247680556
1 0.35176577872372466 0.42838610524208365 0.13332267202418074 0.1811798776591667
1 0.23784073341022377 0.5717886534947224 0.1395908533577261 0.182887848023889
1 0.49988784209895004 0.7403438574262852 0.13490335335772627 0.18277874525034718
1 0.48322924279913027 0.980618139627014 0.11306362133990877 0.038763720745971855
1 0.6360669587046346 0.2944163744281255 0.13492153469127163 0.18434124525034737
1 0.45778741736949835 0.276989219033542 0.139627216024817 0.186012848023889
1 0.578250294119949 0.8968133693941324 0.12543744668999893 0.1747480397032639
1 0.4907957474538126 0.8986830342880212 0.13635676535645339 0.17344011284152785
1 0.7169095207272245 0.4626591877827437 0.13019767202418073 0.1811071424768056
1 0.5960634080999044 0.7496117142838894 0.12867153469127146 0.18419577488562505
1 0.3232617074315409 0.7307655696228822 0.12856244668999892 0.17482077488562506
1 0.6535326521323576 0.9818371071419447 0.10995680267345413 0.03632578571611056
1 0.6713826761218581 0.9130397410693755 0.13166926535645337 0.1733310100679862
1 0.7298533213717254 0.29972342989895895 0.13802835335772629 0.18285148043270852
1 0.5746809461329938 0.9856154173624307 0.10828521467218159 0.02876916527513842
0 0.341289713359317 0.19929801728618085 0.04273294000636332 0.04785692496187503
0 0.6896652207192704 0.40344718873267416 0.036464758672817864 0.04614895459715278
0 0.5542673541135856 0.8493928555264241 0.045876121339908774 0.049492160144236054
0 0.16161568276572272 0.7332515239356946 0.04262385200509069 0.03848192496187508
0 0.5228033426957259 0.22617290786312544 0.04258748933799979 0.03535692496187508