1 0.4430111125616829 0.8802179651002593 0.251148626022532 0.15118421915415398
1 0.4648429969639921 0.7977639752465289 0.24963159012915473 0.15271944561520331
1 0.22094824445670963 0.8239072840922571 0.24788723370266402 0.14644217207625304
1 0.24121762885901893 0.7414805677774772 0.249586126022532 0.15115694561520332
1 0.4885412582467632 0.6988628250843731 0.248023626022532 0.15112967207625302
1 0.6623892498669861 0.9248508064166868 0.24279055674305994 0.13229785145940198
1 0.6410287269057324 0.9697775227314669 0.22926160266556703 0.043044436686749774
1 0.6837126689090314 0.8517854533324318 0.24333612602253218 0.15104785145940197
1 0.26730510424841264 0.6441010073068959 0.248023626022532 0.15112967207625302
1 0.10243495902555075 0.5117539318187809 0.17886444906292792 0.13586713636243813
1 0.09234455667655286 0.5947846201303837 0.15395537727617326 0.13855575973923262
1 0.07873434923384773 0.6911647422893623 0.12100648495630521 0.13329551542127546
1 0.8406422819994397 0.9530052597458232 0.1706594924781526 0.06857054220663664
1 0.8601902523742684 0.8995120669699936 0.1708246285298145 0.12791826866768616
1 0.42134671271996743 0.9415645681845144 0.243625631037097 0.10732512499835245
1 0.28518527454409925 0.5601527013005415 0.2464156619159093 0.14953989853730273
1 0.5088333747023838 0.6172173587695933 0.24806909012915473 0.15269217207625302
1 0.7074336622451137 0.753665553170276 0.2417281619159093 0.14945807792045152
1 0.06942519688484984 0.7741817938314898 0.09747805674305987 0.1297614123370204
1 0.05977506373618182 0.8454800953736173 0.07363137978345571 0.11528980925276536
1 0.20192311130804166 0.8953692268680868 0.2442166644231918 0.1276376249983521
1 0.10848271905468061 0.42410392735455404 0.19596102084968256 0.13304214529089187
1 0.74542409256993 0.5818217808491416 0.23851223370266403 0.14627853084255094
1 0.9026408621659716 0.7197739740320083 0.16935305674305995 0.13101599512873605
1 0.8826215303500871 0.8107944403467883 0.16769962852981452 0.12786372158978584
1 0.719109296647423 0.6713888413197229 0.23543269780928675 0.14778648376465037
1 0.5317958500917775 0.5198923453769126 0.24793269780928676 0.14800467207625304
1 0.9206111629384413 0.6303023709477531 0.1587776741231174 0.126246674511885
1 0.30977844609342703 0.4651441643689106 0.24476223370266403 0.14638762499835228
0 0.0466803671805364 0.6909425998378442 0.05535274122451137 0.07748980032431163