1 0.2677952345605394 0.7010372820917721 0.14045141832631983 0.2241616946765232
1 0.18212062938839627 0.6896633833843664 0.13252979092165812 0.2207183596955513
1 0.15191231813313613 0.8551902242968374 0.1096527969121079 0.14645318874502422
1 0.1789261304847046 0.28453021441100573 0.13247522721932725 0.21915585969555132
1 0.10027042866275686 0.6757865671864749 0.13414685462398895 0.2223445266917457
1 0.2184871714063627 0.49885004098902075 0.1308581635169964 0.21752969269935693
1 0.259213831210344 0.29847069760509176 0.13403772721932725 0.2192195266917457
1 0.14051593882955787 0.4840328073006431 0.13242066351699638 0.21759335969555132
1 0.45322174763774736 0.14113440559030685 0.1328571731356433 0.2300933596955513
1 0.3424355589778254 0.306815096806789 0.13403772721932725 0.2192195266917457
1 0.29854168212131793 0.10624205903066364 0.13560022721932724 0.21248411806132728
1 0.031131015145760464 0.46580141353615334 0.036398835386695264 0.1933971729276934
1 0.23610626885877553 0.8689715400004374 0.1176835517214313 0.15302152372599603
1 0.41747276451278825 0.3272284144875554 0.12929566351699645 0.21746602570316256
1 0.05569696161023062 0.27312182361226545 0.06630459019601868 0.2008568458553869
1 0.09556799346139606 0.2722795652093085 0.13716272721932726 0.21934686068413445
1 0.31248771958441496 0.8830711906850095 0.11137898801910051 0.15120435574121843
1 0.07631211740749672 0.8410587401141683 0.09860616950744616 0.14288251977166339
1 0.2153472362050019 0.1008820676807664 0.13381947241000383 0.2017641353615328
1 0.30620542621568614 0.5015346892021347 0.1433581635169964 0.21803902866891214
1 0.09524306733052793 0.08622666007611217 0.06548613466105586 0.17245332015222434
1 0.05818213238362115 0.6579424925856262 0.07795141832631983 0.22161501482874754
1 0.37285220135861163 0.1248501723962208 0.13727185462398897 0.22247186068413455
1 0.3432863078815171 0.7120437662744413 0.1294047909216581 0.22059102570316255
1 0.04209088483069188 0.8244588305323477 0.03158236061443873 0.14483233893530462
1 0.07291921106207647 0.47505173813700186 0.11986609981466553 0.21552152372599626
1 0.40084573738612833 0.017151713422422544 0.1079414747722566 0.03430342684484509
1 0.47765377404661713 0.022559455019465564 0.10218254809323427 0.04511891003893113
1 0.13150794954451306 0.09556982657801497 0.13489089908902613 0.19113965315602993
1 0.3804886636018144 0.5227610903809984 0.12756947241000383 0.21271485870696819
1 0.3200223233209777 0.00852347133108794 0.09629464664195542 0.01704694266217588
0 0.36170889255042216 0.4554608438410394 0.039136911069925694 0.04840300790866543
0 0.4380754080747008 0.06586249155986197 0.04086310217691817 0.05315417490485978
0 0.33520593465320664 0.5926716837649273 0.03428571996293313 0.04352450692008212
0 0.35234623920022684 0.05292609285245631 0.040699411069925695 0.048466674904859786
0 0.400446466419554 0.2653332509514021 0.0375198473675948 0.04677684091247105
0 0.2852332496214819 0.841934196122217 0.032886911069925695 0.048148339923887916
0 0.16329864128447782 0.21788388387865804 0.04080853847458741 0.05159167490485981
0 0.3137723564380875 0.2477411857420937 0.03762897477225646 0.04990184091247105
0 0.32238104163944825 0.651089020228774 0.03439484736759475 0.046649506920082115
0 0.11706101442797028 0.016776323117973863 0.040372028855940545 0.033552646235947725
0 0.052100801891067326 0.7974506615589869 0.03751984736759482 0.04677684091247105
0 0.20270833774894798 0.025245397718822487 0.045496038474587386 0.050490795437644974
0 0.32398317014041833 0.24888985026683014 0.05040179328391083 0.05822367688202608
0 0.360104175497896 0.051045257871484354 0.05051092068857255 0.061348676882026124