1 0.803125 0.80234375 0.06875 0.18359375
1 0.81875 0.53125 0.07578125 0.35625
1 0.8796875 0.8015625 0.07109375 0.184375
1 0.996875 0.95078125 0.00625 0.0984375
1 0.81796875 0.2625 0.0796875 0.1734375
1 0.803125 0.80234375 0.06875 0.18359375
1 0.81015625 0.61875 0.07578125 0.1875
1 0.8796875 0.8015625 0.07109375 0.184375
1 0.996875 0.95078125 0.00625 0.0984375
1 0.82265625 0.09375 0.0734375 0.1875
1 0.796875 0.9453125 0.075 0.109375
1 0.9921875 0.803125 0.015625 0.18359375
1 0.953125 0.8046875 0.07265625 0.184375
1 0.871875 0.9453125 0.075 0.109375
1 0.73671875 0.8015625 0.06953125 0.19296875
1 0.95 0.94921875 0.075 0.1015625
1 0.9953125 0.4515625 0.009375 0.18359375
1 0.9578125 0.0953125 0.078125 0.190625
1 0.996875 0.1 0.00625 0.19921875
1 0.58671875 0.62421875 0.06484375 0.18203125
1 0.74765625 0.09296875 0.0671875 0.18203125
1 0.66015625 0.79921875 0.0703125 0.1890625
1 0.88984375 0.0953125 0.084375 0.190625
1 0.58671875 0.8015625 0.071875 0.1921875
1 0.6546875 0.94296875 0.071875 0.1140625
1 0.959375 0.453125 0.06015625 0.1890625
1 0.8875 0.44609375 0.07421875 0.178125
1 0.58828125 0.44375 0.0671875 0.18203125
1 0.66953125 0.090625 0.071875 0.1796875
1 0.740625 0.6125 0.07890625 0.18359375
1 0.525 0.0875 0.075 0.175
1 0.596875 0.08828125 0.07734375 0.1765625
1 0.52421875 0.26484375 0.07265625 0.18671875
1 0.59453125 0.2609375 0.08359375 0.1921875
1 0.66953125 0.25859375 0.08125 0.19375
1 0.74375 0.26640625 0.0796875 0.18359375
1 0.52109375 0.43984375 0.07734375 0.18671875
1 0.6625 0.43828125 0.0828125 0.18125
1 0.6609375 0.61796875 0.08515625 0.1875
1 0.515625 0.6125 0.08359375 0.19453125
1 0.5125 0.79140625 0.084375 0.18828125
1 0.50625 0.93359375 0.075 0.1328125
1 0.9953125 0.271875 0.009375 0.18359375
1 0.8875 0.26796875 0.0765625 0.18828125
1 0.959375 0.27265625 0.078125 0.1859375
1 0.740625 0.43828125 0.08203125 0.18828125
1 0.88515625 0.621875 0.08046875 0.1953125
1 0.95703125 0.62421875 0.08125 0.19140625
1 0.99375 0.6234375 0.0125 0.19140625
1 0.58125 0.9390625 0.075 0.12109375
1 0.728125 0.94140625 0.075 0.1171875
0 0.5546875 0.15 0.02578125 0.03125
0 0.84375 0.3296875 0.028125 0.040625
0 0.621875 0.3734375 0.02265625 0.03984375
0 0.8390625 0.50859375 0.02265625 0.0296875
0 0.62578125 0.14921875 0.0203125 0.0296875
0 0.9171875 0.1625 0.02265625 0.028125
0 0.6109375 0.61171875 0.02890625 0.1921875
0 0.68515625 0.86484375 0.02265625 0.03984375
0 0.8375 0.8671875 0.02421875 0.0390625