1 0.8177057700544828 0.7019336834469293 0.20179805624352518 0.27673759821299126
1 0.7941804170779453 0.465433121758532 0.19725610545773672 0.27978077759614006
1 0.789640504548114 0.2168728908332555 0.20208915467194846 0.28298759821299113
1 0.9148291348178443 0.8902364784962351 0.16974322745980858 0.191871674511885
1 0.8260213459427149 0.8972598202164045 0.1942338052100677 0.18137055113509035
1 0.9448972770883053 0.20619666924346985 0.11020544582338943 0.2816784683433748
1 0.7754045684446341 0.06230812175853205 0.16708480024766886 0.10127394805083537
1 0.8608155295695046 0.06629046388573852 0.15854455417661056 0.08551258035608367
1 0.9535531472283504 0.44051712216556915 0.09289370554329927 0.2753193741875736
1 0.897686406738863 0.4550256814183344 0.19718333085063086 0.2782182775961402
1 0.9035157407968188 0.6917989784962352 0.19296851840636223 0.27665577759614024
1 0.96263501054397 0.8893773620192995 0.07472997891205999 0.19026253571381496
1 0.9553960911897132 0.6851711030908456 0.08920781762057359 0.27065914772652383
1 0.8949273180303493 0.21112567695410758 0.19910970388616037 0.2860580511350904