1 0.0984717046875 0.28763133750000003 0.009005275 0.2734779625 0.0041749984375 0.358798484375 0.005700871875 0.4899316859375 0.0848204796875 0.4996938796875 0.0984717046875 0.28763133750000003
1 0.0967427546875 0.2881735078125 0.08224764375 0.49612926718750006 0.1677939203125 0.5102369343750001 0.186710115625 0.2990551671875 0.0967427546875 0.2881735078125
1 0.18056905625 0.303016240625 0.1619632578125 0.5068271296875 0.252273578125 0.5250872828125 0.2681516234375 0.3187864296875 0.18056905625 0.303016240625
1 0.2641391328125 0.3178559890625 0.24357325937500002 0.5216440203125 0.33319211718749997 0.539076728125 0.3487272015625 0.325397375 0.2641391328125 0.3178559890625
1 0.346304303125 0.32946606875 0.326582321875 0.537360884375 0.41416488906250004 0.553131071875 0.42981429374999996 0.3419112125 0.346304303125 0.32946606875
1 0.42943315625 0.3433527515625 0.41363132656249996 0.551293275 0.49525745781249997 0.565355234375 0.5115602203125 0.354142996875 0.42943315625 0.3433527515625
1 0.41359415781250003 0.54434208125 0.39633318125 0.7489880390625 0.477153528125 0.7597630468750001 0.493951678125 0.5592086375 0.41359415781250003 0.54434208125
1 0.4161817484375 0.5392249765625 0.32548481875 0.5266960296875001 0.31164305937500003 0.7346594109375 0.39772837656250004 0.746315196875 0.4161817484375 0.5392249765625
1 0.330917159375 0.5311776484374999 0.24540898906250003 0.5178898109375 0.230799553125 0.72338606875 0.31822969375 0.735876925 0.330917159375 0.5311776484374999
1 0.2538805421875 0.5186151765625 0.16222540000000002 0.49951995 0.14649978125000002 0.709100140625 0.2348119203125 0.726517609375 0.2538805421875 0.5186151765625
1 0.1652580765625 0.49892871875000006 0.079826115625 0.48728055000000003 0.06279378125 0.6968455046875001 0.1541821796875 0.710201903125 0.1652580765625 0.49892871875000006
1 0.069427365625 0.701276859375 0.0849624484375 0.4875975 0.0055284703125000004 0.4751156265625 0.00591958125 0.5087275250000001 0.014439003124999999 0.6920149296875 0.069427365625 0.701276859375
1 0.023699796875 0.8912522453125 0.0550795671875 0.8950476625 0.070843290625 0.68628730625 0.013740473437500001 0.6769867078125 0.023699796875 0.8912522453125
1 0.0624597859375 0.6896599078125 0.0481170984375 0.9008950015625 0.1354710234375 0.9117461875 0.15250335625 0.7021812374999999 0.0624597859375 0.6896599078125
1 0.15034863437499998 0.7065101203124999 0.131780940625 0.9111408375 0.22063212187499998 0.9261064265625001 0.237664453125 0.7165414765625 0.15034863437499998 0.7065101203124999
1 0.228333940625 0.713588925 0.212031178125 0.9248011578125 0.300152784375 0.938119465625 0.31841562031250004 0.72693008125 0.228333940625 0.713588925
1 0.3109440578125 0.7281604125000001 0.29694987031250003 0.9328444593749999 0.3830732953125 0.945320075 0.40152666875 0.7382298578125 0.3109440578125 0.7281604125000001
1 0.393270615625 0.743242725 0.3767392140625 0.9495359656250001 0.4626721046875 0.9579124203125 0.47874068437500006 0.7557107281250001 0.393270615625 0.743242725
1 0.0449792875 1 0.053207729687500004 0.8872818078125 0.0232937828125 0.8825172453125001 0.028754524999999996 1 0.0449792875 1
1 0.1281114484375 1 0.13657930000000001 0.8934433593750001 0.048996729687500004 0.877673175 0.039586178124999996 1 0.1281114484375 1
1 0.214557053125 1 0.2215882515625 0.9094888046875 0.1308649515625 0.8969434843749999 0.12323368750000001 1 0.214557053125 1
1 0.29661365625 1 0.301824715625 0.9236791578125001 0.21458332812499997 0.9102907828125 0.20891985000000002 1 0.29661365625 1
1 0.3768272640625 1 0.3819789859375 0.9361012453124999 0.29540110468749997 0.92183695 0.2884545203125 1 0.3768272640625 1
1 0.4567118109375 1 0.46142865468750005 0.9485151140625 0.37402288437500003 0.931590203125 0.367757384375 1 0.4567118109375 1
0 0.06537484006999679 0.5183904350700226 0.03016021467218155 0.04200771753501122
0 0.20387755012726685 0.9464876639775734 0.026980670671545238 0.0371746683207995
0 0.28367413812853953 0.9595741689399719 0.02861589600572696 0.04349744292790518