1 0.4275019156720761 0.11610091802235853 0.25561150512049746 0.1543092191541537
1 0.6437114736210535 0.061919752842669075 0.2592979472421071 0.12383950568533815
1 0.8191441131259449 0.027170831577194937 0.16641322625188967 0.054341663154389874
1 0.39307443678935067 0.05310958888079559 0.2455238735787013 0.10621917776159118
1 0.07122807082080845 0.2427545158283126 0.12207096302712273 0.1394909683433748
1 0.19129910516284981 0.10223683563438471 0.248451452503779 0.13857512499835237
1 0.674133991966318 0.13447522240715518 0.2523044945971538 0.15112967207625302
1 0.09079638915195531 0.3370403039777595 0.15010495776545088 0.138419392044481
1 0.22456590244730928 0.1900271619332786 0.25524748407381015 0.1480592191541537
1 0.24717592079257358 0.2694010162353497 0.25717400512049754 0.15433649269310407
1 0.04981653142885676 0.15710338798729115 0.08871243145709162 0.12954322402541768
1 0.8472305867469985 0.08531319927524192 0.16978042093374776 0.12783644805083533
1 0.4638482103256997 0.20305544724335176 0.25533848933548187 0.1496217191541537
1 0.6146463289250776 0.01914191761532145 0.24491765785015537 0.0382838352306429