1 0.7961444626034575 0.4702883542078439 0.1883567120464525 0.3432601623713948
1 0.14789677192077638 0.5844936955488821 0.18832034937936154 0.34013516237139496
1 0.909507528604412 0.4639161552411162 0.1742942120464523 0.3431783491396784
1 0.6661842426002759 0.4929713544042357 0.18673966804581604 0.3385635720123153
1 0.6119443746419557 0.18560376111828977 0.1883567120464525 0.3432601623713949
1 0.5353700472629124 0.5218998094210876 0.19649647605027046 0.37143061416679296
1 0.4812301766390922 0.2059384661351417 0.18835671204645235 0.3432601623713949
1 0.3299349232177326 0.85227609318775 0.19251695337363453 0.2954478136245001
1 0.34976200063654683 0.22392487597245378 0.19144534937936158 0.34015334308955414
1 0.8493667232256868 0.79796390231425 0.18661239871099794 0.3276260720123153
1 0.7340102786441829 0.16990655912649996 0.18822944271163422 0.3323226623713949
1 0.9331786492282321 0.7797002365250094 0.11942489871099796 0.32723518657189177
1 0.7170536625557323 0.8214145169720222 0.18497717337681613 0.3213669816532356
1 0.8615085699793191 0.15736617339148878 0.18948286004136178 0.3057692527304745
1 0.40620925859327606 0.5430248547970191 0.18988284937936156 0.3401442527304745
1 0.2801916512571853 0.5626055808911099 0.19144534937936147 0.3401533430895541
1 0.46361048921868714 0.8456357286281735 0.19111808537554356 0.308728542743653
1 0.22840462130013792 0.24587662314378345 0.19455216804581604 0.33860902380771335
1 0.587084351885778 0.8436555929913583 0.18802944804263433 0.31268881401728343
1 0.19852129121582357 0.8659658884654856 0.18593968936981656 0.2680682230690287
1 0.09780860196531979 0.25605507816063533 0.1867942120464524 0.3432510720123153
0 0.21451101257164074 0.7012953761688455 0.044349984006999674 0.05181703005422929
0 0.15657397994909325 0.37593630698520064 0.049019302673454224 0.050281801131468205
0 0.5182787132002333 0.9819050267345796 0.07232953333863605 0.0361899465308408
0 0.7265212112508219 0.6120804235878805 0.04783861067790855 0.08308521077238851
0 0.36275706122695944 0.785757255460949 0.06835110534690844 0.10039088544042371
0 0.6794034999602291 0.29694123691779295 0.04157042934436319 0.08148634933607006