1 0.1984375 0.87890625 0.08828125 0.2140625
1 0.30234375 0.221875 0.09140625 0.21875
1 0.29609375 0.8796875 0.08984375 0.21484375
1 0.38671875 0.2234375 0.090625 0.2203125
1 0.29765625 0.67734375 0.09140625 0.22265625
1 0.2 0.6765625 0.08984375 0.2203125
1 0.29921875 0.440625 0.09140625 0.21953125
1 0.3859375 0.0625 0.090625 0.125
1 0.0421875 0.21484375 0.084375 0.21875
1 0.38359375 0.6765625 0.09140625 0.22109375
1 0.384375 0.4421875 0.090625 0.21875
1 0.303125 0.0609375 0.09375 0.12109375
1 0.20234375 0.440625 0.08828125 0.21875
1 0.040625 0.671875 0.08125 0.21875
1 0.04375 0.05859375 0.0875 0.1171875
1 0.034375 0.8828125 0.06875 0.2109375
1 0.040625 0.44921875 0.08125 0.21875
1 0.2046875 0.2203125 0.0875 0.21875
1 0.115625 0.878125 0.0890625 0.2140625
1 0.38046875 0.88125 0.09140625 0.21640625
1 0.121875 0.22421875 0.09140625 0.2171875
1 0.1171875 0.675 0.08984375 0.21953125
1 0.1234375 0.0546875 0.090625 0.109375
1 0.20625 0.0609375 0.0875 0.12109375
1 0.11953125 0.453125 0.090625 0.21953125