1 0.03125 0.0640625 0.0625 0.128125
1 0.1 0.23125 0.0953125 0.22421875
1 0.1015625 0.06640625 0.096875 0.1328125
1 0.184375 0.06875 0.09375 0.13671875
1 0.0296875 0.2265625 0.059375 0.2265625
1 0.2875 0.06875 0.09375 0.13671875
1 0.1859375 0.23359375 0.09453125 0.225
1 0.0953125 0.475 0.09375 0.22890625
1 0.028125 0.4703125 0.05625 0.23046875
1 0.18203125 0.475 0.0953125 0.2265625
1 0.3703125 0.0640625 0.090625 0.128125
1 0.28671875 0.2484375 0.0921875 0.225
1 0.2828125 0.475 0.0953125 0.2234375
1 0.4625 0.06640625 0.09375 0.1328125
1 0.4640625 0.4796875 0.09140625 0.2234375
1 0.46171875 0.24765625 0.0921875 0.225
1 0.365625 0.4765625 0.09140625 0.22265625
1 0.36875 0.2515625 0.09296875 0.22578125