1 0.9703125 0.7060736370115575 0.059375 0.2894079336450254
1 0.9125 0.7360974802975033 0.175 0.29633062021691714
1 0.77265625 0.20956731743512905 0.1765625 0.29633971057599684
1 0.840625 0.46854688681516565 0.1765625 0.29165221057599683
1 0.7421875 0.49568207943718157 0.175 0.2947681202169171
1 0.61875 0.051534187161066905 0.14375 0.10306837432213381
1 0.93515625 0.4429969200908488 0.1296875 0.28512949980360836
1 0.7171875 0.035613750490979326 0.1375 0.07122750098195865
1 0.675 0.23513546487760512 0.1765625 0.29790221057599686
1 0.828125 0.0274830879231927 0.140625 0.0549661758463854
1 0.81484375 0.7569781277399793 0.1734375 0.3010090298578376
1 0.88671875 0.18234122122231694 0.1609375 0.28531130698520063