1 0.5326634080887962 0.9756315084770554 0.21758747579950324 0.04873698304588921
1 0.1506786516458886 0.6962671861034799 0.2178147347764936 0.11792817038771411
1 0.5676843444642963 0.7469480062007439 0.2240738251355733 0.11978176881613756
1 0.11798782973176918 0.9424679439613627 0.21297269867214014 0.0911473465663967
1 0.5525809983496799 0.925199284736791 0.2209488251355733 0.11963621960192583
1 0.13373607046019115 0.7876905527288683 0.21310905405833439 0.11458484656639652
1 0.7595213447588838 0.9452698242333477 0.2256363251355733 0.1094603515333045
1 0.01740865115490926 0.7774721825888232 0.03481730230981852 0.0955693651776464
1 0.9133412363476274 0.9608745344272048 0.09900110226293642 0.07825093114559038
1 0.023926816747757984 0.6832320310172466 0.04785363349551597 0.09146406203449331
1 0.9193599530719443 0.8782024301031146 0.10527837334017534 0.10643839867609231
1 0.5798848834955159 0.6646813157540377 0.2225022347764936 0.11814649420903187
1 0.7498190918320177 0.9860489317602535 0.22689884328594587 0.027902136479492867
1 0.12547814286528985 0.863889179693339 0.21938632513557327 0.11956344499482015
1 0.3576326335937118 0.719191071545006 0.2225113251355733 0.11970899420903187
1 0.325709426140973 0.959427484800963 0.22238406010845857 0.08114503039807416
1 0.3635695370863121 0.6389770326698765 0.222493144417414 0.11658399420903187
1 0.9406678473911626 0.7080547499954908 0.09431360226293606 0.10124147642635144
1 0.3453730072284745 0.8116140119917121 0.2209397347764936 0.11807371960192584
1 0.3410167844540335 0.8887758254739474 0.2193772347764936 0.11800094499482014
1 0.7793167360530399 0.7716527154635875 0.2224931444174139 0.11658399420903187
1 0.02493078054520862 0.6067059183207996 0.04986156109041724 0.09153683664159917
1 0.5640366488172182 0.8366462069865321 0.22721700585373253 0.12305231803034929
1 0.15347691959986948 0.6182513480141386 0.21622496369925476 0.11316789578060842
1 0.7884013654433393 0.6876779758026696 0.22877041549465282 0.12156259263745532
1 0.9331548083599426 0.7905397642635144 0.09434087334017534 0.10592897642635143
1 0.7623968807650414 0.859169832088976 0.22721700585373253 0.12305231803034929
1 0.013243325921140156 0.8640089960710586 0.02648665184228031 0.09051799214211727