1 0.2322247500032953 0.49105471741393625 0.14328989853730273 0.24785386266130088
1 0.3037398709477531 0.9097808596955513 0.14238987175194148 0.18043828060889738
1 0.13235974878877457 0.9226854249048598 0.14337962743398433 0.1546291501902804
1 0.4070557857204055 0.900912537071869 0.14589670129724616 0.1981749258562619
1 0.13112985430536636 0.504916946159398 0.14644217207625304 0.24954369665368964
1 0.21689839002247663 0.9149976003040112 0.14683190990138845 0.17000479939197746
1 0.3192162353927987 0.478963235702725 0.14485239853730275 0.24791752965749514
1 0.05829592086173233 0.5165773463496784 0.11659184172346466 0.24877969269935693
1 0.27602179424182216 0.7140903107978652 0.14485239853730275 0.24791752965749528
1 0.1728027057647684 0.26738245406806344 0.14159103084255104 0.23997769566510652
1 0.09021097930701402 0.7440457717488298 0.1432898985373027 0.24785386266130088
1 0.17565360146599257 0.7311093730414242 0.14644217207625304 0.24954369665368964
1 0.3638081664008007 0.7012494125847513 0.14644217207625304 0.24954369665368964
1 0.14821358319875272 0.10845578163466159 0.10944891233702041 0.09814302273741302
1 0.03601359212720647 0.2913717579086654 0.07202718425441294 0.24211851581733076
1 0.27466521469322214 0.2543333088206989 0.1432080779204517 0.24316636266130082
1 0.08660610714474017 0.2787245192773719 0.14477057792045167 0.24323002965749527
1 0.07517849432454772 0.9310245069200821 0.05401711850553059 0.13795098615983575
1 0.05560225344992943 0.1241988453610953 0.11120450689985886 0.09983285672980177
1 0.006583416397505463 0.5222888354752635 0.013166832795010927 0.22582767095052708
1 0.3308448510556602 0.08149798669130819 0.11430005357072241 0.1077090237259962
1 0.2383437053577313 0.0957103839158391 0.11268300649282174 0.1045203567298018
1 0.02991836161226232 0.7494070923953458 0.05548988960884895 0.22710101087441484
1 0.49628192695410756 0.8933838799615064 0.14309898376465036 0.21323224007698727
1 0.40864692816862824 0.4614985044858053 0.14011035145940204 0.24460152866891213
1 0.36482261039115105 0.2400254111018764 0.13849330438150131 0.24141286167271767
1 0.455473515020829 0.6901301818621232 0.13531375730360065 0.23816052768032883