1 0.034375 0.04296875 0.06875 0.0859375
1 0.034375 0.165625 0.06875 0.18359375
1 0.0265625 0.90234375 0.053125 0.1875
1 0.24453125 0.35390625 0.08046875 0.190625
1 0.0984375 0.3546875 0.075 0.18515625
1 0.034375 0.04296875 0.06875 0.0859375
1 0.034375 0.165625 0.06875 0.18359375
1 0.0265625 0.90234375 0.053125 0.1875
1 0.24453125 0.35390625 0.08046875 0.190625
1 0.0984375 0.3546875 0.075 0.18515625
1 0.2453125 0.16953125 0.078125 0.17734375
1 0.0265625 0.3515625 0.053125 0.1875
1 0.175 0.0390625 0.075 0.078125
1 0.09921875 0.71796875 0.07265625 0.19140625
1 0.321875 0.3578125 0.06875 0.1875
1 0.24375 0.04296875 0.075 0.0859375
1 0.24453125 0.71640625 0.0703125 0.19453125
1 0.31640625 0.9046875 0.0796875 0.190625
1 0.1 0.040625 0.075 0.08125
1 0.028125 0.7171875 0.05625 0.18359375
1 0.09765625 0.90625 0.06484375 0.18359375
1 0.17421875 0.71796875 0.07109375 0.19140625
1 0.24609375 0.5390625 0.07578125 0.1796875
1 0.0984375 0.54140625 0.075 0.18515625
1 0.24375 0.9078125 0.06640625 0.18046875
1 0.31875 0.04296875 0.06875 0.0859375
1 0.09921875 0.1703125 0.075 0.184375
1 0.32109375 0.18046875 0.0703125 0.18203125
1 0.17265625 0.90625 0.0671875 0.18203125
1 0.175 0.540625 0.0765625 0.1859375
1 0.028125 0.5390625 0.05625 0.1875
1 0.17421875 0.35390625 0.07890625 0.1875
1 0.31953125 0.71796875 0.071875 0.18828125
1 0.32265625 0.54140625 0.065625 0.184375
1 0.17578125 0.16953125 0.07734375 0.18671875
0 0.003125 0.334375 0.00625 0.03515625
0 0.05390625 0.34609375 0.0171875 0.028125
0 0.05703125 0.05546875 0.02265625 0.0375