1 0.9466186549227874 0.628760993820695 0.08103000580598803 0.2652147472985769
1 0.8603555798373275 0.8834003890813682 0.12808686223247828 0.2331992218372637
1 0.9387988285836861 0.8808893100857033 0.08121186223247853 0.23822137982859354
1 0.7625629375174594 0.8829457272849588 0.12496186223247854 0.23410854543008242
1 0.869078957442705 0.14687468601289178 0.1149670851145899 0.1985578683170294
1 0.8641782279631833 0.6380457175829228 0.12170046991261074 0.26914338410204514
1 0.7714909036026392 0.13884310715840123 0.11951819279472176 0.19414338410204496
1 0.7670986394833811 0.6394346413592682 0.1217459340192331 0.270705884102045
1 0.6391481695707707 0.8798326497105926 0.1186209340192331 0.24033470057881487
1 0.856722395289369 0.3832749175970403 0.12000157759274224 0.26436487884037313
1 0.9490619741357526 0.1413597043581561 0.08937605172849494 0.1767892841302799
1 0.9492736081423503 0.37614422803567943 0.08884250580598767 0.2656697736069361
1 0.7678417517158597 0.3718376176817449 0.12321750580598767 0.2676718893637169
1 0.6446626644896988 0.38266245464050475 0.11843907759274223 0.2642738735787013
1 0.6412491933234471 0.6344524677946843 0.1217459340192331 0.27070588410204516
1 0.6484254766430351 0.14576169411716106 0.11564904671392995 0.22199536831702943