1 0.475 0.10078125 0.071875 0.17265625
1 0.75234375 0.09921875 0.0703125 0.16953125
1 0.7546875 0.26484375 0.06953125 0.1671875
1 0.621875 0.609375 0.06875 0.17421875
1 0.62578125 0.4390625 0.0703125 0.1703125
1 0.9578125 0.2625 0.0703125 0.1671875
1 0.69140625 0.6140625 0.06953125 0.16953125
1 0.553125 0.27265625 0.07265625 0.17109375
1 0.55703125 0.78671875 0.07109375 0.17109375
1 0.6171875 0.2734375 0.06953125 0.1734375
1 0.471875 0.00390625 0.075 0.0078125
1 0.5515625 0.44140625 0.07109375 0.17109375
1 0.871875 0.0984375 0.07421875 0.171875
1 0.41875 0.78984375 0.07421875 0.17578125
1 0.95390625 0.096875 0.0671875 0.16953125
1 0.8859375 0.603125 0.06796875 0.171875
1 0.5484375 0.096875 0.0703125 0.1703125
1 0.8765625 0.2578125 0.071875 0.1703125
1 0.81953125 0.2703125 0.06796875 0.16796875
1 0.6921875 0.78125 0.06953125 0.16953125
1 0.61328125 0.09921875 0.07109375 0.171875
1 0.553125 0.609375 0.07109375 0.17421875
1 0.81796875 0.09765625 0.06796875 0.1703125
1 0.5453125 0.0015625 0.071875 0.003125
1 0.759375 0.61171875 0.06796875 0.16875
1 0.47734375 0.26484375 0.07109375 0.16875
1 0.62734375 0.784375 0.0703125 0.17265625
1 0.4078125 0.0015625 0.071875 0.003125
1 0.68046875 0.09921875 0.0703125 0.16796875
1 0.41796875 0.61875 0.07265625 0.17578125
1 0.68515625 0.27109375 0.06875 0.16796875
1 0.82890625 0.6109375 0.06953125 0.171875
1 0.83046875 0.778125 0.06796875 0.17109375
1 0.82734375 0.43671875 0.065625 0.16796875
1 0.75703125 0.4359375 0.06953125 0.1703125
1 0.41640625 0.43984375 0.07421875 0.175
1 0.48046875 0.43984375 0.06953125 0.17265625
1 0.8859375 0.778125 0.06875 0.17265625
1 0.946875 0.00390625 0.0625 0.0078125
1 0.70078125 0.9375 0.0703125 0.12421875
1 0.415625 0.27109375 0.07109375 0.1734375
1 0.490625 0.6109375 0.071875 0.17734375
1 0.6890625 0.4375 0.06796875 0.16953125
1 0.62265625 0.9390625 0.06796875 0.121875
1 0.75 0.0015625 0.06875 0.003125
1 0.8859375 0.93359375 0.06796875 0.1328125
1 0.8125 0.00390625 0.06875 0.0078125
1 0.82890625 0.934375 0.0671875 0.13125
1 0.484375 0.7875 0.0703125 0.17109375
1 0.878125 0.00390625 0.06875 0.0078125
1 0.678125 0.0015625 0.06875 0.003125
1 0.4109375 0.1 0.06875 0.175
1 0.959375 0.434375 0.06875 0.16796875
1 0.615625 0.00390625 0.06875 0.0078125
1 0.9625 0.7734375 0.06796875 0.17109375
1 0.5546875 0.9375 0.071875 0.125
1 0.89140625 0.43515625 0.065625 0.165625
1 0.9609375 0.60703125 0.0671875 0.17265625
1 0.7609375 0.78046875 0.06640625 0.171875
1 0.7625 0.9359375 0.06875 0.128125
1 0.49453125 0.940625 0.0703125 0.11796875
1 0.415625 0.940625 0.075 0.11875
1 0.959375 0.9296875 0.06875 0.140625