1 0.2375 0.32734375 0.0734375 0.17421875
1 0.23359375 0.49765625 0.07578125 0.17578125
1 0.3046875 0.9703125 0.078125 0.05859375
1 0.23359375 0.675 0.07421875 0.17734375
1 0.16015625 0.671875 0.07578125 0.1796875
1 0.23828125 0.1515625 0.0734375 0.17265625
1 0.3078125 0.3296875 0.07265625 0.17734375
1 0.08984375 0.85078125 0.07578125 0.18125
1 0.30625 0.85703125 0.07734375 0.18125
1 0.3078125 0.50625 0.0734375 0.17421875
1 0.309375 0.153125 0.071875 0.1734375
1 0.15859375 0.8546875 0.0796875 0.178125
1 0.2296875 0.96875 0.078125 0.0625
1 0.0875 0.96640625 0.075 0.0671875
1 0.0296875 0.31875 0.059375 0.18359375
1 0.028125 0.1421875 0.05625 0.17578125
1 0.025 0.4859375 0.05 0.17578125
1 0.3078125 0.67578125 0.0765625 0.178125
1 0.0921875 0.32109375 0.075 0.178125
1 0.16015625 0.490625 0.075 0.17890625
1 0.08984375 0.4921875 0.078125 0.18203125
1 0.1546875 0.96875 0.078125 0.0625
1 0.2328125 0.85546875 0.07578125 0.178125
1 0.0921875 0.66953125 0.0765625 0.17734375
1 0.0265625 0.84765625 0.053125 0.1796875
1 0.309375 0.0328125 0.07109375 0.065625
1 0.09296875 0.1484375 0.07421875 0.1734375
1 0.1625 0.14765625 0.075 0.17421875
1 0.025 0.96640625 0.05 0.0671875
1 0.025 0.665625 0.05 0.18359375
1 0.16875 0.03125 0.071875 0.06171875
1 0.0953125 0.0296875 0.078125 0.05859375
1 0.0296875 0.0296875 0.059375 0.05859375
1 0.2359375 0.03203125 0.07265625 0.0640625
1 0.16640625 0.32265625 0.07890625 0.1765625