1 0.81796875 0.84375 0.07265625 0.1765625
1 0.81875 0.496875 0.06953125 0.17109375
1 0.81875 0.14921875 0.0703125 0.1765625
1 0.68125 0.1515625 0.071875 0.17109375
1 0.9953125 0.32421875 0.009375 0.171875
1 0.753125 0.0328125 0.075 0.065625
1 0.81875 0.32265625 0.07109375 0.16796875
1 0.81796875 0.66484375 0.0703125 0.17421875
1 0.9953125 0.490625 0.009375 0.16796875
1 0.81875 0.03125 0.06875 0.0625
1 0.8890625 0.490625 0.0734375 0.17109375
1 0.9953125 0.0328125 0.009375 0.065625
1 0.890625 0.84296875 0.07265625 0.17421875
1 0.6796875 0.4953125 0.07265625 0.17890625
1 0.75390625 0.66796875 0.075 0.17265625
1 0.7546875 0.325 0.07421875 0.1703125
1 0.7515625 0.49375 0.0734375 0.17734375
1 0.67734375 0.6734375 0.07265625 0.1703125
1 0.75390625 0.846875 0.07578125 0.17890625
1 0.890625 0.6734375 0.07265625 0.1796875
1 0.7546875 0.15 0.07265625 0.17734375
1 0.67890625 0.846875 0.0734375 0.18125
1 0.96328125 0.84375 0.07265625 0.1703125
1 0.9625 0.49375 0.07109375 0.1671875
1 0.68046875 0.325 0.071875 0.17109375
1 0.9953125 0.1484375 0.009375 0.171875
1 0.678125 0.03515625 0.06875 0.0703125
1 0.89140625 0.14921875 0.07265625 0.17421875
1 0.96328125 0.66484375 0.07265625 0.178125
1 0.8890625 0.3234375 0.075 0.171875
1 0.9953125 0.83984375 0.009375 0.171875
1 0.8890625 0.0296875 0.071875 0.05859375
1 0.96328125 0.321875 0.07109375 0.16953125
1 0.96328125 0.14765625 0.071875 0.171875
1 0.996875 0.9625 0.00625 0.07421875
1 0.9625 0.0328125 0.06875 0.065625
1 0.88828125 0.9640625 0.0734375 0.071875
1 0.8234375 0.96484375 0.06875 0.0703125
1 0.9578125 0.9640625 0.075 0.071875
1 0.67890625 0.96640625 0.0796875 0.0671875
1 0.75078125 0.9671875 0.07734375 0.065625
1 0.78125 0.965625 0.14921875 0.06875
0 0.78359375 0.7765625 0.02421875 0.03515625
0 0.91171875 0.603125 0.025 0.03515625
0 0.915625 0.0859375 0.021875 0.0265625
0 0.77734375 0.2578125 0.0203125 0.0265625
0 0.8453125 0.2546875 0.0203125 0.02578125
0 0.98515625 0.25546875 0.01640625 0.028125
0 0.8453125 0.60390625 0.02109375 0.02578125
0 0.7046875 0.778125 0.021875 0.028125
0 0.9171875 0.775 0.02734375 0.034375