1 0.592614746876742 0.08032822541372357 0.28210449375348395 0.15014764003818004
1 0.5720709636010589 0.17461402741086007 0.2821590359079618 0.1595226400381801
1 0.8515039335468295 0.13411848611549468 0.28055108411256374 0.1516919587046346
1 0.8325317406302262 0.22998496944617663 0.2821408551898024 0.15639764003818007
1 0.5500964905320302 0.2915378980744511 0.2805783551898024 0.15637945870463454
1 0.336223846311008 0.05312773671227063 0.27244769262201596 0.10160105203690739
1 0.31632041246959075 0.12320387937617985 0.27275676483072286 0.15472605203690742
1 0.8081998820225781 0.3445378181094495 0.2790158551898025 0.15636127737108918
1 0.9527442466803503 0.4782599321291759 0.09451150663929937 0.12300224267981755
1 0.9633908551898024 0.379949701463994 0.07321828962039519 0.12587270401018139
1 0.9771306474424761 0.266832083465903 0.04573870511504765 0.12085794000636332
1 0.14856476502711463 0.023602226686817253 0.14400453005422928 0.045422682686180924
1 0.1317090631335207 0.08043348201781737 0.14604881908544903 0.12825336401972637
1 0.7908038246445939 0.4427662327736769 0.2774442648307229 0.15478059603754363
1 0.5311242976154268 0.38740438140513306 0.27902494554888213 0.15792377737108917
1 0.29511355386194266 0.23779309070654361 0.272756764830723 0.15472605203690737
1 0.9877863463110079 0.16930310280072108 0.024427307377984063 0.11904090133672711
1 0.8652391806199635 0.0780321181174037 0.26601588544042365 0.0702783267027256
1 0.9460220688890573 0.5828656161282214 0.10795586222188547 0.12004087468172653
1 0.2595674601832133 0.4389283293682257 0.26962267447164334 0.15312718936981645
1 0.09465046642972927 0.29014428934595393 0.1429510901626879 0.13290450135263548
1 0.11278232201231528 0.1841124653484993 0.14292381908544902 0.1282170013526355
1 0.28552090612487896 0.3345499120384982 0.2665067648307229 0.15465332670272555
1 0.5099128938282388 0.5012123427354969 0.2805601744716434 0.15325445870463456
1 0.07417940602668309 0.3969300913430905 0.13822722872636942 0.12659995735199914
1 0.7687975353187866 0.554221353437268 0.27431017447164335 0.15318173337045274