0 0.8882919586963464 0.05511274821621011 0.026182066772189927 0.042081084186749586
0 0.917083233769171 0.27181512982859346 0.02774456677218957 0.042172089448421435
0 0.7332932554767833 0.31605649544419984 0.021267246239076342 0.03399556840173403
0 0.6707548368969565 0.5622559322335505 0.022738818025830908 0.03096157366340595
0 0.7626384600164945 0.5405258744257473 0.02443771034569906 0.03574007892507769
0 0.7724249854850307 0.6062495849632084 0.02439224623907634 0.03417757892507787
0 0.9730661799956121 0.7333903956841963 0.008767246239076343 0.03326752630835923
1 0.5626471010162144 0.08764640023999637 0.1278307979675713 0.17529280047999274
1 0.651891457442705 0.07889375554402053 0.1337170851145899 0.15778751108804107
1 0.5970207863555957 0.28187745847132256 0.1303025801000249 0.24312691567207612
1 0.7490392420824412 0.06665208980135728 0.13004651583511767 0.13330417960271457
1 0.832883044668866 0.055601197736217356 0.12798391066226814 0.11120239547243471
1 0.955914750066507 0.41149998513261765 0.06752979546028896 0.2301117052052021
1 0.9063095551602143 0.42764790087528093 0.13659804420664762 0.24505343671876342
1 0.7777766928612287 0.23469310337905994 0.13664350831327035 0.24661593671876342
1 0.9343820455267957 0.18657557984271095 0.09114915188677948 0.23772678413027987
1 0.8073946820406761 0.44978748236060734 0.13668897241989306 0.24817843671876355
1 0.9691492212992656 0.6267686693617195 0.02860368778015676 0.23252407366340577
1 0.8738166185671916 0.20414178241707712 0.13021165188677947 0.24000191567207613
1 0.924830919966482 0.6488480666885313 0.11642193652651542 0.2485578683170294
1 0.71068716660127 0.47647805595342607 0.13517193652651543 0.24964993145709155
1 0.8629661027985811 0.845093006108718 0.11439277210332363 0.12521137357870132
1 0.7438476929277357 0.7038449217807939 0.13508100831327036 0.2465249314570917
1 0.6803561235817566 0.2590854296027146 0.13659804420664745 0.24505343671876342
1 0.9392247259181191 0.8242730009176332 0.07390416442319178 0.12753273677523325
1 0.6250990075883545 0.4962815927145419 0.13342758010002492 0.24330892619541977
1 0.8380750660472739 0.6819783560804831 0.14022314937949715 0.26242294724210724
1 0.761775675838977 0.8650253454865521 0.11751777210332381 0.12539338410204479
1 0.9097183293086021 0.043405034624390035 0.08681334138279588 0.08681006924878007
1 0.6776136245061934 0.8894253769859961 0.11393813103709682 0.10958637357870131
1 0.6552254621280656 0.7207054690652533 0.13342758010002492 0.24330892619541977