1 0.05792644880385399 0.5640812286759995 0.11585289760770798 0.27476473734881746
1 0.015668826463020764 0.2986556760025453 0.03133765292604153 0.26913180800445435
1 0.05792644880385399 0.5640812286759995 0.11585289760770798 0.27476473734881746
1 0.04318657589433988 0.9709488466740905 0.08637315178867976 0.032504512014635625
1 0.050938045451301796 0.8280346406747269 0.10187609090260359 0.2732386000159085
1 0.15547582921909675 0.572276084022908 0.11759276918604193 0.2872283746817267
1 0.07454017942718726 0.28922667934436314 0.12217116641250023 0.2825954186823629
1 0.4935440993550692 0.31676461740131506 0.12180749050069473 0.2669704186823629
1 0.1735589076756942 0.29897494402449887 0.120463196047778 0.2763272373488174
1 0.1390461697404507 0.8416891553548627 0.12355182845659747 0.27480110001590824
1 0.29947136350711795 0.09335274737427084 0.12293227298576408 0.1810692813494538
1 0.1861719297115277 0.0928158506922261 0.11828114057694457 0.18257723734881745
1 0.351764375287534 0.834786816717043 0.13314503400368077 0.28428518801718106
1 0.2342651379209714 0.9811158293682258 0.10541485182361114 0.032468149347544537
1 0.08302874591593742 0.09239713267822673 0.11831750816812517 0.18413973734881747
1 0.44661966755624916 0.9867931173615443 0.10853985182361114 0.026413765276911506
1 0.4593223021492701 0.8469788287316788 0.13176437195958357 0.2920795066836355
1 0.4802758074676037 0.5846515514003606 0.13169163677722243 0.28895450668363554
1 0.37177297644555507 0.5794816987189522 0.1285666367772224 0.2889181440165448
1 0.2648326454235065 0.5743300273710892 0.13012913677722251 0.2889363253500902
1 0.24142628733163124 0.8413175327020893 0.13147343123013916 0.2795795066836355
1 0.3873850183330206 0.3116220367202248 0.13161890159486136 0.2858295066836356
1 0.28200718731097196 0.3064885467059073 0.13478026918604194 0.2874283693507265
1 0.4096457973027082 0.0938532813892247 0.11820840539458355 0.1794522373488175
1 0.5157866945291666 0.09977711207031495 0.12780161094166687 0.18893632535009014
1 0.3403696675562492 0.987737452020999 0.10839438145888894 0.024525095958001942
1 0.13052254208128392 0.9728755206874535 0.10868532218833335 0.038754512014635624
0 0.21550152659805494 0.7464590186982714 0.09280705547083343 0.09480451734563573
0 0.14390973489802067 0.19625847668681726 0.08488545269729171 0.09002611067790856
0 0.19878288602111036 0.9275635680299079 0.03855466014423614 0.045748852005090865
0 0.09182437120347145 0.9231931466820449 0.0324501305089584 0.0519261266709087
0 0.12571755366788154 0.47424711668522634 0.04044446846486114 0.059829533338636054
0 0.010213687785937235 0.6549056760025452 0.02042737557187447 0.044131808004454244
0 0.3574994562126734 0.21906181938254318 0.030887630508958354 0.051907945337363426
0 0.03994893351124983 0.19739316800604517 0.037028527735416705 0.04729317067154524
0 0.08244751766743048 0.08379429201145402 0.06010496466513904 0.166279528007636