1 0.2453152378185448 0.8953125 0.21344666558343128 0.14375
1 0.27817655640680095 0.80859375 0.22169554220663673 0.16875
1 0.6574919094910561 0.83203125 0.2248750892845374 0.171875
1 0.1083492516182625 0.746875 0.19346144805083534 0.1625
1 0.6231635482891261 0.92421875 0.2198330332781829 0.1515625
1 0.04081905803165402 0.59296875 0.06347393912238161 0.1453125
1 0.4196118542954805 0.94453125 0.19881142126547413 0.1109375
1 0.5936630089218632 0.9796875 0.20070911201270877 0.040625
1 0.4535407950427152 0.87421875 0.22638304220663663 0.16875
1 0.3036520689887027 0.7015625 0.2250114569792891 0.1796875
1 0.47971573700776593 0.7625 0.22169554220663668 0.16875
1 0.13697703773911457 0.64140625 0.22018758928453744 0.171875
1 0.09208509780265875 0.84453125 0.1572784862002823 0.1484375
1 0.8311709172016938 0.890625 0.2153637215897856 0.1640625
1 0.7869357219902323 0.95234375 0.2235386858759707 0.0953125
0 0.04463557913497238 0.67734375 0.06181025324641087 0.05