0 0.9078384046296779 0.4674051584318063 0.026998876623205346 0.025618249050069507
0 0.8971248214309252 0.3647704677023619 0.05216251785690744 0.03557513050895835
1 0.9731479845820198 0.6213308986481605 0.03472164772652384 0.11013871941479181
1 0.8644182723277251 0.9400243876302439 0.24094437418757347 0.11337674145062522
1 0.8263662621781599 0.4334646098948271 0.2569784772718286 0.1371779173624308
1 0.9374669979714051 0.11326317229951469 0.05347164772652384 0.11057513050895836
1 0.9612515511383858 0.3178058551451744 0.04253414772652384 0.11032055737069442
1 0.854587125004943 0.742059013105209 0.2538807508107788 0.13866768218006947
1 0.7899295247567663 0.058245751137361766 0.2513909504864674 0.0855063145888891
1 0.9292511233767946 0.04663871675243133 0.0508727532464107 0.05116376291777782
1 0.8605995714342205 0.8453658510611118 0.24601370373287815 0.13536084422416686
1 0.836244048299012 0.5392061168286812 0.2554159772718285 0.13714154977125012
1 0.8017789139618735 0.1405861256623965 0.25536143019392804 0.13401654977125022
1 0.9466044444006826 0.21664274543777856 0.05352619480442442 0.11370013050895836
1 0.9693292836885152 0.5266723620790286 0.04574096834337453 0.11508079255305574
1 0.8446684285756654 0.6386612561713549 0.2538807508107791 0.13866768218006964
1 0.8102578413164275 0.23691626500507015 0.2569784772718286 0.13717791736243076
1 0.9642344549539896 0.4155712079187161 0.053471647726523484 0.11057513050895836
1 0.81860040097623 0.3410589043477438 0.2570057508107787 0.13874041736243078