1 0.6796875 0.8953125 0.128125 0.07578125
1 0.80078125 0.89375 0.11796875 0.0765625
1 0.68359375 0.8203125 0.12109375 0.075
1 0.68515625 0.75390625 0.12109375 0.071875
1 0.9109375 0.96875 0.121875 0.0625
1 0.32890625 0.953125 0.11953125 0.071875
1 0.790625 0.96640625 0.11875 0.0671875
1 0.9234375 0.75859375 0.11875 0.07109375
1 0.80625 0.75625 0.128125 0.071875
1 0.31875 0.98984375 0.11875 0.0203125
1 0.56953125 0.75234375 0.1140625 0.07265625
1 0.2171875 0.94375 0.11328125 0.075
1 0.2078125 0.98828125 0.121875 0.0234375
1 0.4375 0.99375 0.11875 0.01171875
1 0.225 0.878125 0.10546875 0.075
1 0.45078125 0.81328125 0.1203125 0.075
1 0.084375 0.9859375 0.1375 0.02734375
1 0.9859375 0.9703125 0.028125 0.05859375
1 0.6765625 0.96484375 0.128125 0.0703125
1 0.10625 0.80078125 0.14140625 0.075
1 0.103125 0.87578125 0.14921875 0.07421875
1 0.46015625 0.74921875 0.11796875 0.07109375
1 0.92421875 0.83203125 0.1234375 0.071875
1 0.5671875 0.81875 0.11171875 0.075
1 0.71328125 0.06015625 0.10859375 0.06015625
1 0.55625 0.9609375 0.1125 0.078125
1 0.56484375 0.88984375 0.10859375 0.07421875
1 0.446875 0.95859375 0.1125 0.07578125
1 0.81015625 0.82421875 0.1296875 0.0734375
1 0.990625 0.7640625 0.01875 0.07421875
1 0.33671875 0.88046875 0.1140625 0.07421875
1 0.09609375 0.940625 0.13984375 0.0765625
1 0.9921875 0.90234375 0.015625 0.0703125
1 0.9203125 0.9 0.128125 0.0703125
1 0.44921875 0.88515625 0.115625 0.0734375
1 0.990625 0.8359375 0.01875 0.0703125
1 0.55625 0.99609375 0.11875 0.0078125
1 0.35 0.74296875 0.12578125 0.07265625
1 0.34140625 0.809375 0.11328125 0.0734375
1 0.92578125 0.0671875 0.11328125 0.06328125
1 0.28828125 0.05703125 0.1046875 0.0578125
1 0.6765625 0.99765625 0.121875 0.0046875
1 0.23203125 0.80546875 0.11953125 0.07265625
1 0.603125 0.06015625 0.11484375 0.05625
1 0.1140625 0.73671875 0.1203125 0.071875
1 0.9859375 0.0765625 0.028125 0.05859375
1 0.81953125 0.0625 0.1171875 0.0578125
1 0.2296875 0.7390625 0.12578125 0.075
1 0.453125 0.059375 0.2078125 0.05703125
1 0.0359375 0.79921875 0.07109375 0.07578125
1 0.92890625 0.0203125 0.1140625 0.040625
1 0.82265625 0.01875 0.11875 0.0375
1 0.715625 0.0171875 0.1125 0.034375
1 0.3953125 0.05859375 0.115625 0.059375
1 0.03359375 0.73359375 0.0671875 0.0671875
1 0.128125 0.059375 0.2203125 0.05546875
1 0.990625 0.021875 0.01875 0.04296875
1 0.29140625 0.015625 0.1125 0.03125
1 0.028125 0.86796875 0.05625 0.0734375
1 0.128125 0.01640625 0.2328125 0.0328125
1 0.01796875 0.9359375 0.0359375 0.075
1 0.6109375 0.01640625 0.1109375 0.0328125
0 0.1859375 0.83203125 0.03203125 0.02734375
0 0.29609375 0.8359375 0.028125 0.025
0 0.96875 0.78671875 0.02734375 0.03203125