1 0.7691965326537737 0.7950329506457735 0.07451390507947586 0.12235838479802066
1 0.9889323137447399 0.4145344230656664 0.022135372510520314 0.11657974623907634
1 0.9465352711362103 0.42011082165374064 0.07920140507947586 0.12249477711788863
1 0.8206225902808366 0.5467833187507468 0.08087303248413776 0.12566524122451134
1 0.6479042758607156 0.0929954260351673 0.08087303248413757 0.12566524122451134
1 0.9259052794889125 0.18693460880075916 0.08221727767481397 0.11946070533113406
1 0.9739112648292743 0.9005257473597036 0.05217747034145148 0.12722774122451136
1 0.9221949477304145 0.08068460880075919 0.081889895460829 0.11008570533113407
1 0.7379241629688422 0.4358936313663014 0.08081846878180662 0.12410274122451134
1 0.42418413301659336 0.793579133082161 0.07774803248413757 0.12557431301126593
1 0.9639050484521293 0.662730230666656 0.07218990309574132 0.12731866943775677
1 0.7159153091474615 0.9808727130175836 0.07534722958158006 0.03825457396483287
1 0.7466493769413256 0.5516550236861694 0.0760218413771451 0.1208413489046432
1 0.8354118096956157 0.7914964251772375 0.08092759618646853 0.12722774122451136
1 0.8295387772114781 0.6680134610706148 0.08394346878180663 0.12419366943775678
1 0.9804613155164293 0.17995483458586436 0.03907736896714127 0.12604567445232168
1 0.9694804532151192 0.7808808370931468 0.0610390935697616 0.12727320533113406
1 0.7083904966262569 0.9087711902209323 0.08081846878180662 0.12410274122451134
1 0.6558755216843644 0.209515336301724 0.08065477767481415 0.11941524122451135
1 0.6373785921797532 0.9090463233696002 0.07931053248413758 0.12561977711788863
1 0.7625149683184705 0.6707460044858395 0.07456846878180663 0.12392088479802066
1 0.9132094274816305 0.7843946305083715 0.08405259618646851 0.12731866943775677
1 0.8103075944571879 0.430195212324256 0.08092759618646853 0.12722774122451136
1 0.9393179934613961 0.3028323934404953 0.07774803248413775 0.1255743130112661
1 0.7188021076192138 0.20120038261994258 0.0775843413771451 0.120886813011266
1 0.6811607861971527 0.5536517812080168 0.07763890507947586 0.12244931301126591
1 0.9028125861044856 0.6654627740818808 0.08243553248413775 0.12571070533113407
1 0.8834995577966991 0.425300775335522 0.08076390507947587 0.12254024122451135
1 0.5827108401960187 0.215191023290458 0.07763890507947586 0.122449313011266
1 0.9779787332945951 0.9790596435070021 0.04404253341080988 0.041880712985995674
1 0.690076973127794 0.6748819235278848 0.08243553248413775 0.12571070533113407
1 0.7876811817427998 0.979551905416594 0.07858135698624161 0.040896189166812036
1 0.5725894058820841 0.908722062944759 0.07316965988879928 0.12856292069139813
1 0.9250993361893034 0.9803804511079919 0.07858135698624195 0.03923909778401615
1 0.8543080432839109 0.08105067016267256 0.07736608656782167 0.114636813011266
1 0.5479762639646342 0.5614833500917775 0.07925596878180681 0.12405727711788864
1 0.9577133625133551 0.5390654101335427 0.08410715988879928 0.1288811694377568
1 0.6708185085223385 0.43628242478152607 0.07295140507947587 0.12231292069139794
1 0.37494049101432536 0.12095397532288676 0.07144346878180681 0.12382995658477532
1 0.8015550986335391 0.313652570004388 0.07920140507947586 0.12249477711788873
1 0.8517709635939653 0.981655794602359 0.0784722295815797 0.03668841079528207
1 0.6292982189514428 0.7894014131030437 0.08081846878180662 0.12410274122451134
1 0.483618642002268 0.6852641794003796 0.07295140507947587 0.12231292069139812
1 0.5520958234906137 0.6794521000917776 0.07763890507947586 0.12244931301126591
1 0.5384152362898199 0.44413672571859825 0.07752977767481432 0.11932431301126596
1 0.36365586078407475 0.8035247829238765 0.07495041469812272 0.13485838479802048
1 0.5015502195844149 0.9082159460934272 0.08092759618646853 0.1272277412245117
1 0.9735119110699257 0.07515367431930767 0.04389882213985139 0.09493206677218971
1 0.5737946532653774 0.09396088097058995 0.07144346878180681 0.12382995658477529
1 0.7808830555192644 0.906197771178887 0.07774803248413739 0.12557431301126626
1 0.5283184952754946 0.33379861929210747 0.07462303248413775 0.12548338479802065
1 0.4369520062449038 0.9133604356685858 0.07774803248413757 0.12557431301126593
1 0.6410244365521232 0.9821253244586394 0.07523810217691818 0.03574935108272115
1 0.3826116364751544 0.22888013558944348 0.07396826805616738 0.10673338479802066
1 0.8740476575265465 0.3110791509623427 0.08087303248413776 0.12566524122451134
1 0.4762103913692958 0.5625170011871342 0.07295140507947587 0.12231292069139812
1 0.5982713859270002 0.43729334382357143 0.07920140507947586 0.12249477711788863
1 0.9856188134282536 0.29493497690573245 0.02876237314349268 0.12282974623907635
1 0.4662773414619631 0.4568663947606435 0.07100695916315995 0.11132995658477522
1 0.729925635294028 0.31859247109974465 0.08076390507947587 0.12254024122451135
1 0.8917163402808367 0.5488519356020788 0.08717759618646852 0.1274095976510022
1 0.5778795958079502 0.9847316673261858 0.07345734736759475 0.0305366653476284
1 0.4929068511654279 0.794798303773559 0.08065477767481415 0.11941524122451135
1 0.6183111005324557 0.6759155746232415 0.07763890507947586 0.12244931301126591
1 0.5124578491816933 0.10310254875899405 0.07495041469812272 0.13485838479802065
1 0.6079415410064761 0.5577649681967507 0.07774803248413775 0.12557431301126593
1 0.39690978256895565 0.4595307420159342 0.07402283175849825 0.10829588479802066
1 0.44118812765911575 0.9835579607414104 0.06871528366526398 0.032884078517179206
1 0.6981573463561045 0.7945268337944416 0.08232640507947586 0.12258570533113407
1 0.6644643264010206 0.32137047862159207 0.07295140507947587 0.12231292069139794
1 0.41403282829993715 0.6816785266556703 0.07462303248413757 0.1254833847980205
1 0.8651314705959052 0.18984900864247461 0.08076390507947587 0.12254024122451135
1 0.5921900223173366 0.3301938976636374 0.07763890507947586 0.122449313011266
1 0.9952480457309815 0.5349833153855345 0.00950390853803711 0.12572742570596293
1 0.44576142250267103 0.11521009217421876 0.07985616950744615 0.1412447771178887
1 0.7076512980932342 0.08302704414014053 0.08405259618646851 0.12731866943775674
1 0.32102929573098155 0.23099055337784757 0.07752977767481414 0.119324313011266
1 0.791994070958725 0.1963059456312086 0.08399803248413776 0.12575616943775675
1 0.4612128408289909 0.33418741270733215 0.074841287293461 0.13173338479802066
1 0.5067585639567849 0.982904742873864 0.0750744110699257 0.03419051425227195
1 0.5653448463561045 0.7906623847315137 0.0743502139724832 0.11767088479802049
1 0.9203994233052792 0.900891808721617 0.08087303248413776 0.1256652412245117
1 0.3538492964487717 0.679146908550697 0.074841287293461 0.13173338479802066
1 0.3140302728654908 0.11996212516460221 0.07774803248413757 0.125574313011266
1 0.8464807736680988 0.9073260136570396 0.08087303248413776 0.12566524122451134
1 0.32880956859647226 0.3420417136444043 0.07812997840045366 0.136511813011266
1 0.782514888837407 0.08130307125802923 0.07752977767481414 0.119324313011266
1 0.36844754290539267 0.9183912649771877 0.0760218413771451 0.12084134890464356
1 0.4537326683263198 0.23173000244077543 0.07553076805616729 0.10677884890464336
1 0.40299114617861925 0.5666301881758683 0.07752977767481414 0.11932431301126592
1 0.343725273583281 0.5680275521242064 0.07391370435383653 0.10517088479802066
1 0.3733557869149429 0.9864412683424 0.07312996515360962 0.02711746331520004
1 0.3359722825689556 0.45775764185764967 0.07725695916315996 0.11151181301126592
1 0.39039190934064516 0.3399312958560002 0.07656747840045366 0.1364663489046433
1 0.5204290950053421 0.21962245902555075 0.07574902286549072 0.11302884890464329
1 0.3112748058977825 0.041055875164602205 0.07394842068857255 0.06146634890464333
1 0.37051339664195543 0.038877261216264086 0.06904266587924912 0.05507995658477528
1 0.5652529777674815 0.028154024544099227 0.07425595553496293 0.025574313011266014
1 0.5059325414698123 0.027988888492437348 0.07749008293962448 0.02879024122451137
1 0.40938492368379736 0.03454511388183111 0.132777783665264 0.04756898495630522
1 0.4381547644279703 0.03147994985435072 0.0700049651536098 0.03793792069139797
0 0.4570957373861283 0.03749426913382289 0.028834328130301047 0.02113085391920826
0 0.401976706167935 0.157641633082161 0.022475200725639334 0.017823997492717503
0 0.40797622422410235 0.262397329242095 0.03870040145127884 0.035466138558944316
0 0.37028033909971036 0.6132862278301692 0.022420637023308564 0.016261497492717502
0 0.5093106119652011 0.7281563730530312 0.0336855192372937 0.025954746239076343
0 0.713137439377712 0.3071775979802065 0.032232146641955416 0.029034282132453626
0 0.6438393793883963 0.7141202682758931 0.024310519237293705 0.02568196159934022
0 0.941691580747008 0.8624885382676457 0.02576389183263217 0.02260242570596276
0 0.598891500254454 0.9892857808455588 0.025873019237293703 0.021428438308882393