1 0.06405476757052128 0.5364187681503726 0.11116223765090308 0.3459124636992548
1 0.02286084422416687 0.24365000605012418 0.041066636777222464 0.2876999878997516
1 0.12370840339781322 0.8501767411212053 0.14600870991548637 0.299246541958086
1 0.15024618749840318 0.5132580032214538 0.21610431078916698 0.3574590177575892
1 0.4829184428167368 0.7738581181738138 0.21450544319798634 0.35588742739850937
1 0.40258089864816055 0.981384792743653 0.14763871941479162 0.03366699375348432
1 0.08481533035645852 0.2198488916869395 0.16628484232430582 0.29780221662612105
1 0.4080573810776393 0.4445615036142373 0.21610431078916686 0.35745901775758926
1 0.35786454464034795 0.805839892079723 0.21134407560680585 0.35430674668035034
1 0.21391517609923683 0.8316807502945875 0.21559516451263913 0.3355840177575892
1 0.28218586531006984 0.4749853226996863 0.21457817838034748 0.3590124273985095
1 0.3404282443004168 0.1574160276183424 0.19735300436840308 0.2901715238077134
1 0.21370274335048628 0.18471939188333122 0.19735300436840306 0.2901715238077134
1 0.5326677889407646 0.9642194977605048 0.14996493882958326 0.06648858411256384
0 0.037527981951319865 0.5045375090751862 0.05374455547083341 0.09404998184962743