1 0.019925347405507526 0.8876448171543402 0.03985069481101505 0.07783536569131969
1 0.652631338480349 0.9078721709747217 0.2602671185055307 0.14662565254479176
1 0.6662728729763481 0.7974431640408675 0.26034893912238155 0.15131315254479177
1 0.15815463555824977 0.9162575135833679 0.2611750535707224 0.10916202013597243
1 0.17675245130383682 0.7455813376715623 0.26659893912238164 0.15145862290951406
1 0.6788604220828436 0.7026573409026036 0.26344666558343127 0.1498233877271531
1 0.1625751286583909 0.8419660284010068 0.2682432597392327 0.15618249050069472
1 0.026185030035067385 0.8203300305852084 0.05237006007013477 0.12496493882958326
1 0.40209950447081744 0.9441597355636107 0.26098413879807014 0.09822452013597242
1 0.40878192695410753 0.8745011989944789 0.2665989391223817 0.15145862290951406
1 0.42475357468063135 0.7647988906738539 0.2650091655834313 0.1498597553183334
1 0.8766842674564611 0.7331949068226729 0.16155688311602737 0.1287094943004167
1 0.024659486203577587 0.7250720819719791 0.04931897240715517 0.12173083605604162
1 0.42331953409555245 0.667996625856215 0.26657166558343126 0.14989612290951407
1 0.8389273486266188 0.9277449938286452 0.1565148271096728 0.10828789152687505
1 0.8586688786583909 0.8257642665300688 0.16322847727182851 0.13499586189159735
1 0.1927377357998358 0.6350977793509374 0.26662621266133196 0.15302112290951406
1 0.8907661327155807 0.6422789660932284 0.1677523360381265 0.125729964665139
1 0.6486335852339382 0.9579449061570827 0.25717730032431163 0.0590892849536111
1 0.037332810066839486 0.6138618250381249 0.07466562013367897 0.11915134992375016
1 0.6913934241114384 0.6109965177643397 0.2602671185055307 0.14662565254479193
1 0.44532299351047355 0.5706488471708676 0.26336484496658025 0.14513588772715308
1 0.045223176543775195 0.5144794208778125 0.09044635308755039 0.11791615824437507
1 0.20071960552318235 0.5357335589862151 0.25865007142762986 0.14346428495361127