1 0.19402025018743124 0.8171875 0.14568140159486137 0.284375
1 0.2602666591943056 0.071875 0.12990831838861122 0.14375
1 0.2974907423036465 0.83203125 0.14884276918604195 0.2859375
1 0.2192877814382296 0.56015625 0.14884276918604192 0.2859375
1 0.3619928133546181 0.07890625 0.1333606267092362 0.1578125
1 0.24384614466100718 0.27265625 0.1456086664125002 0.28125
1 0.07153081430454865 0.05234375 0.0649366286090973 0.1046875
1 0.05403810904180576 0.240625 0.08150979882131967 0.2796875
1 0.34495470298163217 0.28671875 0.14400979882131965 0.2796875
1 0.32046907494121574 0.57734375 0.14397343123013914 0.278125
1 0.027867920115313166 0.79453125 0.02525979882131968 0.2796875
1 0.09289350807121596 0.80234375 0.147353004368403 0.2890625
1 0.03969054720579905 0.53046875 0.061197298821319676 0.2796875
1 0.14834788744281255 0.06328125 0.13419577488562512 0.1265625
1 0.1403392849536113 0.25625 0.14724390159486136 0.284375
1 0.11581728932201436 0.5453125 0.14728026918604192 0.2859375