1 0.9678926578727935 0.27564720544775156 0.0642146842544129 0.11289614767057934
1 0.42079156128136025 0.18362356399720864 0.1659443741875734 0.11641065128862396
1 0.7003092861175567 0.4121391468776098 0.16750687418757337 0.11649253844375376
1 0.7357153575484819 0.07055915648854824 0.15873980032431162 0.06139560266810493
1 0.9617068875802541 0.3721537132496676 0.07658622483949173 0.11363313206674715
1 0.7113092414752881 0.32685674411864785 0.16440914772652385 0.1178912641334942
1 0.1005353827089901 0.3042138664629149 0.16926028896022585 0.12751192559888347
1 0.972597748782184 0.18530881049070566 0.05480450243563197 0.1060729375846711
1 0.9759176176947516 0.10895102837853003 0.04816476461049675 0.08691350180902234
1 0.27513814204448095 0.1564768085701417 0.15810460064862308 0.11443871551297517
1 0.720555782060367 0.2305549542045561 0.16131142126547413 0.11928998982323469
1 0.5764784995929629 0.20427133593261892 0.16122960064862307 0.11460248982323469
1 0.8631853871732169 0.3527685481662338 0.16747960064862316 0.11493003844375371
1 0.8576132715070601 0.43599380596814985 0.16438187418757338 0.11632876413349424
1 0.03764209618439625 0.0995396545679843 0.04867505357072244 0.10558161465389256
1 0.5795977711033183 0.11467324739800819 0.1627648271096728 0.11312187697836444
1 0.43240912540538945 0.0890071048158115 0.1580500535707225 0.11131371551297517
1 0.4105319456152034 0.2666031603337355 0.16131142126547413 0.11928998982323469
1 0.5894170560063544 0.05118395748391645 0.1553693384737585 0.047169328357845444
1 0.5484195036501527 0.3854460928300239 0.16904210064862307 0.11501192559888355
1 0.5647382045436571 0.29185654511401604 0.1612023271096728 0.11303998982323468
1 0.4400073912337021 0.03242623416902515 0.15188978246740414 0.02669305404758593
1 0.8739671542193456 0.2549861454072718 0.16435460064862317 0.1147662641334942
1 0.1319182017042833 0.04515977103089916 0.15758640340856664 0.08475121551297518
1 0.29148411647693573 0.06444976085413386 0.15796823295387147 0.10662621551297517
1 0.9609080466708637 0.45722807609453786 0.07818390665827266 0.10910940637700665
1 0.3941586976437983 0.35706770804974336 0.1660807418823252 0.12422315128862386
1 0.13011596834337483 0.12077724672063965 0.15810460064862314 0.11443871551297517
1 0.2609995499172745 0.2408141870188442 0.16131142126547413 0.11928998982323469
1 0.11688135714144487 0.212186818746907 0.16602619480442446 0.12109815128862396
1 0.7274585726454459 0.13413033355776977 0.15815914772652384 0.11756371551297518
1 0.8881954752432335 0.08635565411369907 0.15882162094116267 0.06608310266810495
1 0.25084902840691903 0.330043783355371 0.15500687418757347 0.11583744120271575
1 0.8832682418823252 0.16180935549318004 0.1627102800317722 0.10999687697836444
1 0.04355513108743231 0.035845646766068176 0.05898526217486462 0.07021732473980083
0 0.91695131533855 0.39227146144064534 0.038045470779006864 0.03321529172311406
0 0.9810375401780419 0.22087449626635441 0.03792491964391616 0.03181656603337357