1 0.44326116514810765 0.9179576204196437 0.24734166442319178 0.13621189620024127
1 0.4452161217328829 0.9710605297373263 0.2427618130112661 0.05787894052534739
1 0.1910919452354972 0.6426422806418376 0.2395746285298145 0.13736496042459265
1 0.20310386341961273 0.733758603572616 0.24274509263643723 0.139091234734852
1 0.409941233636157 0.6307099259375677 0.2381939849563052 0.1435330732694627
1 0.4332747482176334 0.8160266282215598 0.24439852084968247 0.14229812188998175
1 0.42450149030007456 0.7289803296010409 0.24100073620994636 0.13275934757972224
1 0.21961071648089114 0.9257380636585243 0.24274509263643712 0.1390912347348518
1 0.22444062047924165 0.9762659288782437 0.23743781551854842 0.04746814224351255
1 0.21132319187028487 0.8285764586155702 0.24596102084968247 0.14238000904511167
0 0.277496109658689 0.7704197998637144 0.05426160266556703 0.041846663274411534
0 0.5072374339527261 0.7574981552453528 0.04484113855894449 0.03979284034363299
0 0.3615625357603633 0.9518988511977667 0.04787521034569897 0.03683161465389233
0 0.06149903661829313 0.7731409288782437 0.0228297462390763 0.033958920171816585