1 0.12109375 0.71875 0.06796875 0.1625
1 0.05703125 0.71171875 0.06875 0.16328125
1 0.32265625 0.3984375 0.0671875 0.1609375
1 0.0453125 0.98203125 0.071875 0.0359375
1 0.0125 0.2171875 0.025 0.16015625
1 0.246875 0.98046875 0.06875 0.0390625
1 0.003125 0.98203125 0.00625 0.0359375
1 0.115625 0.984375 0.06875 0.03125
1 0.25078125 0.71796875 0.06796875 0.16484375
1 0.05625 0.54765625 0.06875 0.1640625
1 0.0109375 0.54296875 0.021875 0.1640625
1 0.009375 0.7125 0.01875 0.16796875
1 0.3203125 0.984375 0.065625 0.03125
1 0.3234375 0.725 0.06953125 0.165625
1 0.1765625 0.984375 0.071875 0.03125
1 0.2515625 0.3953125 0.0671875 0.15859375
1 0.3234375 0.55859375 0.06953125 0.1625
1 0.0140625 0.0703125 0.028125 0.140625
1 0.121875 0.55078125 0.06796875 0.16484375
1 0.11953125 0.384375 0.06953125 0.16171875
1 0.0625 0.07421875 0.06640625 0.1453125
1 0.18515625 0.3953125 0.06875 0.16484375
1 0.24921875 0.8859375 0.06640625 0.16328125
1 0.19375 0.07734375 0.0671875 0.15078125
1 0.053125 0.38125 0.0703125 0.16484375
1 0.1828125 0.5484375 0.06953125 0.16640625
1 0.32109375 0.88828125 0.06484375 0.16640625
1 0.06015625 0.2265625 0.06875 0.15859375
1 0.12265625 0.07578125 0.06796875 0.1484375
1 0.05390625 0.88046875 0.06953125 0.16796875
1 0.38359375 0.23984375 0.06796875 0.15859375
1 0.3234375 0.23828125 0.06171875 0.159375
1 0.18203125 0.71328125 0.0703125 0.16796875
1 0.2515625 0.234375 0.06640625 0.159375
1 0.25234375 0.078125 0.06640625 0.15390625
1 0.184375 0.23046875 0.07109375 0.16015625
1 0.38203125 0.88828125 0.06796875 0.16484375
1 0.38359375 0.55546875 0.06640625 0.1640625
1 0.11875 0.88125 0.06796875 0.16640625
1 0.38359375 0.40390625 0.06796875 0.16328125
1 0.0046875 0.8765625 0.009375 0.16796875
1 0.1234375 0.2296875 0.065625 0.159375
1 0.2515625 0.55546875 0.06484375 0.1640625
1 0.18046875 0.88359375 0.07109375 0.16640625
1 0.3234375 0.08203125 0.06796875 0.159375
1 0.3796875 0.9859375 0.065625 0.02734375
1 0.0125 0.37890625 0.025 0.1640625
1 0.38984375 0.72265625 0.0625 0.1609375
1 0.390625 0.0859375 0.06328125 0.16484375