1 0.27301150682442554 0.14280693920842508 0.21690501778268026 0.14041071032569966
1 0.005297467949296052 0.292043286831703 0.010594935898592103 0.09971157366340595
1 0.10417269261831916 0.2589416314712091 0.20834538523663831 0.1371036998023559
1 0.029439135236638325 0.4397296289109603 0.05887827047327665 0.1200842578219206
1 0.25379277998378935 0.08450161554501918 0.20116870181924557 0.10365416297065297
1 0.019175877378755472 0.3695158394484214 0.038351754757510945 0.10465667889684287
1 0.34148740922457166 0.45544271807703307 0.21675946856846862 0.13728571032569956
1 0.08273757134011821 0.12444553413027984 0.16547514268023641 0.10826606826055966
1 0.09272900144774207 0.1805513209619828 0.18545800289548414 0.13922764192396558
1 0.32641252688341743 0.37544440493697084 0.22159251778268024 0.14068372611071514
1 0.2881591637726856 0.22124275234848728 0.2198844685684686 0.1374677208490433
1 0.14693473449363129 0.49503032089139565 0.21512419396136276 0.13563220506402782
1 0.12866207754537123 0.4164124972279897 0.21526974317557443 0.1387572050640277
1 0.035032009719909676 0.5253409052193195 0.07006401943981935 0.10068181043863902
1 0.11255123407934653 0.3418374314570916 0.22010279238978617 0.1421552208490434
1 0.31339029611383984 0.30183259968941645 0.22649834160399784 0.14564424189573072
0 0.15367500186202682 0.21576004984470823 0.04869436517764645 0.04179265785015547
0 0.19092879115144107 0.3746036998023559 0.051819365177646445 0.04197466837349921
0 0.00522253928941426 0.3304155420933748 0.01044507857882852 0.03583108418674961
0 0.026112812243890275 0.49896041574266314 0.04883991439185814 0.044917657850155376
0 0.3931848039717226 0.33781487329635257 0.05687073821317572 0.050060184158514785