1 0.965625 0.91796875 0.06875 0.1640625
1 0.9015625 0.75078125 0.0734375 0.175
1 0.759375 0.40546875 0.071875 0.171875
1 0.9671875 0.3984375 0.065625 0.1796875
1 0.96875 0.74609375 0.0625 0.171875
1 0.82734375 0.75234375 0.0734375 0.17578125
1 0.90078125 0.5734375 0.07421875 0.17734375
1 0.896875 0.0703125 0.06875 0.140625
1 0.96875 0.56875 0.0625 0.17578125
1 0.7578125 0.071875 0.071875 0.14375
1 0.82734375 0.571875 0.07265625 0.1796875
1 0.9625 0.0703125 0.06875 0.140625
1 0.82890625 0.3984375 0.07890625 0.175
1 0.9 0.9203125 0.075 0.159375
1 0.8328125 0.91953125 0.071875 0.1609375
1 0.82578125 0.22734375 0.07421875 0.178125
1 0.9625 0.2171875 0.075 0.17578125
1 0.89921875 0.40390625 0.07109375 0.1765625
1 0.76015625 0.22890625 0.0703125 0.17578125
1 0.834375 0.071875 0.06875 0.14375
1 0.8984375 0.225 0.0703125 0.175
1 0.75859375 0.5734375 0.071875 0.17734375
1 0.75859375 0.753125 0.07265625 0.178125
1 0.7578125 0.92109375 0.0765625 0.1578125
1 0.68515625 0.575 0.075 0.17265625
1 0.6859375 0.40625 0.071875 0.1734375
1 0.6859375 0.228125 0.0703125 0.175
1 0.684375 0.071875 0.06875 0.14375
1 0.68671875 0.75234375 0.071875 0.17890625
1 0.6875 0.921875 0.07265625 0.15625
0 0.77890625 0.3328125 0.028125 0.03203125
0 0.7078125 0.33359375 0.0234375 0.02890625