1 0.19098878200691052 0.9495758701482675 0.13644795269729176 0.09375497840045384
1 0.17526502450437548 0.5427628749575909 0.16860975531833358 0.2681746250424091
1 0.04611846589941 0.33538193929289406 0.08278135809187523 0.26986112141421187
1 0.08213327355444493 0.5725991970974423 0.14353702013597242 0.26417660580511537
1 0.29456772368628553 0.9318848839432657 0.1511650693385418 0.12237105172143145
1 0.06902536977538207 0.14380207450210405 0.12478440729444455 0.12925596878180676
1 0.2722848416587157 0.5120088935619125 0.15752678495361136 0.26154267912609297
1 0.11290592239642387 0.31584820009266723 0.1703540932742363 0.27604168874473983
1 0.13500827288885484 0.7951537541763513 0.1559642849536113 0.2614881154237622
1 0.23602525902114646 0.7681696135248456 0.1668290497712502 0.25874506134007813
1 0.33457120858430617 0.7357985684268362 0.15745404977125022 0.258417679126093
1 0.1685707748856251 0.12077874755292928 0.12340374525034736 0.13701390507947592
1 0.21061607057281276 0.2811606868458233 0.15414721181534743 0.25049605172143136
1 0.33886258434361183 0.9201735684268364 0.221950348023889 0.14513891832631956
1 0.3863551801832994 0.9114781255057451 0.1550901563445139 0.15685517912609298
0 0.034341898460729305 0.1653422578045483 0.04981946846486116 0.06106647477225655