1 0.0078125 0.13125 0.015625 0.16796875
1 0.0578125 0.796875 0.07109375 0.16875
1 0.05390625 0.4609375 0.06875 0.1625
1 0.1734375 0.025 0.065625 0.05
1 0.1890625 0.93515625 0.071875 0.1296875
1 0.325 0.7921875 0.06796875 0.16328125
1 0.4 0.93515625 0.06875 0.1296875
1 0.38125 0.134375 0.06640625 0.1578125
1 0.121875 0.9375 0.06875 0.125
1 0.17578125 0.2953125 0.06875 0.1625
1 0.0078125 0.93515625 0.015625 0.1296875
1 0.3765625 0.296875 0.06796875 0.16484375
1 0.31953125 0.29609375 0.06875 0.16328125
1 0.00625 0.7875 0.0125 0.17578125
1 0.3265625 0.9375 0.071875 0.125
1 0.24921875 0.46015625 0.06953125 0.159375
1 0.00625 0.025 0.0125 0.05
1 0.04921875 0.13359375 0.0671875 0.1625
1 0.04609375 0.29765625 0.06796875 0.16171875
1 0.184375 0.7875 0.06953125 0.16953125
1 0.12265625 0.7921875 0.0703125 0.1671875
1 0.24296875 0.02734375 0.0671875 0.0546875
1 0.38984375 0.7859375 0.07109375 0.1703125
1 0.321875 0.459375 0.06875 0.15859375
1 0.246875 0.3 0.06796875 0.16328125
1 0.1171875 0.2953125 0.06953125 0.16171875
1 0.009375 0.459375 0.01875 0.16015625
1 0.00625 0.63125 0.0125 0.16796875
1 0.0078125 0.2953125 0.015625 0.16015625
1 0.1234375 0.46328125 0.071875 0.16171875
1 0.44765625 0.2984375 0.0671875 0.16640625
1 0.1203125 0.62890625 0.0703125 0.1671875
1 0.32421875 0.62734375 0.06953125 0.16953125
1 0.38671875 0.62890625 0.0703125 0.17109375
1 0.2453125 0.1359375 0.0671875 0.1578125
1 0.2515625 0.62734375 0.06875 0.16953125
1 0.18125 0.13515625 0.06796875 0.1609375
1 0.1765625 0.4625 0.0703125 0.16171875
1 0.45859375 0.78828125 0.06796875 0.165625
1 0.0484375 0.0265625 0.06796875 0.053125
1 0.2546875 0.7921875 0.06953125 0.1609375
1 0.053125 0.9390625 0.06875 0.12109375
1 0.109375 0.025 0.06875 0.05
1 0.45546875 0.62265625 0.06796875 0.1703125
1 0.44453125 0.13359375 0.06484375 0.16796875
1 0.1828125 0.63046875 0.0703125 0.1703125
1 0.3796875 0.4625 0.06953125 0.159375
1 0.05546875 0.6296875 0.06875 0.1671875
1 0.45390625 0.4625 0.06796875 0.1625
1 0.378125 0.028125 0.0640625 0.05546875
1 0.2703125 0.93515625 0.084375 0.1296875
1 0.11640625 0.12734375 0.07421875 0.16640625
1 0.309375 0.02734375 0.0671875 0.0546875
1 0.4625 0.9375 0.06875 0.125
1 0.31484375 0.128125 0.06796875 0.1625
1 0.44140625 0.02578125 0.0640625 0.0515625
1 0.0359375 0.025 0.071875 0.05
0 0.47734375 0.40546875 0.02109375 0.0328125
0 0.146875 0.90078125 0.0203125 0.03671875