1 0.9527194862099464 0.29369635685913226 0.09456102758010729 0.11777837334017516
1 0.7662915558851301 0.2869974258463854 0.28171666442319176 0.125055583916172
1 0.9534037963182186 0.1772764713205128 0.09319240736356278 0.11306360226293628
1 0.4941437712453939 0.27920414832623885 0.2833246285298145 0.12662717427525153
1 0.9533295884798021 0.0671111309614332 0.0933408230403959 0.11773292154477706
1 0.04373459428578982 0.26775967174116877 0.0643018438900784 0.11597952400410509
1 0.22092992860895677 0.15420973526747295 0.28783027210332374 0.12040444535249044
1 0.2171253155185485 0.051339786202549365 0.281125631037097 0.10267957240509873
1 0.054511655251991774 0.04761534338414172 0.08089831050398355 0.09523068676828345
1 0.050594696555645434 0.15441933440715128 0.07680184389007841 0.11605224687674202
1 0.7630636043149197 0.1760599258463854 0.28167120031656906 0.12349308391617195
1 0.49935044530200423 0.162747901351301 0.2785916644231918 0.12503740319801268
1 0.5047844398917279 0.055972223167224534 0.2814438797834558 0.11194444633444907
1 0.767557224531464 0.062239883004536645 0.28171666442319176 0.12447976600907329
1 0.21317491607254446 0.2636483677810303 0.3005575926364372 0.12828966822512733
0 0.8751173234361073 0.1332133748131131 0.043096782132453625 0.031495439695149674