1 0.24257892273646203 0.3746602425367681 0.16423496239076305 0.33623182835784543
1 0.5988937365391509 0.7708823038204433 0.1722747829238763 0.3444537641334941
1 0.643063341382796 0.1709918464480685 0.1639334340192331 0.27225121551297515
1 0.12034725541027633 0.11473528663473138 0.15631951082055268 0.2250486668924562
1 0.26202629005001243 0.13152107417397393 0.1584275801000249 0.2438805540475859
1 0.09995951372354656 0.35236476141996076 0.17053042649738573 0.33812187697836443
1 0.08721443896729103 0.6918023976705794 0.1439679264973857 0.33672979534115866
1 0.6226672395086517 0.435142877655733 0.17218385471063105 0.3413287641334941
1 0.07708223568122102 0.906567582541717 0.10515416442319181 0.12876016508343396
1 0.5815484268265901 0.9626515654675465 0.14509720282385175 0.07469686906490694
1 0.439156338346788 0.9526756999091429 0.1454154515702104 0.09464860018171421
1 0.7204193955520664 0.792072308342999 0.1722747829238763 0.34445376413349427
1 0.21655259798020648 0.7134018379687839 0.1642804264973857 0.3377943283578455
1 0.7661287683424001 0.19148248812575402 0.1594277904457238 0.27825555404758595
1 0.3824979144231918 0.14329513511896483 0.15874582884638358 0.25481805404758595
1 0.7067075511997695 0.9713958016727368 0.14477895407749272 0.05720839665452644
1 0.4800250984424249 0.4120661465389256 0.17218385471063105 0.3413287641334942
1 0.20099710880075916 0.9294429177969672 0.1424723079967011 0.12447545680654812
1 0.45579695440669726 0.7321805727036359 0.17062135471063106 0.34124687697836437
1 0.7449514164682558 0.4555925757558536 0.16905885471063123 0.3411649898232348
1 0.3616926355894435 0.3933836663266293 0.1674054264973857 0.337958102668105
1 0.32167332165374063 0.9444858630142126 0.1485404515702103 0.11102827397157497
1 0.5006030567430598 0.1541651153312611 0.1637061134861197 0.26443871551297515
1 0.3377600082467632 0.7236543424913396 0.1689679264973858 0.3380399898232348
0 0.6923612770513816 0.5784258881711826 0.05007420783841639 0.058788501809022266
0 0.6596734268265901 0.9749523702503016 0.04717652837152997 0.05009525949939686
0 0.4541863609788372 0.30150378278954415 0.04575042069139812 0.07104284034363299
0 0.46216033386094857 0.22703604929788757 0.04860263605166182 0.06183161465389253
0 0.556748037476223 0.6360635685197644 0.05356292069139812 0.07145227611928177