1 0.64375 0.040625 0.0875 0.08125
1 0.7359375 0.14921875 0.09921875 0.1796875
1 0.75859375 0.321875 0.1015625 0.18203125
1 0.58828125 0.178125 0.09375 0.17734375
1 0.5640625 0.5421875 0.0984375 0.1890625
1 0.925 0.4625 0.0984375 0.1859375
1 0.6609375 0.1609375 0.09765625 0.18125
1 0.6375 0.5265625 0.10234375 0.18984375
1 0.8125 0.6671875 0.1 0.1859375
1 0.7171875 0.034375 0.0875 0.06875
1 0.659375 0.696875 0.096875 0.18828125
1 0.615625 0.35078125 0.09453125 0.1828125
1 0.78203125 0.4890625 0.10078125 0.1859375
1 0.971875 0.446875 0.05625 0.19140625
1 0.54296875 0.3625 0.096875 0.184375
1 0.85703125 0.478125 0.1 0.1875
1 0.5859375 0.71328125 0.0953125 0.190625
1 0.5203125 0.196875 0.0953125 0.18125
1 0.68359375 0.3359375 0.1 0.1828125
1 0.95 0.10546875 0.1 0.1796875
1 0.83515625 0.30546875 0.10078125 0.18359375
1 0.9859375 0.6234375 0.028125 0.19140625
1 0.784375 0.02734375 0.08828125 0.05390625
1 0.9828125 0.09375 0.034375 0.1796875
1 0.903125 0.29375 0.09921875 0.1828125
1 0.878125 0.11953125 0.09765625 0.18046875
1 0.88125 0.653125 0.10234375 0.190625
1 0.9609375 0.2796875 0.078125 0.18359375
1 0.7140625 0.5109375 0.10078125 0.1875
1 0.56796875 0.05 0.08828125 0.09921875
1 0.80390625 0.134375 0.1015625 0.1828125
1 0.73671875 0.68203125 0.10078125 0.18828125
1 0.9515625 0.6390625 0.096875 0.18359375
1 0.8640625 0.02265625 0.08515625 0.0453125
1 0.93203125 0.01484375 0.084375 0.02890625
1 0.5015625 0.0546875 0.09375 0.109375
0 0.89140625 0.5390625 0.02578125 0.03046875
0 0.9671875 0.52109375 0.021875 0.0234375
0 0.64765625 0.4078125 0.03515625 0.03203125
0 0.67265625 0.57890625 0.02890625 0.0375
0 0.69765625 0.75703125 0.0265625 0.03671875
0 0.91953125 0.70703125 0.028125 0.03671875
0 0.8296875 0.59921875 0.02578125 0.03671875
0 0.6796875 0.63046875 0.0265625 0.03515625
0 0.77578125 0.2546875 0.0234375 0.028125