1 0.71875 0.0765625 0.06875 0.15234375
1 0.77109375 0.40546875 0.07421875 0.1734375
1 0.9203125 0.2453125 0.071875 0.1703125
1 0.76796875 0.7546875 0.06953125 0.17265625
1 0.85390625 0.4140625 0.075 0.16875
1 0.921875 0.41015625 0.07421875 0.1734375
1 0.62734375 0.74765625 0.07265625 0.17109375
1 0.76328125 0.921875 0.0734375 0.15625
1 0.69765625 0.91953125 0.0765625 0.1609375
1 0.7046875 0.5765625 0.0734375 0.171875
1 0.7828125 0.0765625 0.071875 0.15234375
1 0.6296875 0.9140625 0.0734375 0.1609375
1 0.84453125 0.75546875 0.07265625 0.1734375
1 0.7125 0.23359375 0.07578125 0.16875
1 0.84609375 0.58203125 0.071875 0.16953125
1 0.6546875 0.07421875 0.071875 0.1484375
1 0.975 0.23828125 0.05 0.171875
1 0.96875 0.9234375 0.0625 0.15234375
1 0.91171875 0.58984375 0.07109375 0.16796875
1 0.971875 0.41015625 0.05625 0.171875
1 0.96875 0.76171875 0.0625 0.171875
1 0.77734375 0.5796875 0.07421875 0.17265625
1 0.64765625 0.2328125 0.06875 0.175
1 0.85703125 0.240625 0.07109375 0.16953125
1 0.7 0.75234375 0.075 0.17421875
1 0.71640625 0.40390625 0.08828125 0.1734375
1 0.8609375 0.07421875 0.071875 0.1484375
1 0.83984375 0.92265625 0.07421875 0.1546875
1 0.90625 0.91953125 0.07109375 0.1578125
1 0.975 0.08203125 0.05 0.1640625
1 0.9734375 0.58984375 0.053125 0.171875
1 0.9109375 0.75859375 0.08125 0.17265625
1 0.9234375 0.078125 0.071875 0.15625
1 0.64453125 0.40859375 0.0703125 0.16875
1 0.63828125 0.575 0.06953125 0.16953125
1 0.78359375 0.2390625 0.06953125 0.16875
0 0.6609375 0.51875 0.02578125 0.03671875
0 0.8046875 0.64375 0.0203125 0.03984375
0 0.77109375 0.215625 0.03359375 0.03125
0 0.66875 0.2984375 0.0296875 0.03125
0 0.73203125 0.47265625 0.028125 0.02890625