1 0.3671875 0.98203125 0.178125 0.0359375
1 0.22109375 0.9140625 0.17734375 0.1125
1 0.13046875 0.45234375 0.16640625 0.10234375
1 0.6140625 0.2234375 0.159375 0.09140625
1 0.0703125 0.903125 0.140625 0.1125
1 0.5296875 0.99375 0.178125 0.01171875
1 0.5625 0.75703125 0.175 0.10859375
1 0.91015625 0.41875 0.1640625 0.10703125
1 0.984375 0.69921875 0.03125 0.109375
1 0.55234375 0.853125 0.1734375 0.11015625
1 0.41484375 0.653125 0.16796875 0.10859375
1 0.76484375 0.3171875 0.16484375 0.09765625
1 0.696875 0.99765625 0.18125 0.0046875
1 0.540625 0.94296875 0.18125 0.1140625
1 0.465625 0.21328125 0.15859375 0.0890625
1 0.115625 0.5375 0.1703125 0.1
1 0.60703125 0.309375 0.1640625 0.10234375
1 0.45703125 0.2984375 0.16328125 0.1
1 0.3 0.36875 0.16328125 0.1015625
1 0.2078125 0.9765625 0.171875 0.046875
1 0.40625 0.74765625 0.17109375 0.115625
1 0.59140625 0.4796875 0.16640625 0.1015625
1 0.09453125 0.7171875 0.1703125 0.109375
1 0.28671875 0.46015625 0.1671875 0.09921875
1 0.58046875 0.571875 0.1671875 0.1109375
1 0.90234375 0.5921875 0.1671875 0.10859375
1 0.065625 0.9703125 0.13125 0.05859375
1 0.43671875 0.46875 0.16484375 0.115625
1 0.57421875 0.6625 0.1796875 0.1109375
1 0.0421875 0.26875 0.084375 0.0875
1 0.75625 0.4078125 0.16875 0.10390625
1 0.10625 0.63203125 0.16875 0.10546875
1 0.31796875 0.20703125 0.165625 0.08828125
1 0.24609375 0.73359375 0.1734375 0.10546875
1 0.990625 0.51953125 0.01875 0.109375
1 0.871875 0.95703125 0.18125 0.0859375
1 0.45 0.3796875 0.16015625 0.1078125
1 0.9984375 0.33984375 0.003125 0.1015625
1 0.75546875 0.4953125 0.1703125 0.1109375
1 0.7703125 0.234375 0.171875 0.09375
1 0.38828125 0.83984375 0.17265625 0.1125
1 0.23125 0.82890625 0.1703125 0.11171875
1 0.0796875 0.8046875 0.159375 0.1109375
1 0.3109375 0.28828125 0.1609375 0.09296875
1 0.7203125 0.86875 0.1703125 0.1171875
1 0.26875 0.54765625 0.1703125 0.10390625
1 0.1546875 0.28125 0.16328125 0.10234375
1 0.9765625 0.9625 0.046875 0.07421875
1 0.259375 0.64140625 0.16640625 0.10390625
1 0.89140625 0.69140625 0.1703125 0.1125
1 0.99375 0.43125 0.0125 0.10546875
1 0.72734375 0.7703125 0.17421875 0.11015625
1 0.38203125 0.92890625 0.17265625 0.10625
1 0.70625 0.95078125 0.175 0.0984375
1 0.1765625 0.2015625 0.15546875 0.0921875
1 0.9875 0.60546875 0.025 0.109375
1 0.9171875 0.328125 0.165625 0.1015625
1 0.9828125 0.7953125 0.034375 0.11328125
1 0.0515625 0.19375 0.103125 0.08984375
1 0.59765625 0.396875 0.16171875 0.1046875
1 0.975 0.884375 0.05 0.11328125
1 0.73125 0.678125 0.17265625 0.11640625
1 0.9046875 0.51015625 0.1671875 0.10859375
1 0.74375 0.584375 0.171875 0.11484375
1 0.03046875 0.4453125 0.0609375 0.09765625
1 0.0375 0.3578125 0.075 0.096875
1 0.42890625 0.56171875 0.1671875 0.10859375
1 0.14453125 0.3609375 0.16015625 0.09453125
1 0.88046875 0.8796875 0.17109375 0.1171875
1 0.996875 0.25390625 0.00625 0.1015625
1 0.91875 0.2484375 0.1625 0.09765625
1 0.88359375 0.78515625 0.1671875 0.1125
1 0.015625 0.6125 0.0296875 0.10625
1 0.02109375 0.53359375 0.0421875 0.0921875
0 0.8078125 0.44140625 0.03671875 0.0296875
0 0.1359375 0.759375 0.03671875 0.0296875
0 0.80546875 0.53359375 0.0328125 0.03046875
0 0.125 0.221875 0.0421875 0.034375
0 0.015625 0.5609375 0.03125 0.02734375
0 0.771875 0.90390625 0.0375 0.03203125
0 0.1640625 0.34453125 0.03984375 0.0375