1 0.05234375 0.31796875 0.09609375 0.22578125
1 0.1390625 0.31796875 0.09375 0.22578125
1 0.05 0.1015625 0.09375 0.203125
1 0.05234375 0.54375 0.0953125 0.225
1 0.05234375 0.7703125 0.096875 0.22578125
1 0.1390625 0.76953125 0.0921875 0.22578125
1 0.1375 0.1 0.09375 0.19921875
1 0.13984375 0.53984375 0.0921875 0.225
1 0.22421875 0.76640625 0.09375 0.2234375
1 0.2234375 0.31640625 0.09140625 0.2234375
1 0.221875 0.1 0.09375 0.19921875
1 0.22421875 0.5390625 0.0921875 0.2234375
1 0.4046875 0.1015625 0.090625 0.203125
1 0.0515625 0.94296875 0.096875 0.1140625
1 0.40390625 0.315625 0.090625 0.221875
1 0.3203125 0.315625 0.09140625 0.22265625
1 0.31875 0.1015625 0.09375 0.203125
1 0.1390625 0.94375 0.09296875 0.1125
1 0.4078125 0.53828125 0.09296875 0.22109375
1 0.321875 0.5375 0.09296875 0.221875
1 0.41484375 0.9375 0.090625 0.12421875
1 0.321875 0.7640625 0.09140625 0.2234375
1 0.3203125 0.93984375 0.09140625 0.1203125
1 0.40546875 0.75859375 0.09140625 0.221875
1 0.22421875 0.9421875 0.0921875 0.115625