1 0.17885885742929772 0.6612449406429102 0.20387040944452867 0.1304885733609078
1 0.7880849082661783 0.8971411518937323 0.1928510962128122 0.1162988040260899
1 0.5667679235878806 0.7270484699236398 0.19915563836728972 0.12574652936027136
1 0.3598725080932277 0.6185109059516385 0.1975931383672897 0.12572834802672617
1 0.1376763629884426 0.9687761773154099 0.058157933645025486 0.06004770934118149
1 0.24849114314086776 0.9463915526336834 0.20527837334017515 0.10394425469445352
1 0.3759383905085891 0.6941103426161842 0.2022897287263694 0.12734539202736245
1 0.09937186620989644 0.8309312793205006 0.06458974082661784 0.0913704346753633
1 0.06570487245641238 0.6844380873249549 0.0771170119038567 0.09620338534372674
1 0.3935667729239506 0.7696915979471843 0.1991556383672899 0.12574652936027136
1 0.5322969539366974 0.5766581185948669 0.1960397287263694 0.12727266669318063
1 0.5507111315315987 0.6530115332590943 0.20071813836728972 0.1257647106938169
1 0.11778604380479771 0.9072846939847281 0.061464740826617834 0.09133407200827222
1 0.19414348984465918 0.7368534679742285 0.19761131908544902 0.12885334802672616
1 0.7575610952308536 0.7537365972310957 0.19289654800821018 0.12411130402608954
1 0.7438889597904299 0.6867036385662318 0.1944772287263694 0.12725448535963507
1 0.2627581762201592 0.9813841706317744 0.2017443071815924 0.03359539202736243
1 0.40724799872345374 0.838287056612048 0.19446813836728977 0.12569198535963516
1 0.7054981046006273 0.5340149905713225 0.1976022287263694 0.127290848026726
1 0.5812303993873836 0.7956348379217308 0.1960215480082102 0.12414766669318063
1 0.2125713029781799 0.8155506326384557 0.20230790944452864 0.13047039202736244
1 0.3438611678323439 0.552286469287093 0.19605790944452864 0.13039766669318062
1 0.046550351477369384 0.6151250133275002 0.07552724082661783 0.09149770401018138
1 0.8732532311622563 0.4953417472151872 0.18664654800821018 0.1240385786919079
1 0.9312515626425414 0.850909947207233 0.13749687471491717 0.1125920013526354
1 0.888533318398078 0.5701690245465055 0.19290563836728972 0.1256738040260897
1 0.598082076982285 0.8720064339195037 0.19289654800821018 0.1241113040260899
1 0.9224532795632499 0.786166194541733 0.1550934408735003 0.1237294960216353
1 0.9087584182251274 0.6449144858768693 0.18248316354974534 0.1256010786919079
1 0.08566336933315441 0.7576483206556368 0.07552724082661781 0.09149770401018138
1 0.7728411824666751 0.8285638745624139 0.1960306383672899 0.12571016669318064
1 0.44388545637258436 0.9581813859405027 0.19573974687674212 0.07571016669318062
1 0.23093548359814325 0.8833102973026833 0.2022897287263694 0.12734539202736245
1 0.9858612737095175 0.5424520098663698 0.02827745258096499 0.08630112667090888
1 0.16283842680933436 0.5934580039783646 0.2007181383672898 0.1257647106938169
1 0.7231310321955287 0.6103774959023227 0.19134313836728972 0.12565562269254435
1 0.6125354624227086 0.9390303019175947 0.18968973477649378 0.11001244135899882
1 0.9183379513044188 0.7135553978755966 0.16332409739116258 0.12225790268936265
1 0.690258923980664 0.46621896324000434 0.1960215480082102 0.12414766669318063
1 0.429568426318355 0.9145950179424117 0.1960306383672899 0.12571016669318064
1 0.9938873971478884 0.6165798531986425 0.012225205704223186 0.08768181333545436
1 0.5123793636758137 0.5104791352641851 0.1960215480082102 0.12414766669318063
1 0.8588043909013725 0.4290991292170962 0.1960215480082102 0.12414766669318063
0 0.11071284542724517 0.631567078652137 0.034556807181592354 0.031649989337999784
0 0.5944515202916719 0.5165558652530492 0.028297716822512697 0.030014764003817973
0 0.27388553199913684 0.7453012199634108 0.034556807181592396 0.031649989337999784
0 0.7567288064942213 0.47638375656432286 0.0361102168225127 0.030105670671545327
0 0.8250248094210875 0.5318428685550961 0.037709078258831144 0.03637385200509051
0 0.8271559777444107 0.7638650278883233 0.04397725897699019 0.0395715773392725
0 0.35986796291368783 0.6177296559516385 0.1803056444174141 0.10834085335772628
0 0.14439801989888848 0.7811852706476827 0.05489657825883123 0.03657384667409058
1 0.9643584575509347 0.4012912078692333 0.07128308489813051 0.08522952267663589
1 0.9747192406302261 0.46992302920118795 0.05056151873954775 0.08186816534054522
0 0.9864925327847038 0.4697866691995971 0.02701493443059242 0.044095445337363516