1 0.0265625 0.5921875 0.053125 0.16796875
1 0.35 0.9296875 0.06875 0.140625
1 0.43046875 0.0265625 0.07890625 0.053125
1 0.025 0.76171875 0.05 0.1640625
1 0.3 0.44765625 0.075 0.16484375
1 0.15078125 0.77109375 0.0703125 0.1640625
1 0.16640625 0.1140625 0.06640625 0.15703125
1 0.2234375 0.11640625 0.0703125 0.1578125
1 0.2234375 0.77109375 0.0703125 0.165625
1 0.2859375 0.92578125 0.071875 0.1484375
1 0.2265625 0.44296875 0.06953125 0.16484375
1 0.2984375 0.61328125 0.07265625 0.16796875
1 0.2140625 0.92578125 0.071875 0.1484375
1 0.09140625 0.6046875 0.07109375 0.171875
1 0.0296875 0.2671875 0.059375 0.16015625
1 0.09609375 0.2703125 0.06875 0.16484375
1 0.0859375 0.7640625 0.0703125 0.16328125
1 0.1015625 0.1125 0.06796875 0.159375
1 0.14375 0.9234375 0.06875 0.15234375
1 0.36171875 0.453125 0.06875 0.165625
1 0.21953125 0.61328125 0.0671875 0.1671875
1 0.421875 0.93125 0.06875 0.13671875
1 0.03828125 0.1015625 0.0703125 0.16171875
1 0.09375 0.434375 0.06796875 0.1625
1 0.1625 0.27734375 0.06875 0.1625
1 0.30390625 0.12421875 0.065625 0.16015625
1 0.43125 0.459375 0.06640625 0.165625
1 0.428125 0.61640625 0.06796875 0.16328125
1 0.2984375 0.28828125 0.0671875 0.1625
1 0.35546875 0.77890625 0.06875 0.16796875
1 0.2921875 0.76875 0.071875 0.16875
1 0.028125 0.428125 0.05625 0.16015625
1 0.42421875 0.28984375 0.06484375 0.16328125
1 0.35703125 0.61796875 0.065625 0.1640625
1 0.425 0.125 0.06640625 0.1625
1 0.084375 0.91953125 0.06875 0.1609375
1 0.3640625 0.0234375 0.065625 0.046875
1 0.22890625 0.2828125 0.0671875 0.1640625
1 0.15390625 0.59921875 0.06875 0.1671875
1 0.36484375 0.28671875 0.0703125 0.16328125
1 0.1578125 0.43671875 0.06796875 0.16328125
1 0.025 0.91796875 0.05 0.1640625
1 0.3671875 0.1234375 0.06875 0.16328125
1 0.42265625 0.7828125 0.06484375 0.1625
1 0.30546875 0.02109375 0.0671875 0.0421875
1 0.23828125 0.0171875 0.071875 0.034375
1 0.165625 0.015625 0.06953125 0.03046875
1 0.10859375 0.0140625 0.0734375 0.028125
1 0.05 0.0140625 0.0984375 0.02734375