1 0.2322612963572115 0.8193242893482647 0.13153104025277604 0.22036781094499097
1 0.126923184643995 0.41490238297125825 0.12832415309764628 0.21864153663473135
1 0.39530352894435694 0.7935883842144538 0.1298866530976463 0.21872342378986112
1 0.5484794386007239 0.757986156149864 0.13136726594251655 0.21724281094499087
1 0.43918408299194284 0.9352425384437538 0.12644739258219673 0.1295149231124924
1 0.32186270691808955 0.8045424943457904 0.13301165309764632 0.21888719810012064
1 0.6812963398893478 0.9162800551214392 0.12536957146044045 0.16743988975712157
1 0.6320765106269912 0.7475643125268705 0.12964099163225704 0.2140359237898611
1 0.04886794719560949 0.09994909034363306 0.08855788896415205 0.054503793532136344
1 0.35834351876759163 0.9409669159879449 0.12250352103089916 0.11806616802411014
1 0.1611642243309441 0.8304012302122963 0.12988665309764627 0.21872342378986112
1 0.46582739088471603 0.7715739433504222 0.12988665309764613 0.21872342378986112
1 0.06828516904016275 0.4258531710763277 0.10332415309764627 0.2173313421526554
1 0.23885886137453222 0.18703741180407352 0.1265978787873868 0.21543464947960164
1 0.5145558972162941 0.9293953301668678 0.12882876413349428 0.14120933966626445
1 0.1569061765033946 0.19910364258219668 0.1314491530976462 0.21880531094499087
1 0.4138986414505429 0.5686226837394839 0.13136726594251655 0.21724281094499087
1 0.12991655133405247 0.08549816598794502 0.08839411465389255 0.05137879353213637
1 0.34053970657940524 0.5811392938708206 0.1298866530976463 0.21872342378986112
1 0.2622033446390462 0.6027442989592033 0.1328478787873868 0.21576219810012062
1 0.43668328697341563 0.3641332575747735 0.13317542740790583 0.22201219810012063
1 0.18123662765573298 0.6187577233148913 0.12988665309764622 0.21872342378986112
1 0.5209797218445533 0.35218985752934495 0.1298866530976463 0.21872342378986112
1 0.5874201871303859 0.9204231218899818 0.1268501843053107 0.15915375622003652
1 0.278407035275935 0.9490759871097012 0.11675148801421234 0.1018480257805976
1 0.4958103827441157 0.5557752029613606 0.12832415309764614 0.21864153663473154
1 0.10857705562946562 0.629752777023793 0.13317542740790578 0.22201219810012063
1 0.07593945952008138 0.2151170669378847 0.12667976594251648 0.2169971494796016
1 0.03843613749381402 0.22795458163720578 0.06426165309764625 0.21528416327441152
1 0.209534288782438 0.4005333457707 0.13292976594251654 0.21732469810012062
1 0.10704993441685237 0.8384726797827551 0.061880281546348746 0.19957727611928178
1 0.38331486827193717 0.16344386080870535 0.13301165309764623 0.21888719810012064
1 0.361793993102595 0.050124989257407805 0.09283595318850324 0.046936954997525614
1 0.28382944538658716 0.06395843792335534 0.0883941146538925 0.05137879353213635
1 0.20069147105158378 0.9548003646538927 0.11905761646291486 0.09039927069221462
1 0.5715130676152532 0.5433814235627186 0.1316129274079058 0.22193031094499088
1 0.43679731512886233 0.03925276628120077 0.08609463025772475 0.037234406377006604
1 0.29169169154139996 0.39237336499257686 0.12684354025277605 0.2201221494796016
1 0.061125523517290004 0.6311614687923355 0.06673155585660824 0.20294793758467106
1 0.3665312392574078 0.37837614201636977 0.1281603787873868 0.21551653663473136
1 0.21191017978275495 0.07421318520982187 0.0883941146538926 0.05137879353213635
1 0.15188215682723252 0.9620805981455491 0.06042624491161734 0.07583880370890164
1 0.3122177962456698 0.17452080167273673 0.12980476594251655 0.21716092378986113
1 0.476123165987945 0.15038834011649044 0.1328478787873868 0.21576219810012062
0 0.5800359758012822 0.6762758107178483 0.04143722749876275 0.04735967887824373
0 0.5104383695151326 0.41864037313317726 0.03674972749876275 0.04711401741285446
0 0.4907344583884276 0.6373151300305822 0.03198034034363299 0.04530585594746519
0 0.4570123128655549 0.8412313461093841 0.035351001809022266 0.050157130257724704
0 0.376530358999683 0.34617779567984297 0.03674972749876275 0.04711401741285446