1 0.19124571347681024 0.531693800644501 0.2620639880142124 0.11391923870145301
1 0.18491158355776974 0.7240722046467282 0.25713082654882313 0.10917719470081658
1 0.19267757519002673 0.9319210673138191 0.24619332654882312 0.10904992536599849
1 0.44177573722124286 0.7328092159452753 0.2619821008590826 0.11235673870145284
1 0.18739585368415773 0.831139817313819 0.25893898801421245 0.11388287603436212
1 0.44185538161246185 0.9282398946133206 0.25088082654882304 0.10910446936663476
1 0.4448210928300239 0.5373421746101389 0.2512083751693421 0.11535446936663477
1 0.4409302894598065 0.836006941279457 0.25244332654882307 0.1091226507001803
1 0.1883054992070305 0.6247534573122282 0.25885710085908264 0.11232037603436211
1 0.18847143204200317 0.9859091333147735 0.24349769448207606 0.027818106699543675
1 0.4401955478275495 0.6280762626114116 0.25861143939369347 0.10763287603436211
1 0.6930073665744565 0.7384848619112313 0.2527708751693421 0.1153726507001803
1 0.9025716378324983 0.9413354998806873 0.1948567243350034 0.09969310669954368
1 0.6966292542954131 0.5391024799093224 0.25268898801421236 0.1138101507001803
1 0.6906459271807632 0.6337609992441404 0.2541696008590826 0.11226583203372584
1 0.6939501481208052 0.9354689499125041 0.25893898801421233 0.11388287603436212
1 0.9021721681356517 0.8428707278803692 0.19565566372869653 0.1121385626989075
1 0.8994084766500224 0.7374019778803691 0.20118304669995518 0.11213856269890758
1 0.68981816881302 0.8417098592457313 0.26214587516934207 0.11548173870145284
1 0.8966857287419583 0.6350582278803691 0.2066285425160835 0.11526356269890758
1 0.8995955051441534 0.5404633432129601 0.2008089897116931 0.1213862933640895
0 0.2729781495911433 0.7636972313017287 0.05492651741285455 0.03499316534054522
0 0.2730832909301445 0.6612898466343197 0.04875840456798421 0.03648294000636341
0 0.5310595652404041 0.6614149265993212 0.05196529172311415 0.03808180267345414
0 0.9960820807884655 0.6675156445337789 0.007835838423068963 0.04736589600572696
0 0.9671984611019611 0.675101425206915 0.04242651741285428 0.0348477146721816
0 0.8472112669585693 0.8766195665579595 0.049911468792335614 0.028688621339908592