1 0.01838632408819443 0.08650057399745467 0.03677264817638886 0.11137385200509067
1 0.09209135533899282 0.271510825986637 0.15887238582729193 0.3158260893539081
1 0.08477308387184021 0.08258468598822781 0.14342530452090288 0.12194882001909005
1 0.19818162044097215 0.07579778930618307 0.1388832748856251 0.1281442760184537
1 0.025216899126319397 0.27078466732972745 0.050433798252638794 0.31155566534054513
1 0.3398060759880555 0.06477737862032032 0.13888327488562507 0.12814427601845368
1 0.2093879581125345 0.26545972597072864 0.15574738582729192 0.3157897266868173
1 0.1007694922131245 0.6033511719844098 0.15745535619201415 0.32205790802036277
1 0.03153636825677065 0.603478988661682 0.0630727365135413 0.31804202267663584
1 0.22050076396461754 0.5933665499681833 0.16050762100965305 0.3189692706874535
1 0.4525970167174999 0.05399551464036485 0.13543096656500014 0.1079910292807297
1 0.3481958849742706 0.274779087285184 0.15262238582729193 0.3157533640197264
1 0.3574377195117009 0.5824006832829569 0.15723715064493077 0.31268290802036275
1 0.5776515681042709 0.05093360196531978 0.13844686379145835 0.10186720393063955
1 0.6053485426499648 0.5685814419160039 0.15254965064493078 0.3126283640197265
1 0.587676612272847 0.25402859325273097 0.15418488582729192 0.3157715453532718
1 0.47006500608083285 0.5756228772676849 0.15254965064493078 0.3126283640197265
1 0.460786803952222 0.269563781269912 0.15574738582729192 0.3157897266868172