1 0.85 0.06640625 0.06875 0.1328125
1 0.6234375 0.546875 0.0703125 0.165625
1 0.7765625 0.0625 0.071875 0.125
1 0.8453125 0.2125 0.07109375 0.16640625
1 0.61796875 0.71484375 0.071875 0.17265625
1 0.6390625 0.05859375 0.071875 0.1171875
1 0.965625 0.55625 0.06875 0.17578125
1 0.96875 0.3890625 0.0625 0.16796875
1 0.75078125 0.8921875 0.07265625 0.17578125
1 0.90078125 0.3890625 0.071875 0.16953125
1 0.821875 0.8953125 0.071875 0.17109375
1 0.62890625 0.38125 0.06953125 0.17265625
1 0.971875 0.2203125 0.05625 0.16796875
1 0.90703125 0.21640625 0.06953125 0.16796875
1 0.8875 0.88984375 0.07109375 0.17578125
1 0.89921875 0.55703125 0.075 0.1765625
1 0.6875 0.55078125 0.0734375 0.1765625
1 0.6953125 0.3828125 0.071875 0.17421875
1 0.83359375 0.5578125 0.0703125 0.178125
1 0.82265625 0.72734375 0.07421875 0.1703125
1 0.9984375 0.55859375 0.003125 0.171875
1 0.76484375 0.38515625 0.0734375 0.17109375
1 0.9703125 0.0703125 0.059375 0.140625
1 0.9125 0.06875 0.075 0.13671875
1 0.959375 0.8984375 0.07265625 0.1703125
1 0.771875 0.209375 0.06796875 0.16796875
1 0.89453125 0.7296875 0.0734375 0.171875
1 0.6296875 0.2078125 0.06875 0.1734375
1 0.703125 0.0625 0.06875 0.125
1 0.70078125 0.21015625 0.07421875 0.17109375
1 0.678125 0.8890625 0.07421875 0.17734375
1 0.8375 0.3859375 0.06953125 0.16953125
1 0.7546875 0.7234375 0.07265625 0.1703125
1 0.68203125 0.7203125 0.0734375 0.16875
1 0.9953125 0.7328125 0.009375 0.16796875
1 0.60625 0.88984375 0.07109375 0.17890625
1 0.7609375 0.55234375 0.0703125 0.17734375
1 0.9640625 0.725 0.071875 0.16796875
1 0.67578125 0.9859375 0.0765625 0.02578125
0 0.6578125 0.2625 0.01953125 0.0359375
0 0.6578125 0.47890625 0.021875 0.03125
0 0.78203125 0.61484375 0.0203125 0.0359375
0 0.76015625 0.18125 0.0234375 0.0390625