1 0.48671875 0.8 0.07734375 0.1859375
1 0.93359375 0.7984375 0.0796875 0.18984375
1 0.63125 0.79921875 0.0796875 0.18671875
1 0.8640625 0.79921875 0.078125 0.1859375
1 0.709375 0.79765625 0.07890625 0.1890625
1 0.78671875 0.80078125 0.07890625 0.18203125
1 0.7828125 0.94921875 0.078125 0.1015625
1 0.93828125 0.6203125 0.07734375 0.17890625
1 0.8625 0.95078125 0.07890625 0.09765625
1 0.7140625 0.61953125 0.07890625 0.18359375
1 0.7046875 0.946875 0.078125 0.10546875
1 0.496875 0.0796875 0.08125 0.159375
1 0.984375 0.7984375 0.03125 0.18359375
1 0.984375 0.95078125 0.03125 0.0984375
1 0.5703125 0.078125 0.078125 0.15625
1 0.86875 0.62265625 0.07890625 0.18203125
1 0.93046875 0.95234375 0.0765625 0.0953125
1 0.790625 0.621875 0.07890625 0.18828125
1 0.9875 0.62109375 0.025 0.1875
1 0.63046875 0.946875 0.07890625 0.10546875
1 0.646875 0.078125 0.08125 0.15625
1 0.49609375 0.24609375 0.07890625 0.18359375
1 0.5625 0.79921875 0.07734375 0.1828125
1 0.725 0.0796875 0.08125 0.159375
1 0.8703125 0.0796875 0.078125 0.159375
1 0.9875 0.08203125 0.025 0.1640625
1 0.634375 0.6171875 0.08046875 0.19140625
1 0.946875 0.08203125 0.08125 0.1640625
1 0.6421875 0.428125 0.08203125 0.1859375
1 0.79375 0.0796875 0.08125 0.159375
1 0.721875 0.24453125 0.08203125 0.1828125
1 0.64765625 0.2421875 0.07890625 0.1890625
1 0.86796875 0.25 0.0796875 0.18125
1 0.79375 0.2453125 0.07890625 0.1890625
1 0.71953125 0.42890625 0.08203125 0.184375
1 0.5671875 0.61875 0.078125 0.18671875
1 0.9875 0.25 0.025 0.1796875
1 0.49609375 0.43125 0.0796875 0.18359375
1 0.56796875 0.43046875 0.0765625 0.184375
1 0.56875 0.24375 0.08046875 0.1875
1 0.7890625 0.43203125 0.08125 0.1859375
1 0.49296875 0.61875 0.08046875 0.1875
1 0.484375 0.94921875 0.08125 0.1015625
1 0.9421875 0.4375 0.08046875 0.18515625
1 0.9390625 0.25078125 0.07890625 0.18515625
1 0.990625 0.428125 0.01875 0.18359375
1 0.865625 0.4390625 0.08046875 0.19375
1 0.5609375 0.946875 0.078125 0.10546875
0 0.6 0.1125 0.0203125 0.04375
0 0.59921875 0.1765625 0.02734375 0.0328125
0 0.59609375 0.30546875 0.021875 0.03984375
0 0.665625 0.6734375 0.01875 0.03828125
0 0.815625 0.67890625 0.021875 0.04140625
0 0.66171875 0.9203125 0.028125 0.0296875
0 0.73359375 0.9171875 0.0265625 0.03359375
0 0.81796875 0.30859375 0.0234375 0.0359375
0 0.82265625 0.12109375 0.028125 0.046875