1 0.2439642341716874 0.06976470262267642 0.1627648271096728 0.11312187697836444
1 0.23859667004765814 0.1647087104245925 0.1580500535707224 0.11131371551297517
1 0.20825419967239317 0.438647499434173 0.1471671006486231 0.11386550542706683
1 0.21751437702694726 0.3431269595200814 0.1565148271096728 0.11279432835784542
1 0.0867147958600847 0.04903504353213635 0.14530459172016938 0.09659611827193718
1 0.22672000730360065 0.24448141960598962 0.15821369480442452 0.12068871551297518
1 0.08197056899199794 0.22440685775648758 0.1424796006486231 0.11361984396167771
1 0.08514438758025407 0.13793376922187686 0.14560460064862313 0.11378361827193717
1 0.07811095779006799 0.3163077527135335 0.1377921006486231 0.11337418249628843
1 0.07659509658813805 0.408331478403274 0.13779210064862313 0.11337418249628843
0 0.020688195615203374 0.24617231512886234 0.01595228246740408 0.01956887155129756