1 0.11006443630836767 0.55352634992375 0.13732883374611501 0.1670810100679862
1 0.05562949338046223 0.5241648518236112 0.06963191149637402 0.1545797036472223
1 0.041757546109330614 0.661973323138264 0.02922523531769159 0.15832164627652787
1 0.07642352874093507 0.3841762846692709 0.12533825599585605 0.17772756933854178
1 0.107709800247669 0.10083776101791675 0.06770553846084475 0.1467308360560417
1 0.11182587365470183 0.2562337758355556 0.138891333746115 0.1671173776591668
1 0.19389770326698766 0.041191963715208495 0.1284204065339753 0.07634690729444454
1 0.35309292080199894 0.07455259042444475 0.13743584160399785 0.13586737765916676
1 0.08376526364434189 0.6926063805089584 0.11076633374611503 0.1664627610179167
1 0.1501178939185815 0.4249116938635765 0.13805657981717362 0.1827060100679862
1 0.1958949284504848 0.5867401998475001 0.1327141083532209 0.16853440729444458
1 0.14834760876750566 0.018280487366562622 0.07482021753501131 0.03139677678548618
1 0.22986093610347988 0.15986988174322936 0.13576633374611502 0.16704464247680564
1 0.12014802749808078 0.837047364741389 0.1401627353176916 0.16090374525034717
1 0.31349322745980873 0.19615418028020862 0.13783825599585606 0.17801851006798622
1 0.15553087014004516 0.12224128875333347 0.14572353060296192 0.179762848023889
1 0.06678543299859878 0.8139540504368403 0.06487163688926816 0.15290810087368065
1 0.27129711124870504 0.06094272568305579 0.13946922249741006 0.11250261284152789
1 0.920173760334573 0.9629624334143406 0.06530397642635144 0.0740751331713188
1 0.19353179197550138 0.2846692067813543 0.13256855913900917 0.1654094072944446
1 0.27600184367091246 0.329510887727153 0.13398550992479752 0.16232077488562507
1 0.2344222733642516 0.45887042619614604 0.14594185442427943 0.184450348023889
1 0.9517811712117744 0.881376739453855 0.05945639081820957 0.13717399810013903
1 0.15963855892961218 0.713102024885625 0.12751718610347992 0.15748780452090294
0 0.14892980562435248 0.030780487366562626 0.04749573821317572 0.04792966014423614
0 0.1554710198495949 0.32202308320625017 0.04437073821317572 0.04785692496187508
0 0.19421668858467925 0.19884080955489597 0.05083906203449327 0.05268989532659725