1 0.7562039192302887 0.9605267275674718 0.0787522913958579 0.03821070533113406
1 0.88521926338609 0.9630259387711007 0.08009660308425523 0.02575616943775678
1 0.6438873311635673 0.7504052329777482 0.0945057508107789 0.13549488229073817
1 0.6647281164736405 0.5113965572717853 0.0960682508107789 0.13554034639736087
1 0.882506357141445 0.18067644002474187 0.08652960957707663 0.12589256175762475
1 0.6279016412271115 0.9540985343105316 0.08535684740221221 0.05870506175762458
1 0.7378326055165918 0.4006205301538966 0.09291597727182861 0.13388691818411544
1 0.6351317142795945 0.875723481724107 0.09288870373287814 0.13232441818411544
1 0.6938754687438213 0.8826123277257564 0.09760347727182861 0.13402331050398358
1 0.7955105121715693 0.5255690543687914 0.08970915665497756 0.12910848997087018
1 0.725788347398917 0.5166547071135007 0.09445120373287814 0.13236988229073815
1 0.8210476692302887 0.9586399671426307 0.0865647913958579 0.03843802586424729
1 0.7738612033225458 0.7630379621280656 0.09129893019392785 0.13071645407749272
1 0.9710018413131323 0.5562554500538717 0.05799631737373545 0.11757995658477541
1 0.6751144172049891 0.3899390944188038 0.09604097727182861 0.13397784639736088
1 0.6873311883050122 0.9554958982588697 0.08837275324641088 0.05254598997087001
1 0.8159091923687924 0.17167116455620582 0.09121710957707699 0.12602895407749282
1 0.9460057954530476 0.19133514370652327 0.08965460957707663 0.12598348997087014
1 0.7057969959362197 0.7595469007661523 0.09129893019392785 0.13071645407749272
1 0.6881017922066367 0.14881398924595435 0.09913870373287814 0.1325062746106062
1 0.7659141099775233 0.8898959788211129 0.08817393019392802 0.1306255258642473
1 0.7671386814117438 0.06444133775488625 0.0893273271096728 0.10723348997087015
1 0.8357299577867728 0.7698358799164697 0.08973643019392777 0.13067098997087
1 0.717718523128618 0.6364814738065482 0.0976307508107789 0.1355858105039836
1 0.869491708600847 0.42023904519759137 0.08979097727182861 0.13379598997087006
1 0.8125950519458695 0.2952677889293852 0.09129893019392776 0.13071645407749283
1 0.6832115150142384 0.27167482772575635 0.09773984496658024 0.14183581050398358
1 0.8999424622509995 0.7765656015449398 0.0913534772718286 0.13384145407749273
1 0.8712842593321956 0.2990316349310347 0.0944784772718286 0.13393238229073817
1 0.6558770422033414 0.6312460560181441 0.0929432508107789 0.13544941818411543
1 0.8227983461843962 0.07376486196978108 0.09250687418757338 0.1104494181841155
1 0.7435450430174156 0.2800807096207832 0.0960682508107789 0.13554034639736087
1 0.9737898762161684 0.43661053978731507 0.05242024756766313 0.13454013605166187
1 0.9240718887947746 0.5468409976257316 0.08968188311602746 0.1275459899708702
1 0.8316482041333246 0.8942364863429605 0.0944784772718286 0.13393238229073817
1 0.7843975085181214 0.6501742492750842 0.09129893019392803 0.13071645407749272
1 0.8551446107915975 0.5386851683171295 0.08965460957707663 0.12598348997087
1 0.9418285844132734 0.310267000133014 0.0913534772718286 0.1338414540774929
1 0.7556302114435158 0.16639028266117903 0.09127165665497756 0.1291539540774928
1 0.938089118905977 0.902082427092618 0.04269778896022558 0.11993206677218993
1 0.8028263599808186 0.40732751972905523 0.09760347727182861 0.13402331050398356
1 0.9644395645244757 0.6652583770134759 0.061475062499176406 0.12204013605166182
1 0.943492675729701 0.09213912575983463 0.08938187418757337 0.11035848997087014
1 0.8461571688265469 0.6507221670634882 0.09288870373287814 0.13232441818411544
1 0.6942642431001411 0.05405541871284092 0.0924523271096728 0.10732441818411549
1 0.8927357085975516 0.9010571361846758 0.0913262037328785 0.13227895407749274
1 0.8948778977265238 0.08339226306513774 0.0893273271096728 0.10723348997087015
1 0.9150708100602489 0.6580967463720903 0.08661143019392767 0.13058006175762493
1 0.9819415211033183 0.20037752309426757 0.036116957793363366 0.12144910266556704
1 0.9282081895261234 0.42556539119924075 0.0913534772718286 0.13384145407749276
1 0.9742614346581547 0.31390882568069234 0.05147713068369057 0.13913670783841656
1 0.9819182017042835 0.10504229104095626 0.03616359659143313 0.11515363855894431
1 0.9540396270236519 0.7859345898664574 0.04752165665497756 0.1278809590920577
1 0.7968670917201693 0.0659212697290553 0.11117505357072233 0.10630748746358767
1 0.9306430373320774 0.7889603014657975 0.09297052434972919 0.13701191818411546
1 0.7164313437487643 0.15971438532674606 0.10223643019392785 0.13103470282385157
1 0.7295568607948928 0.06121249274251531 0.15363528896022594 0.12242498548503063
0 0.9667111765371846 0.7058379129068533 0.03363070616851012 0.04782974623907634