1 0.882778382546042 0.3381709469007993 0.20294952564056318 0.1014936840799308
1 0.030858471668840492 0.41121025693385416 0.027221779569504577 0.08179551386770836
1 0.5034932969379001 0.37148475465274344 0.21552230024766902 0.10334712480937522
1 0.3113614549196175 0.38496210714194473 0.19833480024766903 0.102947081306389
1 0.6572153405705405 0.05275620450024361 0.1956806811410811 0.0794732137152085
1 0.7001670897419711 0.3549915049370839 0.20451202564056317 0.10153005167111129
1 0.6662671629441161 0.11305792486496583 0.19379284946188075 0.10596297853284735
1 0.8450813676588458 0.09849019785072988 0.20636562406898662 0.10781641926229182
1 0.09957412262124452 0.16073943787965286 0.18925089867609243 0.10897887575930572
1 0.4729003066578098 0.1335301597629865 0.21098034946188077 0.1063630220358335
1 0.12004725020488778 0.3992388934267362 0.20778257485477486 0.10472778685347235
1 0.09302871608726923 0.08722920269729174 0.18285534946188073 0.10570840539458348
1 0.6803896290313853 0.19845056420763946 0.19677230024766904 0.1029107137152085
1 0.2756036215877872 0.06962739466100717 0.20629284946188076 0.10625391926229184
1 0.4632299001238345 0.05994718939826427 0.20770980024766902 0.1031652868534724
1 0.8365025802314584 0.04834472748600764 0.20113016046291676 0.062431184079930716
1 0.02086057940288884 0.33059603656913195 0.014940103390822157 0.08619207313826394
1 0.2822218027288684 0.14470012984336827 0.20941784946188075 0.10632665444465297
1 0.6920227959044428 0.2806636521635423 0.2033133986760925 0.10930618407993072
1 0.11346545636735954 0.32494740824437507 0.20160534946188072 0.10614481648875014
1 0.3044885626536658 0.3044206219595836 0.2030950748547749 0.10461868407993072
1 0.4919285965663966 0.22371940187920178 0.21581339867609248 0.10959712480937522
1 0.10897270140496082 0.24524172444878484 0.20004284946188072 0.10610844889756962
1 0.28985882836943155 0.24164786502572938 0.20785534946188075 0.10629028685347244
1 0.8681293775836432 0.25822887376253545 0.1968450748547749 0.1044732137152085
1 0.8560424464425621 0.18302885201104238 0.19989730024766922 0.10298344889756961
1 0.5014534538861601 0.29417737224392404 0.21581339867609248 0.10959712480937522
0 0.42997656017246644 0.267540830640799 0.043788541356328814 0.03535692496187508
0 0.05139994995721876 0.29931032218833337 0.04564213978475229 0.041643292553055565
0 0.34869867328319837 0.11425087005972252 0.04698631596343468 0.03699216014423614
0 0.2244136108344202 0.21046929378732657 0.04520549214211709 0.032268292553055564
0 0.2133797574435981 0.12436813962701407 0.04193494292790545 0.029070557370694507
0 0.16348891935425688 0.12554812670923626 0.04022689371369372 0.02590918977951393
0 0.41963406554914995 0.19628342648048647 0.04840326674922295 0.033903527735416716
0 0.6310339460282773 0.32840951472072966 0.03917381596343468 0.036810322188333355
0 0.5922474660872693 0.09884864807947966 0.03285104135632899 0.03510235182361114
0 0.03842260690547882 0.22174836664125 0.03383134449948201 0.02263871941479163
0 0.02820639081820959 0.13644664627652778 0.04513271753501129 0.030705792553055566