1 0.7704109313073344 0.34995045678615355 0.10105448165323558 0.18590757485477488
1 0.979058702580965 0.4651986594339686 0.03695562021691714 0.17667381596343473
1 0.9107394528755526 0.6628592175395205 0.10734084308955402 0.19244867328319834
1 0.6987298113850049 0.7227201768023642 0.10422493344863373 0.1938656240689866
1 0.6284653675846386 0.06253627150673395 0.12119426483072289 0.1250725430134679
1 0.8364207089256768 0.6835035113770488 0.10731357201231546 0.18776117328319836
1 0.6968507114597596 0.37446461332012876 0.10578743344863373 0.19393839867609247
1 0.9395315525062102 0.8153827500045091 0.10086358411256384 0.1530950748547749
1 0.9755599560970065 0.7980839340410745 0.03997153590796145 0.15806936517764641
1 0.9239909701421624 0.13035493259333242 0.08076016237139498 0.18808650496239876
1 0.8356420633299123 0.03251482361642979 0.10371587334017525 0.06502964723285957
1 0.9088467174116879 0.3169474040572851 0.10578743344863355 0.19393839867609247
1 0.8716290394240032 0.13591788193137863 0.10576925273047451 0.19081339867609243
1 0.8423768348981305 0.33097782485928406 0.10576016237139489 0.1892508986760924
1 0.875747350219833 0.5020330335029553 0.10418857201231546 0.18761562406898663
1 0.7707483163549745 0.042636840365652795 0.10537836729005097 0.08527368073130559
1 0.664270536497137 0.20181051737290473 0.11047493344863372 0.19415672249741006
1 0.6886534338414172 0.055502867453958014 0.10706813231716553 0.11100573490791603
1 0.8022189466290367 0.5210784400369305 0.10575107201231537 0.1876883986760925
1 0.9597461420797231 0.29426972932634476 0.06509880093507618 0.18110875889134012
1 0.9600400161072692 0.6465043174156859 0.07293857201231546 0.18616013192686937
1 0.771476964975801 0.7037111575719418 0.10419766237139498 0.18917812406898663
1 0.8043506358332071 0.1546721900369305 0.10577834308955403 0.19237589867609248
1 0.7292006449083933 0.18394662117801167 0.10736811416679296 0.1971361732831983
1 0.664568955704223 0.553263855462246 0.10576925273047451 0.19081339867609248
1 0.7279638351927182 0.5307852338744588 0.10576925273047451 0.19081339867609248
1 0.8942812651253105 0.02302850765299507 0.07706246974937905 0.04605701530599014
1 0.5557773013278599 0.06949690095240403 0.10407039734428025 0.13899380190480806
1 0.6280598048439012 0.3846979460327865 0.10263516237139499 0.18910534946188068
1 0.5938671329063407 0.22071037469266833 0.10263516237139499 0.18910534946188076
1 0.9407274556060271 0.47557538730806215 0.10889425273047451 0.1909589478903042
1 0.8652218989154139 0.8344645438420375 0.09614881303532456 0.1481892510334574
1 0.8057514501450781 0.85363622891206 0.09763859016268803 0.13576202564056317
1 0.7721486097859984 0.856763382964836 0.15868517447164338 0.15735023531769166
1 0.729098046554282 0.8728271846602471 0.09292381908544911 0.1308562018192454
0 0.8070463054330764 0.7653185916085071 0.03616475897699054 0.040736315963434674
0 0.7728854497522946 0.5958622702683888 0.03303975897699054 0.04059076674922295
0 0.8083603832009285 0.40519872891206 0.037709078258831144 0.03768409057054054