0 0.7589632167980722 0.57109375 0.049801592558271324 0.0390625
0 0.5032960593563436 0.53203125 0.0464583377489479 0.0328125
0 0.3105554878494644 0.503125 0.056324411069925695 0.046875
0 0.28295129910472455 0.6671875 0.04171627404661713 0.03125
0 0.14618790908619111 0.64609375 0.044786710344286274 0.0296875
0 0.5410986158022804 0.70234375 0.04360615626060227 0.040625
0 0.8608158603599847 0.83125 0.05616071996293322 0.0421875
0 0.886802952285284 0.91484375 0.03708333774894825 0.0328125
0 0.9097345099971651 0.83984375 0.02307540145127902 0.034375
1 0.784369922248217 0.87265625 0.20867065027015244 0.1140625
1 0.75853905382923 0.9859375 0.21504464664195524 0.028125
1 0.5559869727037039 0.96953125 0.21931548439090348 0.0609375
1 0.3771377756062616 0.90078125 0.213139895460829 0.1078125
1 0.5902032599971649 0.83984375 0.21492065027015245 0.1140625
1 0.3627007641735162 0.95625 0.21086806733052788 0.0875
1 0.16915166081547164 0.928125 0.21399306733052798 0.0875
1 0.05334816697555744 0.75625 0.10669633395111489 0.10625
1 0.07624500835270248 0.5203125 0.15249001670540496 0.109375
1 0.05948160508732512 0.675 0.11896321017465024 0.109375
1 0.7714854871316742 0.95078125 0.21593751324684404 0.0984375
1 0.5708505700712988 0.92421875 0.22440477767481415 0.1171875
1 0.03736601371018007 0.896875 0.07473202742036014 0.078125
1 0.24688485744957783 0.46953125 0.2325446598887993 0.1265625
1 0.2135638928441223 0.7078125 0.22563989546082902 0.1078125
1 0.5984820406672041 0.759375 0.22111608656782167 0.1125
1 0.08073410091097388 0.44375 0.16146820182194777 0.1125
1 0.042499947012624335 0.840625 0.08499989402524867 0.10625
1 0.7911680484717525 0.78984375 0.2261309687818068 0.121875
1 0.17591258150404415 0.86875 0.22133434137714506 0.11875
1 0.07119292060375451 0.58984375 0.14238584120750902 0.1171875
1 0.4009175599044978 0.734375 0.21982640507947587 0.1203125
1 0.39331090182979694 0.81796875 0.2181002139724834 0.115625
1 0.1951015803229178 0.7890625 0.22295140507947592 0.1203125
1 0.23084814048186963 0.5484375 0.21966271397248338 0.115625
1 0.21567451906765767 0.625 0.218209341377145 0.11875
1 0.4451760245099533 0.49609375 0.24337303248413758 0.1234375
1 0.42526033939341046 0.57421875 0.22752977767481414 0.1171875
1 0.41377471316987513 0.65703125 0.21670140507947586 0.1203125
1 0.6426859415703288 0.52265625 0.22752977767481414 0.1171875
1 0.6257861290491242 0.60390625 0.22133434137714508 0.11875
1 0.612093162081416 0.6828125 0.22791172359113004 0.128125
1 0.8376884175237116 0.55390625 0.21346727767481433 0.1171875
1 0.8185267005560034 0.6328125 0.20721727767481432 0.1171875
1 0.802544547290626 0.71015625 0.21346727767481405 0.1171875
1 0.9520683760538994 0.5671875 0.05952382213985139 0.09375
1 0.936676499830364 0.65 0.0592510036281972 0.0859375
1 0.9222568465649866 0.72734375 0.0562896947351895 0.090625
1 0.906974097746113 0.80703125 0.05321925843752027 0.0921875
1 0.8932811307784047 0.8859375 0.048531758437520264 0.0921875
1 0.8766541367688545 0.959375 0.04814981252120454 0.08125
0 0.07387397650153706 0.51640625 0.1477479530030741 0.0984375
0 0.6391268549176891 0.96015625 0.0414980192372937 0.025
0 0.3767806223408843 0.978125 0.04969246515360961 0.0359375