1 0.0484375 0.05859375 0.096875 0.1171875
1 0.16875 0.35859375 0.10390625 0.18046875
1 0.3203125 0.8671875 0.1078125 0.1859375
1 0.3453125 0.97421875 0.103125 0.0515625
1 0.14140625 0.19140625 0.10859375 0.18203125
1 0.11875 0.05390625 0.10625 0.1078125
1 0.22421875 0.70625 0.10703125 0.18515625
1 0.26328125 0.52109375 0.1125 0.18359375
1 0.12890625 0.55 0.10546875 0.184375
1 0.0390625 0.3921875 0.078125 0.16796875
0 0.0046875 0.98828125 0.009375 0.0234375
0 0.0203125 0.346875 0.034375 0.04296875
1 0.028125 0.75390625 0.05625 0.15625
1 0.00625 0.92734375 0.0125 0.1453125