1 0.46151187358746243 0.3812963513297754 0.20276423111680747 0.15014587452429895
1 0.6835074615562463 0.19382947931411545 0.20588923111680746 0.1502732085166877
1 0.48529461160167486 0.27109102178601086 0.19947545680654793 0.1468935405319102
1 0.3179776368164455 0.2368712361970166 0.19758540818602893 0.14057987353571574
1 0.8735835849165661 0.1373751853593452 0.19660276232447194 0.12182987353571577
1 0.5194792610812764 0.15661202771750993 0.19972111827193723 0.15158104053191016
1 0.3447625440979632 0.1291369906456409 0.19610479534115868 0.14207870653952134
1 0.9615981620312162 0.23569462163291152 0.06304663387576923 0.1319795118629981
1 0.9464091740170038 0.34625011965574515 0.08179663387576923 0.13274351581733076
1 0.6590663042747286 0.30165922535978273 0.2059711182719372 0.1518357085166877
1 0.07871814224351241 0.08149935079830276 0.056059649479601646 0.11766234387822054
1 0.6353245098380811 0.4110833049035472 0.20120173111680745 0.1500822075281046
1 0.706184722976207 0.10471789977035093 0.19693031094499086 0.12807987353571576
1 0.8558394849619946 0.22199026589169288 0.1962685696514182 0.14520370653952136
1 0.44109979703863933 0.48694151486592857 0.20309177973732634 0.15639587452429887
1 0.36888279681149666 0.05730841159616797 0.18723440637700667 0.09182403855474379
1 0.6142540140219526 0.5143528849416033 0.20128361827193722 0.15164470752810466
1 0.5338526995704587 0.07655711319277349 0.19479460085908257 0.11707870653952138
1 0.20230945047496984 0.03877729300336809 0.1985060990500603 0.06889587452429893
1 0.8052308960886997 0.44071109098683314 0.20753361827193723 0.15189937551288213
1 0.150374056988262 0.20812020060802233 0.1979129568065479 0.14682987353571572
1 0.8354683519907364 0.32685417942784617 0.20292800542706707 0.15327087452429905
1 0.9189891016520522 0.555737866195704 0.11452724672063966 0.13251802273741298
1 0.29423584237979794 0.3462953157407811 0.19799484396167769 0.14839237353571572
1 0.0943442636254678 0.4248328567298018 0.1886885272509356 0.1484560405319101
1 0.9727237697877037 0.15785612311578628 0.04669129353213606 0.08765650889724856
1 0.7860504488930902 0.5377943380210836 0.2058892311168073 0.15027320851668763
1 0.9342223552700968 0.45927670167096757 0.09454229534115868 0.13794035178688588
1 0.09733202340574836 0.025104770760246663 0.05221095318850329 0.044224843878220524
1 0.26728716078802073 0.4571545612921568 0.20901423111680745 0.15040054250907656
1 0.11569476255161451 0.3170986111784261 0.19643234396167766 0.14832870653952135
1 0.16700271426977975 0.09997211958138305 0.19330734396167765 0.1482013725471326
0 0.22244937358746242 0.3715553009120335 0.05689845318850326 0.044415844866803764
0 0.22248475237484916 0.16173463193867274 0.05517217887824381 0.0412271778706093