1 0.6975111601065929 0.7977614755781989 0.1961180834462281 0.08507212008095948
1 0.6930040445481891 0.7267086691557637 0.20096935775648764 0.08844278154634874
1 0.7004524536387292 0.8837808627333285 0.19480124491161738 0.0896777329258299
1 0.98715467774659 0.8682256252849431 0.025690644506819994 0.07876680913596842
1 0.9851074988683461 0.7916631252849431 0.029785002263307804 0.08189180913596843
1 0.880610265149547 0.793649428428018 0.19003185775648745 0.08786957146044046
1 0.32275682157198216 0.8221018928093393 0.18213747060135788 0.08589763568479176
1 0.7033185040682706 0.9384683627333285 0.1903660504295413 0.06451395861557004
1 0.8902962036387294 0.8738315733850637 0.19159435775648753 0.08795145861557004
1 0.9829579610461903 0.7096318752849431 0.03408407790761956 0.08189180913596861
1 0.9843096387370094 0.9255434803278973 0.03138072252598114 0.052613744911617036
1 0.8859727945481891 0.7165956054972393 0.18846935775648782 0.0877876843053107
1 0.3281547297580111 0.9549962799644691 0.1766310990500603 0.0700269742194024
1 0.1485491169131408 0.9659758028043905 0.19052982473980085 0.06763895861557039
1 0.49989585368415773 0.8089014507021124 0.18986808344622813 0.08474457146044045
1 0.319279939505235 0.7408109492317744 0.18057497060135788 0.08581574852966192
1 0.3188749050182102 0.8975113285849879 0.18221935775648754 0.08746013568479186
1 0.49502024592767013 0.7308173942796773 0.18830558344622794 0.0846626843053107
1 0.502373479758011 0.9458658621675017 0.1844435990500603 0.07043640999505137
1 0.8877753912234002 0.930368178428018 0.18395227611928178 0.06106140999505101
1 0.5032908485957751 0.8886298942796774 0.19003185775648745 0.08786957146044046
1 0.1468527408392875 0.8289704477614365 0.17884869629109837 0.08260886137453208
1 0.14140832428551559 0.904461770692215 0.19167624491161733 0.08951395861557003
1 0.14674652023792964 0.752203229873612 0.18213747060135782 0.08589763568479185
0 0.440251938034897 0.9115185176399972 0.0407821302577247 0.034859678878243726
0 0.08805867424008706 0.9926478454320158 0.03807321008590825 0.012902791723114149
0 0.26066293532136353 0.8480745725920944 0.0372476944820761 0.02688340456798457