1 0.7604081756499936 0.6459087520872923 0.13428513817089804 0.25621624525034736
1 0.8459523285534187 0.1783049844198618 0.13263173458010194 0.24055487765916678
1 0.980963132808145 0.20645078105698 0.03732832493918146 0.23989895459715277
1 0.7366682321442151 0.16013425303722284 0.13576582493918146 0.2421901128415279
1 0.868116136520578 0.6663868658787507 0.13741922852997773 0.2578514804327085
1 0.9357097201421624 0.19523987091274383 0.12798059601642037 0.2466957748856251
1 0.6675348744203297 0.6273386304120492 0.13428513817089804 0.25621624525034736
1 0.9438155732888613 0.6822131940510078 0.1030260478118187 0.25392639342673606
1 0.7938257054096354 0.40837303770649375 0.13586581888905727 0.2593776128415278
1 0.7418071248131131 0.8821468848773615 0.1326771863754999 0.23570623024527712
1 0.9631933289462022 0.44044392134958416 0.07021354781181835 0.2531626740119446
1 0.902333096998379 0.42574433529354244 0.13742831888905727 0.2594139804327085
1 0.7009433138208918 0.3913654160312506 0.13741922852997773 0.2578514804327085
1 0.9081042905041578 0.8998812051658337 0.10284424063022612 0.20023758966833255
1 0.6341127994811482 0.8656555947928478 0.1342578670936593 0.2515287452503472
1 0.8323775826586355 0.8894333612260074 0.13576582493918146 0.22113327754798542
1 0.5193185255752389 0.982035822472674 0.10964771077238851 0.035928355054652174
1 0.6169202334207612 0.9925564015948612 0.10797612646343317 0.014887196810277458
1 0.6398750453759315 0.14381696238402833 0.13263173458010194 0.24055487765916678
1 0.5715047569338869 0.614164523554445 0.12958854781181833 0.25454464247680575
1 0.5381054078924045 0.8485752379352436 0.1295521863754999 0.24829464247680555
1 0.6049541029503074 0.37116005917364636 0.12484650565734086 0.245060539703264