1 0.20390625 0.7390625 0.0703125 0.1703125
1 0.47734375 0.9140625 0.075 0.16171875
1 0.06796875 0.915625 0.071875 0.16875
1 0.33671875 0.91796875 0.07265625 0.1640625
1 0.4765625 0.74296875 0.07578125 0.175
1 0.12421875 0.90625 0.071875 0.1734375
1 0.27109375 0.403125 0.0703125 0.1765625
1 0.340625 0.40234375 0.07109375 0.1765625
1 0.20390625 0.56953125 0.0703125 0.171875
1 0.2734375 0.91796875 0.071875 0.16328125
1 0.20625 0.91640625 0.07421875 0.16640625
1 0.203125 0.4015625 0.071875 0.17265625
1 0.478125 0.5734375 0.071875 0.17265625
1 0.27578125 0.74140625 0.0703125 0.1765625
1 0.26953125 0.56875 0.0703125 0.17265625
1 0.33984375 0.571875 0.07265625 0.17265625
1 0.0703125 0.74375 0.06796875 0.171875
1 0.34296875 0.746875 0.06953125 0.1734375
1 0.475 0.396875 0.07890625 0.17734375
1 0.5546875 0.396875 0.07109375 0.1765625
1 0.553125 0.56953125 0.0703125 0.17421875
1 0.55390625 0.7484375 0.071875 0.18203125
1 0.55390625 0.915625 0.07265625 0.16328125
1 0.41328125 0.746875 0.07109375 0.171875
1 0.12265625 0.57265625 0.07265625 0.17109375
1 0.41484375 0.403125 0.07109375 0.17578125
1 0.4171875 0.91796875 0.084375 0.1640625
1 0.06484375 0.56953125 0.078125 0.171875
1 0.06953125 0.4 0.06796875 0.1765625
1 0.12421875 0.74453125 0.07109375 0.17265625
1 0.41328125 0.571875 0.0703125 0.1734375
1 0.12265625 0.39609375 0.075 0.17890625
1 0.015625 0.403125 0.03125 0.1828125
1 0.01640625 0.7390625 0.0328125 0.175
1 0.01484375 0.5625 0.0296875 0.16875
0 0.434375 0.67890625 0.02734375 0.03515625
0 0.59296875 0.33203125 0.02265625 0.03125
0 0.36640625 0.68515625 0.02265625 0.02265625
0 0.0234375 0.6265625 0.0203125 0.03359375
0 0.1578125 0.45703125 0.021875 0.0359375