0 0.07654070142422309 0.668331214286185 0.034684082670272565 0.02716251785690744
0 0.10235886143376811 0.7382073376629796 0.0395170333386361 0.03974433847375849
0 0.12272645277685856 0.8097414184261004 0.041024989337999786 0.03508411201270896
0 0.3151684914464948 0.8282617731352087 0.04567612667090888 0.03204093262955965
0 0.42299698341022374 0.5591378518697343 0.04567612667090888 0.03204093262956
0 0.4394765060868597 0.632302616480231 0.03944430800445424 0.03349433847375849
0 0.486479870106586 0.7768241838506711 0.03940794533736351 0.03036933847375849
0 0.5342281214592214 0.918207114451636 0.03944430800445424 0.03349433847375849
0 0.6177645907463145 0.576054796270417 0.03473862667090906 0.03185001785690744
0 0.6851900901097677 0.796797944403978 0.03784544533736352 0.030342064934808198
0 0.6707350494111782 0.5618462459461055 0.04255112667090888 0.031986385551659245
0 0.7968793787396331 0.5236995892911279 0.040952264003817976 0.028834112012708957
0 0.8627241967695408 0.7429075109636392 0.03938976400381833 0.02880683847375849
0 0.9065901860677696 0.48349555479512907 0.1821954293443632 0.0844137305182393
1 0.8521695994589032 0.910313199275242 0.18499316534054522 0.05634327759614024
1 0.8521695994589032 0.910313199275242 0.18499316534054522 0.05634327759614024
1 0.791457724100859 0.7293047069858797 0.20139996268299926 0.12380351298564349
1 0.7719350174251776 0.6632257394532838 0.20296246268299925 0.12383078652459396
1 0.8134150874442676 0.80315526421005 0.20139996268299926 0.12380351298564349
1 0.8361537007876763 0.8769921846647453 0.20296246268299925 0.1238307865245936
1 0.9568709020528157 0.8240017780097679 0.08625819589436859 0.1266636858759707
1 0.9348953573758617 0.6735887207855974 0.13020928524827652 0.12896257142762976
1 0.7318901780712694 0.5123314411575671 0.19509541868236296 0.11900691882984216
1 0.9043985143618624 0.4546029415646042 0.19120297127627522 0.10335464529089186
1 0.9267010493714073 0.605756338480349 0.14659790125718536 0.12454780681713337
1 0.294693454129494 0.9489561026805132 0.21513519867918127 0.09592397483619663
1 0.2744531321212217 0.8883595219173926 0.1951317813494538 0.12213191882984234
1 0.9470595500477252 0.7491654192434698 0.1058808999045496 0.1269909683433749
1 0.9090590160327713 0.5318375974088028 0.1818819679344575 0.13296032467404081
1 0.14751846212599423 0.9257385653418453 0.09322383601209036 0.09067163879807012
1 0.12562473344999464 0.857356758117675 0.09013519867918122 0.09374209172016919
1 0.4885343607972213 0.953386683850671 0.21182838534372675 0.0802444277582957
1 0.47244573679181245 0.9138156692401745 0.20608746268299924 0.12388533360249454
1 0.9349589920432708 0.6837449707855974 0.13008201591345844 0.12740007142762977
1 0.1684036741326757 0.9746027593354908 0.09583975867281787 0.0469761858759707
1 0.06374070942072325 0.6427681525977877 0.08699201734563582 0.0921250446422686
1 0.0841083007638137 0.7143022333609086 0.08860906134627214 0.09683981818121908
1 0.10367646077335872 0.7842874508935044 0.0886636053469085 0.10152731818121907
1 0.1790202640833598 0.6110624107154626 0.19667610001590835 0.12059669236879245
1 0.1985338800922685 0.6763601282480586 0.20935791335136283 0.13643988068039511
1 0.22127249343567712 0.7501970487027537 0.2125192760184537 0.1396194277582959
1 0.24552815344522214 0.8201004456184986 0.21408177601845368 0.13964670129724643
1 0.35570039540895104 0.550935614044599 0.20463405068427196 0.13323306006354424
1 0.37454184941913243 0.6256219683466702 0.21095677601845378 0.1395921542193456
1 0.39800716876190473 0.6947577520318902 0.2046158693507265 0.13167056006354425
1 0.4215088507717679 0.7670185357171102 0.2077954133513628 0.13641260714144482
1 0.444265645448722 0.8424179561718056 0.2078317760184536 0.13953760714144475
1 0.5332526834022696 0.4986076806042602 0.20770450668363552 0.128600107141445
1 0.5535839120782692 0.567016761367381 0.20926700668363551 0.12862738068039511
1 0.5724162754216777 0.640921865669452 0.2093942760184536 0.13956488068039513
1 0.5912668200986319 0.7163894699715232 0.20619655068427195 0.13326033360249454
1 0.6147594114417223 0.7878690036567433 0.21093859468490822 0.1380296542193456
1 0.6390150714512673 0.8577724005724882 0.20465223201781732 0.13479556006354407
1 0.6593644814608123 0.927743981335609 0.20454314401654478 0.12542056006354443
1 0.670674698798494 0.9595843165629565 0.1975477093411815 0.06124896590774291
1 0.7021930400620426 0.44486725162814833 0.20614200668363553 0.12857283360249455
1 0.8867220340547247 0.3877290872625331 0.2093033693507266 0.13175238068039521
1 0.9785277260502705 0.35330744846446305 0.038445429344363194 0.0819045649348082
1 0.9882738013605896 0.4288841469223355 0.023452397278820668 0.08955342370110611
1 0.7491873134149962 0.5886075689985886 0.21880563868554467 0.14285352191409723