1 0.65625 0.79765625 0.125 0.075
1 0.290625 0.98046875 0.11875 0.0390625
1 0.88671875 0.9546875 0.11875 0.07578125
1 0.8828125 0.9921875 0.121875 0.015625
1 0.18046875 0.9203125 0.11953125 0.0765625
1 0.1734375 0.9765625 0.115625 0.046875
1 0.7625 0.98828125 0.125 0.0234375
1 0.7671875 0.94375 0.12109375 0.075
1 0.646875 0.9390625 0.125 0.07578125
1 0.65078125 0.871875 0.12421875 0.075
1 0.9703125 0.95703125 0.059375 0.078125
1 0.4390625 0.57734375 0.11640625 0.06953125
1 0.971875 0.99375 0.05625 0.01171875
1 0.89609375 0.87734375 0.1140625 0.0734375
1 0.53828125 0.7921875 0.11484375 0.0765625
1 0.41640625 0.92734375 0.11484375 0.07421875
1 0.521875 0.98203125 0.11875 0.0359375
1 0.31953125 0.6484375 0.11953125 0.0734375
1 0.4046875 0.98046875 0.128125 0.0390625
1 0.2046875 0.64375 0.12109375 0.07265625
1 0.9734375 0.8828125 0.053125 0.0703125
1 0.79140625 0.5921875 0.1171875 0.07421875
1 0.9765625 0.74375 0.046875 0.07421875
1 0.89765625 0.66953125 0.11796875 0.071875
1 0.77890625 0.79921875 0.125 0.071875
1 0.190625 0.85234375 0.11796875 0.0765625
1 0.29921875 0.9234375 0.121875 0.0765625
1 0.54453125 0.7203125 0.11796875 0.075
1 0.6390625 0.984375 0.121875 0.03125
1 0.9796875 0.671875 0.040625 0.078125
1 0.78125 0.6625 0.1265625 0.0734375
1 0.0703125 0.70390625 0.140625 0.07734375
1 0.42734375 0.715625 0.12109375 0.07578125
1 0.7828125 0.734375 0.125 0.071875
1 0.771875 0.8765625 0.1203125 0.07578125
1 0.06796875 0.77421875 0.1359375 0.071875
1 0.975 0.80859375 0.05 0.078125
1 0.32421875 0.57421875 0.11171875 0.0703125
1 0.196875 0.778125 0.11875 0.06796875
1 0.4375 0.64765625 0.121875 0.06953125
1 0.89453125 0.8046875 0.11171875 0.0734375
1 0.30859375 0.8546875 0.1234375 0.06953125
1 0.89765625 0.7390625 0.11015625 0.0765625
1 0.9 0.596875 0.1203125 0.07109375
1 0.42265625 0.78671875 0.11796875 0.0765625
1 0.675 0.5875 0.12421875 0.071875
1 0.98125 0.5953125 0.0375 0.06640625
1 0.53359375 0.93046875 0.121875 0.0734375
1 0.20546875 0.70625 0.121875 0.0765625
1 0.53828125 0.8640625 0.12109375 0.0765625
1 0.0671875 0.91484375 0.12734375 0.075
1 0.55 0.6546875 0.11796875 0.06953125
1 0.5609375 0.58046875 0.12421875 0.0734375
1 0.42109375 0.8609375 0.11171875 0.07578125
1 0.0703125 0.63828125 0.12265625 0.07109375
1 0.0609375 0.97421875 0.121875 0.0515625
1 0.31015625 0.7828125 0.11953125 0.075
1 0.31953125 0.7078125 0.1203125 0.07421875
1 0.065625 0.8484375 0.13046875 0.07734375
1 0.21640625 0.57265625 0.121875 0.07109375
1 0.66953125 0.6578125 0.11796875 0.0734375
1 0.64453125 0.72890625 0.0890625 0.06796875
1 0.078125 0.56953125 0.15078125 0.071875
0 0.03203125 0.58984375 0.02890625 0.02890625
0 0.12421875 0.73125 0.021875 0.021875
0 0.1109375 0.86875 0.01953125 0.02109375
0 0.353125 0.740625 0.02421875 0.01875
0 0.3890625 0.740625 0.021875 0.021875
0 0.48125 0.60703125 0.01875 0.0203125
0 0.5078125 0.67109375 0.01328125 0.0234375
0 0.47265625 0.67421875 0.0203125 0.01953125
0 0.6296875 0.61328125 0.01640625 0.015625
0 0.6796875 0.71328125 0.0203125 0.02109375