1 0.38285230927780944 0.10053070182194776 0.18414418973360736 0.11564982576804841
1 0.5491312252854206 0.09784466752371161 0.18290002471457925 0.12340776206571755
1 0.8688216427759066 0.08278014039705159 0.16564885771838506 0.12124506134007813
1 0.8757202415970429 0.02598456960796262 0.1704345168059141 0.05196913921592524
1 0.7058733152093085 0.0751884506408214 0.194503369581383 0.1503769012816428
1 0.06616882806088974 0.10390376079977319 0.13233765612177947 0.11719247840045362
1 0.21064172825117017 0.09562249092950732 0.18471719269935694 0.12971232576804842
1 0.5321930760837233 0.02659967241785304 0.17936384783255335 0.05319934483570608
1 0.3740304076046542 0.0372085621623094 0.18462435079830275 0.0744171243246188
1 0.20740132311797388 0.041125963887665325 0.1823615138401644 0.07189982576804842
1 0.7098724071103627 0.034372477682663403 0.17400518577927465 0.06874495536532681
1 0.06502016353615328 0.05083332450210405 0.13004032707230656 0.0514583509957919