1 0.10116068159826597 0.020907918519714963 0.12038809471009326 0.028815867290050944
1 0.3391612105374612 0.013695903099816855 0.11055806840173403 0.02094882513557324
1 0.0929324106927529 0.17559996369925476 0.13825594710093284 0.2819590480082102
1 0.028686442121609663 0.17439146682251275 0.057372884243219326 0.28003293364502546
1 0.22239093949077376 0.019268671348385336 0.11560958944842144 0.02722609621281209
1 0.02633498684582038 0.0212482861043535 0.05266997369164076 0.026871572208707
1 0.447064715799133 0.012760637876310479 0.11993306840173404 0.02100336729005095
1 0.21292639227690144 0.18176867134838534 0.13549496814762022 0.28819086729005094
1 0.011482595027735545 0.7556460120020525 0.02296519005547109 0.2878272529268662
1 0.2057384346526249 0.466198213502863 0.13834695236260472 0.28352154800821017
1 0.3339669343702762 0.1699686289975159 0.13660244183926107 0.28038745764913053
1 0.004115021470210411 0.9390806807181592 0.008230042940420823 0.12183863856368156
1 0.020222952786127697 0.4657977168225127 0.04044590557225539 0.28159543364502543
1 0.08394194545831728 0.7593391594445287 0.14477896288594838 0.2866829094445286
1 0.19307402175255908 0.7373101442210223 0.13880197867096392 0.29133404800821017
1 0.1929165851043828 0.940389171544777 0.12731990514873237 0.11922165691044598
1 0.09526366623677343 0.47102609318775 0.14477896288594838 0.2866829094445286
1 0.08133434299689056 0.937713623438371 0.13228042093374792 0.12457275312325819
1 0.4410436870011122 0.16981006859446973 0.1381649418392609 0.2803965480082102
1 0.311530077211875 0.9430783551898024 0.1270468893637169 0.11384328962039518
1 0.31472150859837944 0.7419254422292325 0.13558597340929204 0.28975336729005097
1 0.41704432984271095 0.9425970870394298 0.13182539462538861 0.11480582592114033
1 0.43197471096098417 0.4596992703898678 0.13714847340929204 0.2897624576491305
1 0.32636945306847637 0.4614294211519936 0.14009146288594837 0.2866556383672899
1 0.42198027175255903 0.7386418818261863 0.14009146288594837 0.2866556383672897
0 0.37957442192196833 0.9165805294650541 0.04371917889684287 0.05336134933607006
0 0.39186637947565767 0.5579367824901162 0.045463689420186526 0.056495439695149585
0 0.2574333823888423 0.8533487555591449 0.03296368942018653 0.056422716822512695
0 0.22891760039528813 0.41709763817089807 0.0547476841585147 0.05498748184962743