1 0.41664670890870587 0.8604251386060028 0.1365625264936879 0.19838405068427178
1 0.37058279619431767 0.3010325046149115 0.14303078130301117 0.20470677601845377
1 0.30926079484355534 0.8718268099538659 0.13807046279135698 0.19683973201781732
1 0.5397940322296836 0.8449354039226854 0.13796133538669525 0.19371473201781733
1 0.5482563182572002 0.9604149532543218 0.12723711179556502 0.06551700668363551
1 0.6479066325925034 0.8350871419080497 0.1381795901960187 0.19996473201781734
1 0.2655679139803325 0.3116256539624563 0.1397420901960187 0.19998291335136287
1 0.7632141740623156 0.8204695638924594 0.13628970798203355 0.19057155068427187
1 0.3219567130850571 0.9778859059516385 0.12625496515360962 0.037392006683635515
1 0.2522842078972155 0.13294667063177432 0.1347817716843644 0.19211586935072647
1 0.4299601860432151 0.9711626439370029 0.12038691106992569 0.0482567813494537
1 0.6649353867688544 0.9512479439051862 0.12723711179556502 0.06551700668363551
1 0.5929736952833438 0.10477348058564011 0.13628970798203355 0.19057155068427192
1 0.2795237426587879 0.4934205466263655 0.13823415389834953 0.20152723201781733
1 0.04441219891154088 0.1471289913271821 0.08882439782308175 0.1932420173456358
1 0.945064374787955 0.8011730292011879 0.05945438947037936 0.18186816534054495
1 0.9443625142583343 0.6200048452021424 0.07428078130301116 0.20390679734245404
1 0.802743054083684 0.006610342616184141 0.11951389183263209 0.013220685232368282
1 0.29786697097442344 0.6837546452896384 0.13505459019601868 0.1999283693507266
1 0.6387201494675443 0.6508939552435041 0.13639883538669526 0.19369655068427197
1 0.8666938381274661 0.8091133458784601 0.13300101687504123 0.18584768801718105
1 0.053611094920524106 0.3360460406588185 0.10722218984104821 0.19353291868236297
1 0.13253470308789211 0.14058754264800086 0.14119546279135697 0.19687609468490824
1 0.389816401914615 0.48823251261141165 0.1366170901960187 0.19994655068427197
1 0.9494021560061482 0.9229480318666881 0.038338302902557686 0.06916817067154497
1 0.1480530317663474 0.3223642539783646 0.14125002649368784 0.19843859468490824
1 0.1958431355877282 0.8770512066359105 0.14432046279135696 0.19691245735199914
1 0.05688737314349246 0.5156608153246367 0.11377474628698492 0.2124283693507266
1 0.4687946400185334 0.018721085972319456 0.12491071996293321 0.03744217194463891
1 0.6107266465571375 0.2896479199156857 0.13812502649368774 0.19840223201781731
1 0.7096825017292805 0.27365874590232264 0.1351637176006804 0.20305336935072651
1 0.778625864536336 0.9382110472231414 0.12282243030721922 0.07327496268299924
1 0.21096464938272624 0.9807392806333652 0.126145837748948 0.03426700668363551
1 0.40522560318840856 0.6731342239417755 0.13494546279135697 0.1968033693507266
1 0.17803562061160375 0.693739267305865 0.1397420901960187 0.19998291335136287
1 0.5227677672535591 0.6616143739258671 0.1351637176006804 0.20305336935072643
1 0.36452131306935864 0.11680295528327503 0.14103177168436448 0.1921885946849083
1 0.6256819800449162 0.4651837219128222 0.12858633538669526 0.1936056440165448
1 0.4903595828548065 0.29261038259868494 0.1397420901960187 0.19998291335136278
1 0.9391095629845406 0.4349849552037332 0.09744546279135698 0.19636701734563577
1 0.47626734492052414 0.11472173993477572 0.13618058057737184 0.1874465506842719
1 0.8804611830479903 0.9292167605426875 0.11657243030721957 0.07320223734881744
1 0.6955084182415018 0.09811385323841346 0.1345635168750409 0.18586586935072646
1 0.8264434157944311 0.26214798655318705 0.1382887176006804 0.20308973201781733
1 0.7407191590861911 0.6372121685630502 0.13467264427970277 0.1889908693507266
1 0.07835553522490846 0.8870085566518189 0.14108633538669527 0.19375109468490842
1 0.06515496897106583 0.7076301393220914 0.13030993794213167 0.20159995735199915
1 0.503479597830931 0.4759768659293669 0.1380158990890262 0.19527723201781733
1 0.816738577497329 0.09327000328216144 0.1393055805773719 0.18654000656432287
1 0.160337233040141 0.5073023279758193 0.1429762176006804 0.20314427601845358
1 0.8522568598118305 0.6187337938813237 0.131875026493688 0.19832950668363553
1 0.9319121657944311 0.26092074653886954 0.1068750264936881 0.19803860534690845
1 0.7289161074495778 0.4608587538988228 0.12869546279135696 0.19673064401654478
1 0.9201091141578178 0.08830950960775272 0.11732145317271012 0.17661901921550544
1 0.8403446807705555 0.4455053792170962 0.13338296279135697 0.19678518801718106
1 0.0888441127222374 0.9891886746499099 0.11315476442797028 0.020059056015271894
0 0.775034716334736 0.03471387722791394 0.061339293283910835 0.05694089067472691
0 0.5574950083527025 0.226230857256549 0.06123016587924912 0.05381589067472688
0 0.8036780052726595 0.511530368555096 0.0338492103442861 0.030069308004454242
0 0.8153719295046112 0.6910087832193235 0.033958337748948166 0.03319430800445424
0 0.7063416698859644 0.7047723859007318 0.04516865626060227 0.041134077339272324
0 0.04815711453633594 0.9467108206556368 0.04258929328391081 0.056722714672181596