1 0.9713963395630465 0.3111732454451306 0.05720732087390701 0.2537450480932343
1 0.9521602612010774 0.8013518121426862 0.09567947759784516 0.2645387043538364
1 0.5837029767559911 0.7608854917321155 0.14348713828925294 0.2656299784004535
1 0.6212847560752678 0.27295147131369546 0.14170638347992953 0.2593254146981227
1 0.9431672899101677 0.9604266455456472 0.09288195916316014 0.07914670890870568
1 0.5100471557124481 0.26048369844820474 0.13696431977759857 0.25759922359113013
1 0.9607812764936877 0.5544048902729874 0.07843744701262452 0.2579067584375204
1 0.9869196466419554 0.14536719617077 0.026160706716089166 0.11035714664195542
1 0.4692585308396751 0.7459648414619631 0.14203376569391465 0.2687004146981227
1 0.6761905771188108 0.772698500169636 0.13890876569391467 0.268591287293461
1 0.9165253342055688 0.3035492292030618 0.14181551088459124 0.2624504146981227
1 0.5722273073333629 0.9356919964566209 0.12851192431676955 0.12861600708675808
1 0.6646330621426864 0.9435789075265466 0.12495041469812271 0.1128421849469067
1 0.4895437158713999 0.5000992699550839 0.14170638347992953 0.2593254146981227
1 0.8798612141421195 0.7954167814726473 0.14348713828925314 0.2656299784004535
1 0.8305630084375206 0.12107898038418816 0.11519346878180689 0.12574902286549078
1 0.45721986622637034 0.9298214531727101 0.12404267912609299 0.14035709365457977
1 0.898447489918017 0.5455903962634372 0.14187007458692236 0.2640129146981227
1 0.603152348085385 0.5134301383740709 0.1417609471822603 0.2608879146981227
1 0.6963666347458739 0.5237079286627568 0.138745074586922 0.263903787293461
1 0.6384201484560539 0.09330117684865832 0.12160715988879929 0.13065477767481418
1 0.7874281774816305 0.7851662730351269 0.14203376569391465 0.2687004146981227
1 0.7144717608845912 0.2824480116023814 0.13701888347992952 0.2591617235911302
1 0.8156895205032381 0.2984673704027216 0.14176094718226045 0.2608879146981227
1 0.8688939762078369 0.9572817981780523 0.12580358656782167 0.08543640364389553
1 0.9315352313956785 0.13006708918452836 0.11626489546082901 0.11174108656782163
1 0.530362111795565 0.08250503138782928 0.11384922359113006 0.13194445916315992
1 0.7717461576961827 0.9477778234057957 0.12634922359113024 0.10444435318840846
1 0.7301264988188736 0.1050869034350134 0.11993553248413776 0.12747521397248335
1 0.8067957032575283 0.5353671696770822 0.14192463828925303 0.26557541469812274
0 0.9658681136944818 0.4652332628683258 0.03584821996293286 0.04338790145127884