1 0.4936932731319132 0.16721735876959323 0.1599398360381265 0.12462962743398434
1 0.5656048238599667 0.526228120133679 0.17090460957707698 0.12638304220663663
1 0.5475621615229462 0.43276449229265757 0.1661898360381265 0.12473872158978576
1 0.4782261858759707 0.0869940706201463 0.15835006249917621 0.123039853895034
1 0.8183814017837137 0.27799162297634805 0.1678068831160271 0.12789099512873606
1 0.8385768993480817 0.3604768405089439 0.16777960957707672 0.12632849512873606
1 0.5312320036501527 0.34786734091268573 0.16306483603812652 0.124684174511885
1 0.8581684249156268 0.45313194481101504 0.1756193831160271 0.12802736282348767
1 0.6712706225627204 0.31181897240715517 0.16462733603812651 0.12471144805083538
1 0.512462638391033 0.2575423498411395 0.16147506249917604 0.12309440097293471
1 0.8777326769442217 0.5442245491130862 0.175592109577077 0.12646486282348768
1 0.9311444545436572 0.24632679140244837 0.10042846834337453 0.11578073295387144
1 0.7980358997551187 0.18691265544375213 0.16462733603812651 0.12471144805083538
1 0.94742006533855 0.3280989427824202 0.0957409683433749 0.11569891233702041
1 0.6368978023529064 0.13345819318616198 0.16139324188232518 0.11840690097293467
1 0.7784443741875734 0.09425755114168104 0.16306483603812652 0.124684174511885
1 0.6001909147726524 0.006355545456342884 0.15038182954530477 0.012711090912685769
1 0.6907257804355138 0.39666157670922625 0.16772506249917604 0.12320349512873605
1 0.760878998782184 0.03547425527830105 0.16238299756436803 0.0709485105566021
1 0.6190460547885385 0.05585582630054152 0.16301028896022593 0.11171165260108304
1 0.4661568340095316 0.027059557631207504 0.15106366801906326 0.05411911526241501
1 0.7087138956946337 0.4870002045502477 0.169342109577077 0.12635576866768633
1 0.5812491891190863 0.6166076582831259 0.18184210957707697 0.1265739569792892
1 0.9595637349824664 0.41768359416239187 0.08087253003506731 0.11090231818121907
1 0.9712648940730759 0.5065551793897395 0.05747021185384824 0.11364548863591431
1 0.8777255795453047 0.014688422486585417 0.10857615909060954 0.029376844973170835
1 0.6540773940730757 0.22224795779665857 0.16306483603812652 0.124684174511885
1 0.7259343977232285 0.5781337191607443 0.16772506249917604 0.12320349512873605
1 0.9107853157455871 0.15446657386985246 0.10826824188232535 0.11747960064862309
1 0.8951545872559425 0.06486828572040554 0.1066239212654743 0.11276482710967277
1 0.4247778575484819 0.02743654586173233 0.06509889448011283 0.05487309172346466
0 0.7480570393639676 0.41285359253753884 0.04147047970746058 0.04914661201270891