1 0.27687502315936385 0.04266005427472854 0.08496150496239867 0.0839456320667471
1 0.3538549001238345 0.03638347806458969 0.08496150496239867 0.07276695612917938
1 0.09241874813797317 0.20190998077812314 0.10524407981717361 0.1847645036180446
1 0.12248089143738214 0.3765448106063066 0.09906685442427944 0.18599945499752568
1 0.5599211569437508 0.8399600209193576 0.09794100206691461 0.19529256784239585
1 0.3509656879609975 0.8767550932843091 0.10233740363849116 0.18928822930778502
1 0.06045392638357021 0.3899765468114967 0.09281685442427948 0.18567190637700665
1 0.32146647084027097 0.6973918198785608 0.09921240363849115 0.18912445499752567
1 0.47111529052775936 0.31206739427967733 0.09921240363849115 0.18912445499752567
1 0.30286394251362064 0.1634705212580418 0.09728603060296184 0.18123006784239587
1 0.09588008167469123 0.9151845867255884 0.04826633374611502 0.16619156603337365
1 0.19697146918764113 0.36167672716007854 0.09750435442427943 0.18591756784239583
1 0.4066718008668416 0.324059461217562 0.09906685442427943 0.18599945499752568
1 0.16879931162020853 0.19399126017676532 0.09565075599585607 0.17958568068726607
1 0.30345056327283837 0.5291740863869041 0.10226462903138529 0.18772572930778503
1 0.07182580417661044 0.07925040875185578 0.08532537799792803 0.0917581320667471
1 0.14498966976403244 0.9102613913390012 0.10004715756743261 0.17358134215265544
1 0.14998096091547353 0.5466149711671846 0.09735880521006775 0.18279256784239592
1 0.42289419188993893 0.8573223405707757 0.10248295285270288 0.1924132293077853
1 0.0666355756788352 0.74129006331984 0.04594185442427946 0.18321529172311415
1 0.03839064350429673 0.5720420963365269 0.031806579817173594 0.18091580732694618
1 0.2578406184829061 0.7101241932388807 0.09935795285270288 0.1922494549975255
1 0.08739106968297916 0.5647751509499397 0.09735880521006775 0.18279256784239592
1 0.2194758236119206 0.5421897427639107 0.10553517824559704 0.19101450361804453
1 0.5311304152159184 0.6589933039360443 0.09921240363849115 0.1891244549975255
1 0.37586479487098556 0.15024682496694344 0.09877575599585597 0.1797494549975256
1 0.023662401776464347 0.39033839495704586 0.019088255995856028 0.1755732100859083
1 0.14560790653397532 0.06598576888319259 0.08190927956950463 0.08534435775648759
1 0.3640241902373091 0.5181679873368438 0.10070212903138538 0.18764384215265545
1 0.04218330769126711 0.21629006331984008 0.0724315798171736 0.18304487336031983
1 0.4167358897847523 0.02915415422930002 0.07693068114108112 0.05830830845860004
1 0.24385281554914995 0.17439473315297235 0.10687935442427945 0.18640889077317438
1 0.02442426530148094 0.08721671698331322 0.04448205417661044 0.08494156603337355
1 0.20923375889134013 0.05325339552287276 0.08176373035529283 0.08221935775648759
1 0.2826887229071856 0.8905143781100182 0.09594185442427942 0.185835680687266
1 0.43776990529112103 0.5041220974681806 0.09921240363849115 0.1891244549975255
1 0.3323267723307943 0.34205254466379015 0.10077490363849115 0.18920634215265525
1 0.44138063296032676 0.14446381445149387 0.0957963052100677 0.1827106806872661
1 0.2631230080627706 0.35272777306706404 0.10077490363849115 0.18920634215265536
1 0.5006508949520387 0.4922119176854256 0.09935795285270288 0.19224945499752555
1 0.4635619255550007 0.6711491451841886 0.0995035020669146 0.1953744549975255
1 0.18089712882198833 0.7227713574178033 0.10092045285270287 0.19233134215265543
1 0.11719850185751764 0.7339412307781231 0.10092045285270287 0.19233134215265543
1 0.3929048231976358 0.6842500107425922 0.09921240363849115 0.1891244549975255
1 0.29770160090511355 0.97744116802411 0.07899829528527036 0.022844357756487455
1 0.43952522786958426 0.9621769369073025 0.07660104135632899 0.038305583446228295
1 0.37173841438734895 0.9696452781554467 0.08717466832079959 0.03106629353213606
1 0.5127807913518196 0.9544219906162041 0.08321491439185813 0.046445632066747324
1 0.4946236426757272 0.8504305314348072 0.09935795285270288 0.1922494549975255
1 0.5717919183162904 0.9434977787212737 0.07769266046291676 0.061743083446228295
1 0.2104327332462678 0.9029158808235517 0.09728603060296193 0.18123006784239593
1 0.39890022786958435 0.9643060029406761 0.16097604135632881 0.04272748982323478
1 0.2571129882086665 0.9803514840574834 0.13205052067816447 0.024066021030899165
0 0.042069837675056454 0.14659503900958057 0.03157963978475229 0.042180855947465276
0 0.027016380064842617 0.27738801560383225 0.03030823821317572 0.04834896879233552
0 0.40220250889134024 0.043140331864348395 0.029871590570540674 0.038973968792335535
0 0.24620722001621065 0.05679779737732358 0.03001713978475227 0.04209896879233553
0 0.1052593897802431 0.9820445381050694 0.026382717535011268 0.0309976944820761