1 0.8489493553212892 0.8566884543049541 0.1047060405319101 0.19669952564056317
1 0.8317101868050389 0.45281859160850707 0.10728721247102024 0.22177230024766903
1 0.8880676857792746 0.07115779259918315 0.10426037155854928 0.1423155851983663
1 0.9559727687830805 0.06773954011798378 0.08069553756616088 0.13547908023596755
1 0.9138687707974278 0.45212292473544957 0.11041221247102051 0.22191784946188076
1 0.971861707033813 0.4425980674156859 0.05627658593237399 0.2127226319268694
1 0.9068043928130877 0.24033140012834373 0.10527904349765968 0.21076202564056318
1 0.9778583335352782 0.8434884793263446 0.04428333292944373 0.19575345574818703
1 0.9294499388193863 0.8537218120390024 0.10445137254713259 0.19044952564056317
1 0.9645187685359347 0.23812889123700356 0.07096246292813077 0.21755568114108118
1 0.8067540187830804 0.07145104508038251 0.1010080375661608 0.14290209016076502
1 0.841118314789379 0.6645009543049542 0.10078254448624273 0.21523120181924557
1 0.8192407258168932 0.2428442781262717 0.10527904349765968 0.21076202564056318
1 0.9275823968046014 0.6542119636105791 0.11034854547482595 0.22035534946188076
1 0.9715035627750316 0.6584413912370035 0.056992874449936795 0.21940927956950454
0 0.875993380492979 0.5791242264308606 0.031533842889637495 0.04669521753501123