1 0.9754585141520489 0.4750719758768742 0.049082971695902346 0.11231946846486132
1 0.9944293325406601 0.7606457999650685 0.011141334918679746 0.10846711664125
1 0.6110934217308338 0.5298212125778468 0.24531511284152785 0.14001197663298637
1 0.9862888710096531 0.6639344541253811 0.027422257980693844 0.10566942496187508
1 0.19880128200691052 0.951359212196597 0.24269795269729175 0.09466310904180589
1 0.8796219501318406 0.7790892882815618 0.24075609973631878 0.13852221181534752
1 0.9813097770698267 0.5734003731033325 0.03738044586034661 0.10897626291777787
1 0.9993902426848962 0.8527423809871172 0.001219514630207641 0.11141027868534721
1 0.17056391318145897 0.7792666598598957 0.2468412452503473 0.13848584422416685
1 0.18461018901701462 0.8789939029260416 0.24371624525034732 0.13841310904180587
1 0.8500117577868755 0.5852308387184021 0.25469011284152787 0.14023018218006963
1 0.6380410474901395 0.7136688825057286 0.24371624525034735 0.13841310904180587
1 0.8694722322356603 0.682487045215416 0.2483673776591669 0.13695971181534752
1 0.3602017625365282 0.4637468433711455 0.25156511284152794 0.1401574469977085
1 0.6211607123840283 0.6265143746219439 0.25312761284152785 0.14019381458888916
1 0.38820339522968805 0.6592950795034371 0.25312761284152796 0.14019381458888916
1 0.8355115402719449 0.4995842794478465 0.25625261284152784 0.14026654977125014
1 0.601007947282049 0.4323468005337495 0.2420810100679862 0.1352517414506252
1 0.8891804211136982 0.921876200325659 0.22163915777260348 0.05694490349472261
1 0.8827115623562329 0.8758733693036103 0.23457687528753404 0.13695971181534716
1 0.6497253895301048 0.8126694269586453 0.2484037452503472 0.13852221181534752
1 0.6636989301832994 0.9092716700247913 0.24996624525034736 0.13855857940652783
1 0.37110485457649356 0.5627655716196525 0.2421173776591667 0.1368142414506252
1 0.9658010121100176 0.3823214314239576 0.06839797577996479 0.10955814437666671
1 0.6741649579187161 0.9559284644777077 0.24040810087368064 0.06337674145062522
1 0.4004507817225701 0.7489024401607636 0.25628898043270854 0.1418290497712503
1 0.15422843873267417 0.6819377181805206 0.24691398043270843 0.14161084422416687
1 0.42896090748187576 0.932713742497465 0.24800370174736114 0.12133471181534752
1 0.4331223838305217 0.9771722573151038 0.23030574905006945 0.031908535903541944
1 0.4152237561713548 0.8462677494313191 0.2562889804327085 0.14182904977125038
1 0.148285603626563 0.5945286371584722 0.2626117156150696 0.14509952013597244
1 0.8308766320275698 0.4012013308346173 0.2483673776591669 0.13695971181534747
0 0.7668167448690977 0.5371401372553813 0.04309668977951393 0.04004442496187508
1 0.13901774676895876 0.4985985413187846 0.2577423776591668 0.1371779173624308
0 0.783188586909063 0.6360315789347564 0.04302395459715278 0.03691942496187508
0 0.47003331705743107 0.5815681633752774 0.04153418977951393 0.04000805737069442
0 0.5479037439191672 0.5688122838162496 0.04316942496187508 0.04316942496187508
0 0.33186508909326456 0.7911457979682983 0.03989895459715278 0.03684668977951393
0 0.5355290708571532 0.4737361731589232 0.04302395459715278 0.03691942496187508
0 0.0687442272016672 0.6362453181042709 0.03833645459715282 0.036810322188333446
0 0.794654723401945 0.725657123387673 0.04931032218833344 0.0386273953265972
0 0.3451119311332299 0.8901099748300343 0.03982621941479163 0.03372168977951375
0 0.5425096887326741 0.6729003717721523 0.04614895459715278 0.03699216014423605
0 0.9986076862641322 0.686317947191527 0.00278462747173549 0.04731141109416672
0 0.9882491282763024 0.4247810351474298 0.023501743447395286 0.02888871941479181
0 0.9913757613022571 0.5997446675562491 0.01724847739548565 0.04291485182361114
0 0.7631449245806253 0.4465515048465619 0.06820579255305574 0.04531380642076392
0 0.13172353799083417 0.9912224524129514 0.04872844072944447 0.01362739532659738
0 0.09827199230364654 0.8301946866453818 0.050872822188333354 0.03866376291777769