0 0.03230196694310955 0.5992220720262674 0.030323997492717535 0.02343085594746519
0 0.027657582540800314 0.6816218142243512 0.016216033386094852 0.021131371551297563
0 0.2338333747023838 0.6144808225920941 0.03193196159934022 0.025075243102595124
0 0.2924953208623178 0.6137538042747286 0.025409176959604096 0.015372694482076099
0 0.4109822110706148 0.7867232355278215 0.030233069279472204 0.02030585594746519
0 0.4597105307457984 0.9555241451841884 0.03197742570596276 0.026637743102595125
0 0.4737549957103509 0.7928227493226314 0.03496603338609479 0.022114017412854636
0 0.5896802094212622 0.6357361883776406 0.030323997492717504 0.02343085594746519
0 0.6366916017411303 0.6379670737237481 0.03032399749271768 0.02343085594746519
0 0.836569581287159 0.6501827114447046 0.039744461599340045 0.025484678878243728
0 0.8977344018202725 0.6548016123946443 0.03666492570596276 0.026883404567984215
0 0.8782211868557199 0.8177896132991556 0.028852425705962758 0.026473968792335257
0 0.8078154101335426 0.8989411160126888 0.03032399749271768 0.023430855947465544
1 0.5604617223533859 0.6803017379026708 0.20920516693047428 0.11237160447712728
1 0.551220766164322 0.7660721415661439 0.20920516693047428 0.11237160447712728
1 0.321338352532553 0.9596461584131717 0.20100021034569907 0.04485655585660808
1 0.3738924218785322 0.506988147897722 0.20920516693047428 0.11237160447712728
1 0.7502947636570395 0.7775474728646654 0.20925063103709682 0.11393410447712729
1 0.17088709382357142 0.5755278652197194 0.21242109514371962 0.1156603787873868
1 0.7402498254146643 0.8625775701057034 0.20920516693047428 0.1123716044771271
1 0.35667749280735694 0.6682908180695385 0.20920516693047428 0.1123716044771271
1 0.3481950545649818 0.7532390281554467 0.2123301669304743 0.1125353787873868
1 0.16316317352788484 0.6596538817280628 0.21242109514371962 0.11566037878738662
1 0.1771394423325033 0.4946087358665058 0.21545516693047428 0.1126991530976463
1 0.5713788388090065 0.5983556970840679 0.21076766693047427 0.11245349163225704
1 0.3325653575471179 0.9152410611721334 0.2045176669304743 0.11212594301173802
1 0.5427383279219468 0.8510203516520521 0.212375631037097 0.11409787878738661
1 0.33966715221598387 0.8366247382413551 0.2092506310370969 0.1139341044771272
1 0.03361572901730346 0.8057177334916567 0.02276756175762478 0.08543953301668665
1 0.36540998363615695 0.5919363579836302 0.210813131037097 0.11401599163225704
1 0.5323524088799015 0.9243316988930902 0.21223923871722902 0.10941037878738662
1 0.7690016480593488 0.6944107462704137 0.2123301669304743 0.11253537878738662
1 0.14670911091233024 0.7395427775896198 0.20764266693047428 0.11228971732199752
1 0.7295456576262602 0.9249514173467415 0.21160274122451134 0.08753537878738663
1 0.13661870856333233 0.8230103748306579 0.20612563103709697 0.11377033016686759
1 0.12866746773453236 0.8993238913390013 0.20764266693047423 0.11228971732199752
1 0.04212559633085386 0.5603676119403591 0.05406302586424746 0.08863977611928178
1 0.03763798779279208 0.7288276848711377 0.03544941818411551 0.0923446302577247
1 0.777484086301724 0.6094625361845054 0.2123301669304743 0.11253537878738662
1 0.5816738296378064 0.5219193498430299 0.215500631037097 0.11426165309764613
1 0.04458535510634249 0.48355945047496984 0.06343802586424746 0.08913109905006031
1 0.12463083709314682 0.9488292463819554 0.19497753087881237 0.05234150723608906
1 0.03913464014178998 0.6458104669833131 0.0432619181841155 0.09275406603337366
1 0.9391380224990351 0.5419021426977977 0.1217239550019297 0.10391729534115868
1 0.9294609772033485 0.7101132321369196 0.1410780455933029 0.10440861827193722
1 0.9270933208955714 0.7893879743350034 0.14581335820885713 0.10440861827193722
1 0.9166448408540706 0.8744590151536062 0.15911423871722902 0.10662621551297491
1 0.9344266161912579 0.6212997156285762 0.13114676761748428 0.10416295680654794
1 0.9136167807457983 0.9317359266189957 0.152835494985435 0.05169305404758617
1 0.7861938450772127 0.5323268260985972 0.21398359514371973 0.11574226594251655