1 0.21875 0.2703125 0.071875 0.1703125
1 0.1484375 0.2625 0.07421875 0.16640625
1 0.22265625 0.096875 0.07265625 0.17578125
1 0.13984375 0.5921875 0.071875 0.17109375
1 0.0875 0.08359375 0.07421875 0.16640625
1 0.1453125 0.42578125 0.0734375 0.175
1 0.0765625 0.58828125 0.07421875 0.1734375
1 0.0203125 0.58203125 0.040625 0.171875
1 0.08046875 0.421875 0.075 0.175
1 0.21328125 0.596875 0.07421875 0.17109375
1 0.015625 0.9234375 0.03125 0.15234375
1 0.084375 0.25859375 0.07265625 0.1671875
1 0.13515625 0.7671875 0.075 0.175
1 0.0171875 0.7578125 0.034375 0.171875
1 0.025 0.08203125 0.05 0.1640625
1 0.13125 0.9234375 0.075 0.15234375
1 0.0234375 0.24609375 0.046875 0.1640625
1 0.0703125 0.76328125 0.07421875 0.1765625
1 0.21640625 0.43203125 0.071875 0.171875
1 0.021875 0.41015625 0.04375 0.171875
1 0.20625 0.92734375 0.075 0.1453125
1 0.1515625 0.0921875 0.0734375 0.17109375
1 0.065625 0.92578125 0.075 0.1484375
1 0.21015625 0.77109375 0.0765625 0.17578125
1 0.278125 0.9296875 0.075 0.140625
1 0.2875 0.609375 0.0734375 0.17265625
1 0.2921875 0.2734375 0.0734375 0.171875
1 0.27890625 0.77890625 0.0734375 0.171875
1 0.28828125 0.43828125 0.07265625 0.1703125
1 0.29296875 0.10390625 0.06953125 0.16796875
0 0.25546875 0.71015625 0.02265625 0.0390625