1 0.27421875 0.30570480783211573 0.3578125 0.2177047421285157
1 0.58984375 0.2615342910633828 0.3515625 0.2190125741437381
1 0.25078125 0.16881230288919985 0.3546875 0.21913990813612688
1 0.5671875 0.12311111961856411 0.35 0.21426140714754366
1 0.03125 0.11377333992388783 0.0625 0.07442167984777566
1 0.0453125 0.2049713428896373 0.090625 0.17869268577927466
1 0.825 0.10470992399063869 0.215625 0.15097354547482605
1 0.0578125 0.3406369288591925 0.115625 0.16877385771838496
1 0.8515625 0.22532351292594335 0.215625 0.18222354547482605
1 0.55859375 0.05947970113949495 0.3359375 0.08712590418179415
1 0.87578125 0.3505291013669564 0.215625 0.18222354547482605
1 0.615625 0.3977410465005903 0.3546875 0.21445240813612684
1 0.23046875 0.07892213193867274 0.3390625 0.12787823817418292
1 0.296875 0.4410029792769343 0.3484375 0.20951024015134928
1 0.0703125 0.47005251482874766 0.140625 0.16823002965749528