1 0.95625 0.015625 0.0875 0.03125
1 0.48828125 0.34453125 0.11796875 0.0796875
1 0.86015625 0.521875 0.125 0.08046875
1 0.9578125 0.13671875 0.084375 0.078125
1 0.2375 0.565625 0.128125 0.08203125
1 0.86171875 0.4421875 0.125 0.08203125
1 0.85859375 0.36328125 0.12421875 0.08125
1 0.37109375 0.4234375 0.1234375 0.0796875
1 0.853125 0.13984375 0.121875 0.07890625
1 0.4859375 0.425 0.121875 0.0796875
1 0.4875 0.1953125 0.11953125 0.07734375
1 0.48671875 0.5046875 0.13046875 0.07890625
1 0.85 0.015625 0.11875 0.03125
1 0.85234375 0.21640625 0.1203125 0.07734375
1 0.1265625 0.25234375 0.12265625 0.078125
1 0.85546875 0.29375 0.1234375 0.078125
1 0.9609375 0.3703125 0.07734375 0.078125
1 0.9578125 0.06640625 0.084375 0.078125
1 0.12265625 0.4109375 0.125 0.07890625
1 0.36484375 0.34140625 0.12734375 0.08125
1 0.2390625 0.4171875 0.125 0.084375
1 0.0296875 0.4046875 0.059375 0.07421875
1 0.49296875 0.125 0.12578125 0.0765625
1 0.9578125 0.215625 0.084375 0.0765625
1 0.371875 0.00625 0.1125 0.01171875
1 0.3609375 0.57265625 0.13046875 0.084375
1 0.6109375 0.1265625 0.13125 0.07578125
1 0.240625 0.33828125 0.11953125 0.08125
1 0.0328125 0.17578125 0.065625 0.078125
1 0.8578125 0.59375 0.1296875 0.0796875
1 0.85234375 0.07109375 0.11875 0.078125
1 0.37265625 0.19609375 0.125 0.07890625
1 0.6125 0.43125 0.13046875 0.0765625
1 0.12578125 0.33125 0.12578125 0.078125
1 0.028125 0.4765625 0.05625 0.078125
1 0.49140625 0.27265625 0.1203125 0.078125
1 0.2375 0.48984375 0.128125 0.08203125
1 0.12734375 0.1828125 0.1234375 0.07421875
1 0.73828125 0.28828125 0.12421875 0.0796875
1 0.11171875 0.56328125 0.12890625 0.08125
1 0.125 0.03515625 0.125 0.0703125
1 0.609375 0.20390625 0.13125 0.075
1 0.49296875 0.04765625 0.125 0.0765625
1 0.7390625 0.58828125 0.11640625 0.0828125
1 0.7375 0.1328125 0.11875 0.0765625
1 0.73828125 0.06640625 0.11953125 0.07734375
1 0.48671875 0.578125 0.13125 0.08125
1 0.0359375 0.1 0.071875 0.07421875
1 0.12890625 0.1078125 0.12265625 0.075
1 0.7390625 0.43828125 0.12265625 0.08046875
1 0.3625 0.5 0.12578125 0.08203125
1 0.37265625 0.265625 0.12734375 0.0796875
1 0.2421875 0.2609375 0.121875 0.08125
1 0.0296875 0.25 0.059375 0.078125
1 0.9609375 0.29609375 0.078125 0.0796875
1 0.7375 0.359375 0.12890625 0.08125
1 0.4890625 0.00625 0.128125 0.01171875
1 0.7328125 0.0140625 0.121875 0.02734375
1 0.96171875 0.59453125 0.0765625 0.078125
1 0.24765625 0.1125 0.12265625 0.07734375
1 0.7375 0.2109375 0.12265625 0.07890625
1 0.61875 0.50625 0.1328125 0.08125
1 0.96171875 0.52421875 0.07578125 0.07890625
1 0.253125 0.00390625 0.1125 0.0078125
1 0.6140625 0.35546875 0.125 0.0796875
1 0.24375 0.0375 0.125 0.07421875
1 0.2484375 0.18828125 0.121875 0.0765625
1 0.3734375 0.04296875 0.11796875 0.078125
1 0.6140625 0.009375 0.128125 0.01875
1 0.37109375 0.11875 0.1234375 0.078125
1 0.1203125 0.4828125 0.1265625 0.08203125
1 0.73671875 0.5171875 0.125 0.08359375
1 0.6203125 0.05859375 0.1296875 0.07421875
1 0.62109375 0.5828125 0.134375 0.0828125
1 0.6171875 0.2828125 0.128125 0.07734375
1 0.034375 0.0328125 0.06875 0.065625
1 0.028125 0.55625 0.05625 0.08203125
1 0.9625 0.44453125 0.07421875 0.0796875
1 0.028125 0.3265625 0.05625 0.07421875