1 0.9546875 0.17265625 0.08984375 0.2171875
1 0.93828125 0.8328125 0.09296875 0.22421875
1 0.85234375 0.82890625 0.09609375 0.22421875
1 0.75234375 0.825 0.0921875 0.225
1 0.9484375 0.390625 0.09296875 0.2203125
1 0.596875 0.37421875 0.09453125 0.22421875
1 0.9421875 0.60859375 0.09453125 0.2234375
1 0.84375 0.96875 0.09375 0.0625
1 0.603125 0.140625 0.09609375 0.215625
1 0.74375 0.96875 0.09375 0.0625
1 0.6609375 0.96484375 0.090625 0.0703125
1 0.996875 0.6109375 0.00625 0.22265625
1 0.9953125 0.8359375 0.009375 0.2265625
1 0.8578125 0.6046875 0.09375 0.225
1 0.93125 0.9703125 0.09375 0.05859375
1 0.86484375 0.3859375 0.0890625 0.21875
1 0.4953125 0.3703125 0.0953125 0.22578125
1 0.68203125 0.378125 0.09453125 0.221875
1 0.58984375 0.596875 0.0953125 0.22265625
1 0.68828125 0.15703125 0.0921875 0.21796875
1 0.6671875 0.81953125 0.0921875 0.225
1 0.58203125 0.81484375 0.09765625 0.22578125
1 0.48671875 0.59375 0.09140625 0.221875
1 0.50390625 0.1375 0.090625 0.21484375
1 0.575 0.9625 0.09375 0.07421875
1 0.95625 0.0296875 0.0875 0.05859375
1 0.9921875 0.97265625 0.015625 0.0546875
1 0.75859375 0.6015625 0.09375 0.22421875
1 0.7734375 0.1609375 0.0953125 0.21796875
1 0.48203125 0.81328125 0.09296875 0.22890625
1 0.4734375 0.9609375 0.096875 0.078125
1 0.76484375 0.38203125 0.0953125 0.22109375
1 0.6734375 0.596875 0.0953125 0.22265625
1 0.87109375 0.16640625 0.09140625 0.21875
1 0.7859375 0.02421875 0.09453125 0.04765625
1 0.87421875 0.02578125 0.0921875 0.0515625
1 0.690625 0.021875 0.09453125 0.04296875
1 0.51328125 0.01875 0.09140625 0.0375
1 0.6046875 0.02109375 0.09453125 0.0421875
0 0.5296875 0.50703125 0.02890625 0.034375
0 0.5421875 0.22109375 0.02578125 0.0375
0 0.7015625 0.66875 0.028125 0.04140625
0 0.51796875 0.88671875 0.02578125 0.04296875
0 0.61640625 0.4453125 0.03046875 0.04140625
0 0.671875 0.11953125 0.05078125 0.03203125