1 0.6006521758764141 0.7757547873419635 0.14708336424263582 0.23211484496658025
1 0.8496055418483305 0.8237211343404338 0.14708336424263574 0.23211484496658025
1 0.9352579098039813 0.18199155601294498 0.12304566351699649 0.21451824188232518
1 0.9720758635248457 0.20086824107813683 0.04810022721932725 0.21477161201270886
1 0.5784771086307042 0.5387866213514949 0.1519345553496283 0.23688416558343128
1 0.520947317709046 0.7552843745979059 0.14379467313564334 0.22737279788867948
1 0.9058357275978455 0.622080767863498 0.14546630054030488 0.23052507142762976
1 0.9415450822218343 0.4044023441623919 0.09573911905195942 0.23746481818121906
1 0.6332539217848808 0.3340485284135096 0.1488095553496283 0.23682961850553053
1 0.8275296783234849 0.6062705815804902 0.14546630054030488 0.23052507142762996
1 0.6425792371316742 0.938985444403978 0.12687501324684386 0.10059210957707662
1 0.65537442532826 0.572579194403978 0.1407242368379741 0.2288807508107789
1 0.89066462850097 0.3857711209477531 0.14741074645662094 0.24148984496658024
1 0.7712722107228044 0.808692198057426 0.14870042794496657 0.23370461850553062
1 0.7414929746026205 0.5882530129922341 0.14212304573098145 0.2242205243497292
1 0.4752652515596445 0.9231673498411395 0.12662204210278444 0.13806483603812653
1 0.686661597746113 0.7945536059302195 0.14557542794496675 0.23365007142762995
1 0.6902653575343958 0.1323945251670987 0.14870042794496677 0.23370461850553056
1 0.5472717817663474 0.31446845982525345 0.14390380054030488 0.23049779788867966
1 0.557078246750321 0.9279854890462467 0.12462303248413757 0.12553756249917605
1 0.6034474038135316 0.11679332630054154 0.14886411905195923 0.23358665260108308
1 0.7716691249575909 0.14893141437220586 0.14223217313564335 0.22734552434972924
1 0.8028892545548694 0.9541450198920931 0.12249504809323426 0.06460006249917641
1 0.4906050863981856 0.5286088263021892 0.14552086424263583 0.23208757142762995
1 0.7281620730665237 0.9476416497617093 0.12616568511654264 0.08027960957707699
1 0.4341566458393472 0.7364991927791249 0.14552086424263583 0.23208757142762995
1 0.39049094747596047 0.913716257713933 0.12269843393541642 0.15985801542127548
1 0.8560887649761245 0.16853875649941236 0.14697423683797411 0.22898984496658023
1 0.714657689208076 0.3505854176186167 0.14406749164729754 0.23518529788867965
1 0.8006398292266095 0.3701654862068729 0.1488095553496283 0.23682961850553053
0 0.7887721908525386 0.955952981742646 0.05034722958158007 0.055532979707460586
0 0.6233852930294568 0.9073087504103323 0.037465283665263985 0.04437729139585791