1 0.0078125 0.7578125 0.015625 0.1796875
1 0.053125 0.76171875 0.0765625 0.18203125
1 0.125 0.5875 0.078125 0.17734375
1 0.2 0.5890625 0.07421875 0.18046875
1 0.1203125 0.76328125 0.078125 0.18359375
1 0.1953125 0.76484375 0.07578125 0.18125
1 0.190625 0.9296875 0.075 0.140625
1 0.0140625 0.0625 0.028125 0.125
1 0.11640625 0.93046875 0.075 0.1390625
1 0.0125 0.21484375 0.025 0.1796875
1 0.0484375 0.92734375 0.078125 0.1453125
1 0.0046875 0.92734375 0.009375 0.1453125
1 0.0640625 0.06640625 0.078125 0.1328125
1 0.13125 0.0703125 0.075 0.140625
1 0.06328125 0.2203125 0.07734375 0.18046875
1 0.20625 0.0703125 0.075 0.140625
1 0.2046875 0.40625 0.07734375 0.18515625
1 0.13125 0.2234375 0.07734375 0.1765625
1 0.2078125 0.22265625 0.07734375 0.17734375
1 0.06171875 0.4015625 0.07734375 0.18359375
1 0.2671875 0.58984375 0.07421875 0.18046875
1 0.12890625 0.4046875 0.0765625 0.18515625
1 0.27421875 0.409375 0.07578125 0.18046875
1 0.0109375 0.3984375 0.021875 0.1796875
1 0.053125 0.57734375 0.07734375 0.18125
1 0.26953125 0.7671875 0.0734375 0.1796875
1 0.009375 0.57421875 0.01875 0.1875
1 0.265625 0.9296875 0.075 0.140625
1 0.27734375 0.2265625 0.0734375 0.178125
1 0.278125 0.06640625 0.075 0.1328125
0 0.153125 0.64375 0.03203125 0.034375
0 0.225 0.2375 0.02890625 0.04375