1 0.9718320098607531 0.5048030443746997 0.05122719847574828 0.21297484387822047
1 0.8528638412428424 0.5471417360854736 0.13565674063022612 0.22578786167271758
1 0.935045082167656 0.5180179687852678 0.1247101502711466 0.22377969269935677
1 0.7049712419067723 0.5937832672258434 0.1325135599120669 0.22253552768032883
1 0.7841068344071512 0.031386673879095564 0.1255363311856975 0.06277334775819113
1 0.6212365913410383 0.6214082015222434 0.1356476502711466 0.2242253616727176
1 0.5965128055312723 0.8434569564651593 0.12931583703942984 0.20990819368794006
1 0.619907979020957 0.05823035817549551 0.132059041958086 0.11646071635099102
1 0.3751767411212054 0.09166425863151226 0.1260726623713949 0.18332851726302452
1 0.7777411213952675 0.5712915019028042 0.1372101502711466 0.22428902866891215
1 0.8869853529503076 0.3208047291653912 0.14036242134838517 0.2291038626613009
1 0.6483132175098838 0.397701446085036 0.13564765027114642 0.22422536167271767
1 0.722645596998379 0.37514601376580237 0.14035333098930564 0.2275413626613009
1 0.45259321399384234 0.08347970897379826 0.1291885720123153 0.16695941794759653
1 0.696565927791293 0.04020059977253852 0.1256181444174139 0.08040119954507705
1 0.8336224409716959 0.766623906541709 0.1340669695529872 0.22103669467652337
1 0.5406178504162246 0.6504683018262545 0.13569310206654456 0.2320378616727176
1 0.7946478620254936 0.35034233194086034 0.13878174063022614 0.2259151956651065
1 0.962810492103164 0.7129338793556717 0.06687037919390768 0.2167365138401644
1 0.9441029613615637 0.30363713380429597 0.1090487888348278 0.21689302273741298
1 0.48391891940347775 0.46141773068544706 0.13246810811666876 0.21472302768032883
1 0.7522451759445813 0.7918095903438174 0.13565674063022612 0.22578786167271758
1 0.5417466175846386 0.06604019958225811 0.12900676483072288 0.13208039916451622
1 0.8427960331774873 0.013579749962818952 0.10503293364502539 0.027159499925637903
1 0.9448457664018566 0.8472279663138099 0.09087953005422947 0.04744268577927464
1 0.8619196369133615 0.8701335671121126 0.08776362041330898 0.04887785178688588
1 0.9157900463578901 0.7398438892415033 0.1340669695529872 0.2210366946765232
1 0.5653052747896721 0.4346695468833387 0.1372010599120669 0.22272652866891213
1 0.7828633959885478 0.8991300004199296 0.08616475897699054 0.042564184790691684
1 0.751225635833207 0.1615318413324005 0.13564765027114642 0.22422536167271767
1 0.8928727803488169 0.11436372817680807 0.11058401775758923 0.2122691897336074
1 0.8302727863989411 0.1340979080245837 0.1356476502711466 0.22422536167271762
1 0.6779037060970065 0.8159275226630509 0.13564765027114642 0.2242253616727176
1 0.5915870154198981 0.21333837494422844 0.1372101502711466 0.22428902866891204
1 0.5078660003927835 0.2386195592406284 0.1387726502711466 0.22435269566510643
1 0.431171690186129 0.2643954920541536 0.13722833098930565 0.22741402866891205
1 0.6683313226014904 0.17896869213070327 0.13879083098930564 0.22747769566510642
1 0.6326406821910971 0.9435232820545911 0.09087953005422929 0.04744268577927464
1 0.7061963568591322 0.9202184332334546 0.08305793969514959 0.04556185079830257
0 0.5161057472695255 0.1648637242596564 0.04403180113146821 0.050220175893442943
0 0.6692695703619952 0.6889657746402172 0.03462043969514959 0.043588173916276673
0 0.510949572896078 0.3798666417501424 0.031495439695149764 0.04346083992388783
0 0.7488359131569619 0.30378300832859495 0.036219301131468026 0.04990184091247105
0 0.7366741972182119 0.917414426807664 0.02977840359079629 0.01683467292769336
0 0.43940234670379147 0.1922021570731816 0.05501475292686635 0.05847834486680368
0 0.9471819886853184 0.44566546631380993 0.04249657220870695 0.05484400889724857
0 0.9224627480550923 0.6669329712567258 0.04717498184962743 0.0534725098858317
0 0.6037239219375605 0.14098587247277047 0.04250566256778665 0.05640650889724856