1 0.0140625 0.078125 0.028125 0.15625
1 0.2015625 0.79140625 0.07734375 0.18359375
1 0.203125 0.615625 0.078125 0.18046875
1 0.12578125 0.78984375 0.078125 0.18203125
1 0.209375 0.08203125 0.075 0.1640625
1 0.128125 0.6140625 0.0765625 0.18046875
1 0.134375 0.0796875 0.075 0.159375
1 0.065625 0.0796875 0.075 0.159375
1 0.04921875 0.94375 0.0765625 0.1125
1 0.13359375 0.25 0.07578125 0.18359375
1 0.0625 0.43203125 0.07734375 0.1828125
1 0.2078125 0.25390625 0.0765625 0.1796875
1 0.1265625 0.94375 0.07890625 0.1125
1 0.009375 0.94140625 0.01875 0.1171875
1 0.06484375 0.2484375 0.078125 0.178125
1 0.13046875 0.434375 0.078125 0.17890625
1 0.2015625 0.94453125 0.07421875 0.11015625
1 0.0125 0.2421875 0.025 0.1796875
1 0.20703125 0.434375 0.075 0.1796875
1 0.009375 0.7875 0.01875 0.18359375
1 0.06015625 0.61328125 0.07734375 0.1796875
1 0.0125 0.42578125 0.025 0.1796875
1 0.27578125 0.43671875 0.07421875 0.1796875
1 0.278125 0.61640625 0.07578125 0.18359375
1 0.05234375 0.79296875 0.07734375 0.1828125
1 0.0109375 0.603125 0.021875 0.17578125
1 0.27890625 0.25390625 0.0734375 0.18203125
1 0.275 0.79296875 0.0734375 0.1796875
1 0.2734375 0.9453125 0.07421875 0.109375
1 0.278125 0.084375 0.075 0.16796875