1 0.20755886895938067 0.9736600161300505 0.2048783975406719 0.0423459735308672
1 0.7595031640407246 0.8823455798216827 0.21161018657189173 0.12544957195929102
1 0.9040263654433393 0.6084992032714969 0.1850385962128122 0.12264990363849115
1 0.16802925722847456 0.7872709059148028 0.19908291549465287 0.1201798751024441
1 0.7210002420049682 0.6537325823028821 0.20535109621281222 0.1235959735308672
1 0.7346082240509874 0.7312026108389296 0.20849427693097144 0.12686652274507892
1 0.3463406095896068 0.746943350704735 0.1912704154946529 0.1198160020669146
1 0.07842133568369751 0.8851690585198366 0.05051815046753823 0.09139128742738763
1 0.1816417844540335 0.8639596844508499 0.20222609621281212 0.12345042431665547
1 0.05852699220135993 0.8142401284122128 0.036410198672140126 0.08292381596343468
1 0.5500241457921561 0.7757275144774207 0.20693177693097126 0.12679374813797323
1 0.5340542330279778 0.7014916478520321 0.2084760962128122 0.12374152274507892
1 0.5702679472182118 0.9208388072814916 0.19904655405833438 0.1139298751024441
1 0.9105985523098186 0.6870779675395206 0.17098518657189174 0.12355743217453856
1 0.39203386290925646 0.9478851124915593 0.19570338544042354 0.07628432588823202
1 0.08735090808879624 0.9612949108772014 0.036337475799503194 0.07042381596343503
1 0.3630917723537851 0.8211428300265705 0.19441359621281204 0.12308655128112633
1 0.9214446278381752 0.8365321579862265 0.14754768657189174 0.12246581306795071
1 0.565957697120016 0.856213381102809 0.20379768657189173 0.1250856989237615
1 0.19683499239775165 0.9374506883797913 0.208430644417414 0.11592902274507892
1 0.762287796456086 0.806455167911024 0.21161018657189173 0.12544957195929066
1 0.3829497543998042 0.8983217601341945 0.19753859621281206 0.12323210049533806
1 0.9132599439967579 0.7666199183253088 0.16473518657189173 0.1232663337461151
0 0.10876282065658287 0.9056249536812724 0.03927157825883119 0.037756865177646405
0 0.8685150705583868 0.8054127446278259 0.039280668617910665 0.039319365177646406
0 0.8327235371845081 0.6477479478948134 0.03772725897699018 0.04080909057054072
0 0.09822984163562586 0.8366031259310134 0.031404536104353495 0.028017992142117264