0 0.6059780754914103 0.6314144521146157 0.02869774431795715 0.0333034237011061
0 0.8086376509795252 0.788765481742646 0.03343979139585791 0.03651024431795698
0 0.45612372037526505 0.26773555600964966 0.02710797077900686 0.03171365016215581
0 0.4763579484578725 0.007654992696399343 0.022284103084255057 0.015309985392798686
0 0.7387435312528834 0.4080706351512126 0.0287795649348082 0.03799092370110611
0 0.5329672694850559 0.6529951716758065 0.03193183847375849 0.039607970779006865
0 0.49344030844198644 0.05386792492221739 0.027080697240056396 0.030151150162155776
0 0.8568970620954344 0.17170466680783786 0.025545470779006863 0.031686376623205434
0 0.6913934241114384 0.6150842942418222 0.028725017856907443 0.034865923701106104
0 0.969440152194046 0.3462489249255127 0.022665932629559647 0.045694329545304765
1 0.6364675596598024 0.09888791883313744 0.1301898806803951 0.19777583766627488
1 0.7592078100668396 0.2647882394532838 0.12879102191409722 0.2193693831160272
1 0.6768492775994355 0.2849701002481766 0.12876374837514692 0.2178068831160272
1 0.9128782808458462 0.23086543263615042 0.1239671542193456 0.21147506249917622
1 0.8788776075517774 0.4337410166456821 0.12563874837514674 0.21775233603812652
1 0.36736873214309257 0.027952081577194938 0.09308752678536117 0.05317163879807006
1 0.8415663425342436 0.2446063786583909 0.12881829545304768 0.22093188311602718
1 0.4789726594976466 0.12206850000329528 0.12881829545304768 0.22093188311602718
1 0.9407872723244296 0.4217262118571436 0.10686147483619664 0.2158625535707225
1 0.9584718299556372 0.6166705190813141 0.06456488068039512 0.20887616801906325
1 0.5627982345787246 0.10889702861373285 0.12881829545304768 0.2177940572274657
1 0.535623854302071 0.013714077923746964 0.0975022913958579 0.02742815584749393
1 0.7965054383148981 0.45470412744057487 0.12876374837514692 0.21780688311602728
1 0.8032420024356319 0.07633503449929425 0.12789099512873606 0.1526700689985885
1 0.6023305186709816 0.30345309334831777 0.12709215421934558 0.2115296095770769
1 0.9748938965152985 0.7944545998444348 0.025284192368792445 0.19569432954530477
1 0.45196192045469524 0.018343076705930973 0.09607615909060954 0.036686153411861946
1 0.918382618105084 0.6314284943245477 0.1239671542193456 0.21147506249917622
1 0.5553296444867035 0.8931565215136507 0.12681941882984216 0.19590460957707698
1 0.8752260965914334 0.06945774310343643 0.1276728068171334 0.13891548620687286
1 0.3958874241081432 0.1391389975676633 0.1272557954530477 0.2209046095770769
1 0.5184503965120031 0.32131847768216093 0.12876374837514692 0.2178068831160272
1 0.7186760876629796 0.08802255682042862 0.13139782467404082 0.17604511364085723
1 0.9371347978952702 0.8099529147792429 0.10025691882984233 0.19544095941492118
1 0.4766372232179341 0.5243304293864443 0.1272557954530477 0.22090460957707697
1 0.6273273754119801 0.8848706887219351 0.12032395697928919 0.18173301542127546
1 0.5975558750049429 0.7112246830398923 0.12879102191409722 0.21936938311602727
1 0.7141332690780188 0.47566723823546775 0.12563874837514694 0.21775233603812652
1 0.5185132573101912 0.7204144967568844 0.1302171542193456 0.21158415665497757
1 0.5509923409126858 0.515222436286303 0.13043534253094827 0.22408415665497755
1 0.43459754789197486 0.3376213620160041 0.1239398806803953 0.20991256249917623
1 0.8399439724071552 0.6507609212720646 0.1286819277582958 0.2131193831160271
1 0.6768030442418221 0.6903161193229 0.12399442775829587 0.21303756249917621
1 0.7119342004930579 0.8701166676186167 0.12339440990138843 0.17866256249917606
1 0.760696803170276 0.6716694849890569 0.12709215421934558 0.2115296095770768
1 0.8750342183499654 0.8329052195677814 0.12032395697928919 0.18173301542127546
1 0.6396145101495649 0.4941502313356089 0.12722852191409723 0.2193421095770768
1 0.7856717094215118 0.8516473112879508 0.11404668344033872 0.18006142126547395
0 0.735692038149447 0.007816859580372145 0.0411159237011061 0.01563371916074429