1 0.5613357219560949 0.9706262945974122 0.24464411465389269 0.049693106699544035
1 0.31904424411864785 0.7029682692950472 0.24290455223856355 0.10588856269890759
1 0.32599136419960734 0.8951921319621381 0.24315021370395282 0.1105760626989074
1 0.3220685040682706 0.9695017886298654 0.2403660504295413 0.05745106269890741
1 0.5631837477366924 0.7970615252625942 0.24759205223856356 0.10594310669954403
1 0.7989585526887895 0.9702064818985047 0.24439845318850323 0.04500560669954403
1 0.5622586555840371 0.7048285719287305 0.24931832654882308 0.1090862880330894
1 0.12101950192056396 0.698236957988546 0.17423643939369335 0.10665108402290802
1 0.32070964269373836 0.794410881962138 0.24602955223856365 0.10592492536599848
1 0.9596820347121378 0.6046343838717786 0.08063593057572441 0.10596019334818116
1 0.5622154692425614 0.8979155005967758 0.2540058265488231 0.10914083203372585
1 0.13206097975801104 0.9685858206556368 0.16552982473980085 0.05970335868872638
1 0.12355028041469496 0.5973648013208187 0.18986143939369335 0.10683289735836254
1 0.9590761861143331 0.5092946118714605 0.08184762777133373 0.11061133068109026
1 0.7990615355030777 0.5097684212285503 0.2557321008590826 0.11228401336727103
1 0.9563406897323776 0.7031355185391878 0.08731862053524467 0.11079314401654479
1 0.7962828527796466 0.7998212565643229 0.24931832654882308 0.10908628803308958
1 0.12576895691808956 0.788861957988546 0.1744821008590826 0.11133858402290801
1 0.13092784769126392 0.887299457988546 0.17423643939369335 0.10665108402290784
1 0.7993027114406454 0.902192278564641 0.24759205223856356 0.10594310669954403
1 0.9590839094292243 0.8078230185391877 0.08183218114155152 0.11079314401654453
1 0.11617047037421521 0.501298323321137 0.18361143939369334 0.10676017202418073
1 0.3207118854576491 0.6005427032940928 0.2367364393936934 0.10737833736472595
1 0.797642877655733 0.602028646562732 0.2557321008590826 0.11228401336727103
1 0.5606784661903437 0.6000956185948669 0.25540455223856356 0.10603401336727121
1 0.7952758734718615 0.7060258032304592 0.250635165083434 0.10441696936663476
1 0.9617452419709412 0.9109480185391877 0.07650951605811755 0.11391814401654443
1 0.3188417689947342 0.5051938406270018 0.23105964947960161 0.11824311203054413
1 0.5604936804601235 0.5070723245942306 0.2557321008590826 0.11228401336727103
0 0.1257047591566532 0.892050592655955 0.16067855042954132 0.05652381468809011
0 0.16344601933341849 0.7321392433163644 0.03921963025772479 0.03324885200509069
0 0.40470618441685235 0.8309563619510023 0.042262743102594945 0.031722714672181594
0 0.4060407123451565 0.9310018152848659 0.050157130257724704 0.033376121339908596
0 0.47586188941437796 0.9208086552753209 0.042672178878243726 0.039535214672181594
0 0.6424109023046768 0.8320990492520945 0.04398901741285464 0.034865896005727134
0 0.8829972014910226 0.6346496952180507 0.05237472749876275 0.04589430267345414
0 0.8835272252354553 0.8386741238860962 0.057887743102595125 0.03190452800763595