1 0.73046875 0.54453125 0.07421875 0.17421875
1 0.859375 0.88671875 0.0734375 0.175
1 0.921875 0.88828125 0.071875 0.171875
1 0.79453125 0.546875 0.0703125 0.17421875
1 0.95 0.0625 0.075 0.125
1 0.72109375 0.71875 0.07109375 0.17421875
1 0.9734375 0.8828125 0.053125 0.171875
1 0.646875 0.8890625 0.06953125 0.18671875
1 0.7921875 0.7171875 0.07109375 0.16953125
1 0.9875 0.209375 0.025 0.16796875
1 0.9796875 0.71875 0.040625 0.171875
1 0.671875 0.19296875 0.07265625 0.171875
1 0.9953125 0.06640625 0.009375 0.1328125
1 0.9421875 0.20859375 0.06953125 0.16875
1 0.88046875 0.1984375 0.06953125 0.1703125
1 0.65234375 0.70703125 0.07109375 0.17578125
1 0.86953125 0.5453125 0.0703125 0.1703125
1 0.6609375 0.53828125 0.0703125 0.171875
1 0.92734375 0.7171875 0.071875 0.16796875
1 0.7296875 0.36796875 0.071875 0.17421875
1 0.9828125 0.55078125 0.034375 0.171875
1 0.86171875 0.71875 0.06953125 0.16796875
1 0.7359375 0.196875 0.0703125 0.1734375
1 0.6640625 0.37109375 0.071875 0.17265625
1 0.93203125 0.55234375 0.071875 0.17578125
1 0.71875 0.88515625 0.07421875 0.17265625
1 0.875 0.37421875 0.07109375 0.1734375
1 0.671875 0.053125 0.075 0.10546875
1 0.79921875 0.37734375 0.07109375 0.16875
1 0.74375 0.0546875 0.06875 0.109375
1 0.94296875 0.3828125 0.071875 0.16953125
1 0.7828125 0.88359375 0.07109375 0.17109375
1 0.80546875 0.20390625 0.06875 0.16953125
1 0.878125 0.0625 0.075 0.125
1 0.8109375 0.05625 0.071875 0.1125
1 0.9859375 0.3828125 0.028125 0.171875
1 0.7140625 0.98515625 0.0875 0.028125
1 0.7828125 0.98515625 0.07421875 0.028125
0 0.834375 0.30859375 0.02265625 0.03515625
0 0.95859375 0.83046875 0.0234375 0.03515625
0 0.6984375 0.0875 0.03125 0.03515625
0 0.8125 0.82578125 0.02421875 0.03359375