1 0.92890625 0.89375 0.0734375 0.1859375
1 0.9265625 0.36171875 0.06953125 0.17421875
1 0.859375 0.3609375 0.071875 0.171875
1 0.9234375 0.5390625 0.07421875 0.1765625
1 0.9796875 0.1875 0.040625 0.171875
1 0.921875 0.0484375 0.075 0.096875
1 0.92890625 0.71875 0.06953125 0.1765625
1 0.853125 0.05078125 0.06875 0.1015625
1 0.98125 0.88671875 0.0375 0.1796875
1 0.92109375 0.18359375 0.075 0.17109375
1 0.9765625 0.3609375 0.046875 0.17578125
1 0.98125 0.7125 0.0375 0.16796875
1 0.975 0.5375 0.05 0.17578125
1 0.77578125 0.36328125 0.07578125 0.17421875
1 0.71875 0.8984375 0.0734375 0.1828125
1 0.9796875 0.05078125 0.040625 0.1015625
1 0.85546875 0.190625 0.071875 0.17109375
1 0.8609375 0.71171875 0.071875 0.18046875
1 0.71796875 0.7171875 0.075 0.17265625
1 0.85859375 0.53984375 0.07109375 0.178125
1 0.778125 0.72109375 0.0734375 0.178125
1 0.78359375 0.5421875 0.07734375 0.175
1 0.7828125 0.19140625 0.07421875 0.175
1 0.709375 0.371875 0.0703125 0.17265625
1 0.7796875 0.0484375 0.071875 0.096875
1 0.71015625 0.1921875 0.07109375 0.1765625
1 0.7171875 0.54375 0.075 0.1765625
1 0.78515625 0.89453125 0.0765625 0.18515625
1 0.7078125 0.0484375 0.071875 0.096875
1 0.859375 0.89375 0.07265625 0.18515625
0 0.73515625 0.12109375 0.03046875 0.034375
0 0.95859375 0.64765625 0.02578125 0.0359375
0 0.74140625 0.471875 0.025 0.03046875
0 0.8796875 0.12421875 0.021875 0.03125