1 0.3818279967338795 0.6791642326616228 0.2788669945971538 0.15631452050323807
1 0.3582624231410608 0.582443000084818 0.278775989335482 0.15475202050323808
1 0.21417557807803173 0.9196825613400781 0.22179794724210716 0.14028772721932725
1 0.1661343782756758 0.7106150961864685 0.21572995776545087 0.14319447241000383
1 0.8678265669098482 0.5123587448121585 0.2643468661803038 0.15313495680090733
1 0.8795638510754216 0.6098885092401287 0.24087229784915679 0.1578770205032381
1 0.40461232032669836 0.7758581833872622 0.27877598933548203 0.15475202050323808
1 0.1874017044993304 0.8080357332097771 0.21756547355046646 0.1479365361123346
1 0.4290424439053996 0.8874231659640671 0.27703147881213824 0.1515724568009073
1 0.890956012871831 0.7031573596029483 0.21808797425633805 0.15102681977759858
1 0.6347485994070677 0.6443353979927178 0.2789579998588255 0.1578770205032381
1 0.6111375231834131 0.5468329154159128 0.27390647881213825 0.15146332939624543
1 0.14348656257536482 0.616264895460829 0.212513952503779 0.14152284500534212
1 0.9982000944983318 0.5913791006172737 0.003599811003336484 0.1120833377489479
1 0.6567061703690505 0.7402208168671918 0.27877598933548187 0.15475202050323808
1 0.23160527275989012 0.9730754014512788 0.21577618942018661 0.05384919709744231
1 0.9884386866481762 0.4958210639567849 0.0231226267036476 0.1094494110699257
1 0.9140588548805011 0.9084450603285879 0.17188229023899773 0.15295141832631992
1 0.6819175439477518 0.851813081295162 0.27868498407381 0.15318952050323809
1 0.9027804496611816 0.8159574599657681 0.19443910067763676 0.1535516190519594
1 0.4505981964656483 0.9537748191446266 0.27466534200867015 0.09245036171074687
1 0.7039206175405706 0.9347569790334258 0.28052049985882554 0.1304860419331483
0 0.1467451543722735 0.9399380084375204 0.07357327886860801 0.08521330290255769