1 0.16484375 0.58359375 0.0890625 0.21953125
1 0.2484375 0.5828125 0.09296875 0.21953125
1 0.165625 0.7859375 0.08828125 0.21875
1 0.246875 0.13828125 0.0890625 0.20859375
1 0.1671875 0.953125 0.090625 0.09375
1 0.07109375 0.14921875 0.08828125 0.2109375
1 0.2515625 0.953125 0.090625 0.09375
1 0.1640625 0.365625 0.0890625 0.2125
1 0.16484375 0.140625 0.0859375 0.20859375
1 0.24921875 0.784375 0.0921875 0.22109375
1 0.0671875 0.95078125 0.090625 0.0984375
1 0.0671875 0.58515625 0.090625 0.21953125
1 0.246875 0.3640625 0.08984375 0.2140625
1 0.06796875 0.8015625 0.08984375 0.21953125
1 0.06875 0.3609375 0.08828125 0.21015625
1 0.07109375 0.0234375 0.0859375 0.046875
1 0.15546875 0.02109375 0.0859375 0.0421875
1 0.24296875 0.01953125 0.0890625 0.03828125
1 0.0140625 0.95078125 0.028125 0.0984375
1 0.01484375 0.578125 0.02890625 0.2203125
1 0.01484375 0.153125 0.0296875 0.20390625
1 0.0140625 0.7953125 0.028125 0.21875
1 0.0140625 0.0234375 0.028125 0.046875
1 0.0140625 0.359375 0.028125 0.2109375