1 0.58046875 0.42890625 0.0734375 0.17109375
1 0.8484375 0.7828125 0.07109375 0.16875
1 0.95 0.01171875 0.075 0.0234375
1 0.7734375 0.7796875 0.0734375 0.1703125
1 0.7984375 0.27265625 0.07265625 0.16796875
1 0.98125 0.2828125 0.0375 0.16796875
1 0.7171875 0.434375 0.07578125 0.16875
1 0.9890625 0.015625 0.021875 0.03125
1 0.9203125 0.62265625 0.0703125 0.1671875
1 0.56953125 0.60390625 0.07109375 0.165625
1 0.59375 0.08515625 0.07109375 0.16796875
1 0.66796875 0.08984375 0.07265625 0.165625
1 0.78203125 0.6140625 0.07265625 0.1703125
1 0.8546875 0.61796875 0.07578125 0.16796875
1 0.72734375 0.26953125 0.0671875 0.17265625
1 0.878125 0.103125 0.06875 0.16953125
1 0.9453125 0.109375 0.0703125 0.1671875
1 0.9765625 0.45703125 0.046875 0.171875
1 0.6296875 0.93125 0.071875 0.13671875
1 0.96875 0.790625 0.0625 0.17578125
1 0.6953125 0.934375 0.0734375 0.13125
1 0.9859375 0.1109375 0.028125 0.16796875
1 0.9234375 0.44765625 0.06953125 0.16953125
1 0.96875 0.94140625 0.0625 0.1171875
1 0.78828125 0.4390625 0.07265625 0.16875
1 0.64140625 0.60703125 0.0734375 0.16953125
1 0.80078125 0.09921875 0.07109375 0.1703125
1 0.6546875 0.43046875 0.0734375 0.171875
1 0.5640625 0.77265625 0.07421875 0.1734375
1 0.7328125 0.09609375 0.07109375 0.171875
1 0.878125 0.009375 0.06875 0.01875
1 0.9046875 0.940625 0.07265625 0.11875
1 0.76484375 0.93671875 0.06953125 0.1265625
1 0.740625 0.0015625 0.075 0.003125
1 0.8703125 0.2796875 0.0765625 0.1734375
1 0.58671875 0.25390625 0.06953125 0.17421875
1 0.659375 0.26640625 0.0796875 0.17421875
1 0.93359375 0.2828125 0.07265625 0.17265625
1 0.63984375 0.77421875 0.0734375 0.17578125
1 0.70390625 0.7765625 0.07109375 0.17265625
1 0.975 0.6265625 0.05 0.16796875
1 0.8609375 0.44765625 0.07265625 0.1703125
1 0.8140625 0.00625 0.071875 0.01171875
1 0.70859375 0.6046875 0.07578125 0.171875
1 0.84375 0.93828125 0.07109375 0.1234375
1 0.91015625 0.7921875 0.07265625 0.17109375
1 0.56015625 0.9296875 0.078125 0.13984375
0 0.603125 0.5375 0.02421875 0.03359375
0 0.60859375 0.31953125 0.01953125 0.03515625
0 0.58671875 0.8328125 0.02578125 0.03828125
0 0.715625 0.2390625 0.0328125 0.034375
0 0.73671875 0.66953125 0.0171875 0.03203125