1 0.2713005633065042 0.7080459526226764 0.2688666996194392 0.17000704206179834
1 0.7483816695420145 0.8414105670494264 0.26905770060802237 0.17469454206179832
1 0.8944820312147321 0.9598413656141744 0.13146485870696836 0.08031726877165113
1 0.10638653463759215 0.5637559627994417 0.17266286167271766 0.14313692559888339
1 0.2554301655876817 0.7968661131835544 0.26886669961943915 0.17000704206179834
1 0.7340737718231919 0.9242989340223973 0.2623620316346617 0.15140213195520538
1 0.09383213790735283 0.6574273976705793 0.14004136266130085 0.14610479534115867
1 0.08288134494116581 0.8478510018090223 0.10247769566510645 0.14257700361804454
1 0.2871709610253267 0.6192257920617983 0.26223469764227286 0.1603044934412793
1 0.08736857368662755 0.7475201311622359 0.11960152866891208 0.14191526232447185
1 0.9083124264620966 0.8825346132950962 0.14597302768032883 0.1386198439616777
1 0.7079688696557451 0.9767483649925769 0.25305601581733084 0.04650327001484626
1 0.9305283246752107 0.7963857513547371 0.12958402372599592 0.11905097241038014
1 0.5009999921656967 0.7777730336940553 0.26099053262324473 0.16803510628614954
1 0.5245237223940332 0.6854560589088259 0.2606085306460784 0.15866010628614954
1 0.48669209444687417 0.8666750814100631 0.2641155326232447 0.16819888059640897
1 0.4708535302261489 0.9415368040475858 0.2647866946765232 0.11692639190482837
1 0.23866577132890035 0.9020106365893028 0.26567803262324474 0.16828076775153883
1 0.7500940667665453 0.7495096720923804 0.25898236364988386 0.1570157191310198
0 0.6783928217094612 0.769139419378847 0.05796900889724856 0.04513543758467105
0 0.20053046547395098 0.6357338613745321 0.059531508897248564 0.0452173247398008
0 0.17750148376273972 0.7210605297373264 0.05991351087441492 0.0545923247398008
0 0.4227304121276406 0.7892627323600028 0.063038510874415 0.05475609905006031
0 0.14698760729845545 0.9096792944366474 0.05490767589344294 0.04653416327441136
0 0.10002508258387613 0.7902808412481442 0.05816000988583174 0.049822937584671045
0 0.385280786157648 0.9786445180344522 0.05796900889724856 0.042710963931095594
0 0.4053293479069153 0.8787822557657513 0.06122134288963732 0.04842421189493038
0 0.8440469966143208 0.816800070667471 0.051719008897248384 0.0448078889641522
0 0.4403543108350463 0.7052119589542545 0.05765067391627667 0.03732293758467105
0 0.9108352485914872 0.8296552747604853 0.05165534190105418 0.0432453889641522