1 0.63125 0.09375 0.08046875 0.18359375
1 0.55546875 0.45703125 0.0828125 0.190625
1 0.62421875 0.4578125 0.08203125 0.1890625
1 0.7828125 0.09453125 0.08046875 0.18515625
1 0.9296875 0.0015625 0.078125 0.003125
1 0.48515625 0.26953125 0.08203125 0.18359375
1 0.9828125 0.00390625 0.034375 0.0078125
1 0.70625 0.09375 0.07890625 0.18125
1 0.78046875 0.27890625 0.08046875 0.184375
1 0.85859375 0.096875 0.07890625 0.184375
1 0.478125 0.45625 0.08125 0.184375
1 0.559375 0.26953125 0.07734375 0.18125
1 0.8578125 0.2796875 0.08125 0.1796875
1 0.9796875 0.28125 0.040625 0.1875
1 0.70078125 0.45390625 0.08359375 0.1875
1 0.9265625 0.28359375 0.0796875 0.18046875
1 0.55 0.821875 0.08125 0.18515625
1 0.778125 0.4578125 0.08203125 0.1875
1 0.92734375 0.1 0.07890625 0.18203125
1 0.921875 0.4609375 0.078125 0.1859375
1 0.85546875 0.45859375 0.08359375 0.184375
1 0.56328125 0.09296875 0.0765625 0.18359375
1 0.70234375 0.26796875 0.08203125 0.18359375
1 0.5484375 0.63828125 0.0796875 0.190625
1 0.6265625 0.26953125 0.08125 0.1859375
1 0.62578125 0.64140625 0.0796875 0.1875
1 0.4734375 0.6359375 0.08125 0.18359375
1 0.98125 0.09765625 0.0375 0.1796875
1 0.6234375 0.81875 0.08203125 0.1859375
1 0.91875 0.64609375 0.0828125 0.1859375
1 0.9765625 0.64453125 0.046875 0.1875
1 0.978125 0.459375 0.04375 0.18359375
1 0.69765625 0.64296875 0.0796875 0.184375
1 0.84921875 0.64375 0.08203125 0.184375
1 0.846875 0.8203125 0.08125 0.184375
1 0.69375 0.81875 0.08203125 0.1859375
1 0.471875 0.81171875 0.0828125 0.18515625
1 0.77109375 0.64375 0.0828125 0.190625
1 0.7734375 0.8296875 0.078125 0.1828125
1 0.4859375 0.08984375 0.078125 0.1796875
1 0.9765625 0.8296875 0.046875 0.18359375
1 0.91875 0.83359375 0.08046875 0.18125
1 0.8421875 0.95703125 0.078125 0.0859375
1 0.4671875 0.95703125 0.078125 0.0859375
1 0.690625 0.9578125 0.078125 0.08359375
1 0.9125 0.959375 0.07890625 0.08125
1 0.765625 0.95703125 0.08125 0.0859375
1 0.5421875 0.9546875 0.078125 0.08984375
1 0.975 0.95703125 0.05 0.078125
1 0.62109375 0.9578125 0.0796875 0.084375
0 0.57734375 0.51328125 0.02734375 0.0359375
0 0.51015625 0.51171875 0.0203125 0.0359375
0 0.72890625 0.3328125 0.03359375 0.03984375
0 0.88203125 0.15625 0.0359375 0.05625
0 0.7265625 0.69921875 0.02734375 0.04609375
0 0.49765625 0.88125 0.03125 0.04453125
0 0.86953125 0.88984375 0.02578125 0.03984375
0 0.94609375 0.70390625 0.03671875 0.06015625
0 0.9703125 0.47890625 0.0328125 0.05078125