1 0.7640625 0.3894930328747642 0.1171875 0.2445205955329393
1 0.67890625 0.3824018167874951 0.1140625 0.24125004631872757
1 0.5640625 0.8293966331652145 0.1125 0.2380522717116218
1 0.6640625 0.6113979580199894 0.115625 0.23976032092583352
1 0.95703125 0.18754319685233767 0.0859375 0.21806510339082216
1 0.575 0.6033435554149555 0.115625 0.24132282092583351
1 0.865625 0.176254632336645 0.11875 0.22428087014004516
1 0.85234375 0.39829229817624523 0.11875 0.24146837014004524
1 0.75078125 0.6169994487143645 0.11875 0.23990587014004525
1 0.5921875 0.14398782609311994 0.1140625 0.23343754631872757
1 0.4953125 0.1363508004525568 0.11875 0.23209337014004516
1 0.95078125 0.4060020984239142 0.0984375 0.24052230024766902
1 0.91484375 0.9850023161683226 0.0984375 0.029995367663354956
1 0.84765625 0.6269802243549277 0.1140625 0.2381250463187275
1 0.69140625 0.15564026364434191 0.1140625 0.22875004631872758
1 0.57890625 0.36993174193272016 0.11875 0.24303087014004515
1 0.77421875 0.16652856782095235 0.11875 0.22896837014004517
1 0.94375 0.6345808626919378 0.1125 0.2396147717116218
1 0.840625 0.8438402386229512 0.1125 0.2333647717116218
1 0.46640625 0.8170357202210983 0.115625 0.24132282092583343
1 0.65 0.8294929865560366 0.1140625 0.23656254631872775
1 0.92734375 0.8635042293173264 0.1109375 0.23797949710451577
1 0.7359375 0.8366205899468587 0.115625 0.23507282092583354
1 0.45078125 0.9600236251024439 0.1078125 0.07995274979511216
1 0.48359375 0.36236749089926285 0.1140625 0.24281254631872756
1 0.728125 0.9759119524384182 0.103125 0.04817609512316352
1 0.478125 0.5902377797743924 0.115625 0.23976032092583352
1 0.82890625 0.9805481025622527 0.1078125 0.03890379487549467
1 0.5546875 0.9687479617440431 0.103125 0.06250407651191381
1 0.63984375 0.9722026015287953 0.1109375 0.05559479694240928
0 0.68671875 0.6983906898230243 0.0359375 0.048548815963434674
0 0.5796875 0.9082493792362729 0.0375 0.04705909057054072