1 0.0265625 0.3140625 0.053125 0.22265625
1 0.35390625 0.7734375 0.08984375 0.221875
1 0.09296875 0.321875 0.0921875 0.22265625
1 0.015625 0.7578125 0.03125 0.2265625
1 0.35625 0.1171875 0.08671875 0.2140625
1 0.4375 0.7765625 0.09140625 0.221875
1 0.0234375 0.53515625 0.046875 0.21875
1 0.0875 0.76484375 0.09375 0.2265625
1 0.35703125 0.56484375 0.0921875 0.221875
1 0.0921875 0.10390625 0.090625 0.2078125
1 0.440625 0.12109375 0.0921875 0.21484375
1 0.08984375 0.55390625 0.09375 0.22109375
1 0.35 0.946875 0.09375 0.10546875
1 0.0140625 0.94140625 0.028125 0.1171875
1 0.3578125 0.33203125 0.08984375 0.21796875
1 0.1765625 0.10546875 0.090625 0.2109375
1 0.17734375 0.32421875 0.09375 0.221875
1 0.028125 0.1015625 0.05625 0.203125
1 0.4359375 0.94921875 0.090625 0.1015625
1 0.43984375 0.33515625 0.0890625 0.21796875
1 0.4390625 0.5703125 0.08828125 0.21640625
1 0.17109375 0.77265625 0.09296875 0.225
1 0.08125 0.94296875 0.09375 0.1140625
1 0.2671875 0.9453125 0.090625 0.109375
1 0.27109375 0.76953125 0.08984375 0.2234375
1 0.175 0.55859375 0.09453125 0.22109375
1 0.26796875 0.115625 0.0921875 0.21171875
1 0.165625 0.94140625 0.09375 0.1171875
1 0.27421875 0.328125 0.09140625 0.2203125
1 0.2734375 0.56171875 0.090625 0.22109375
1 0.44453125 0.01171875 0.0890625 0.0234375