1 0.91875 0.64296875 0.0703125 0.1703125
1 0.8546875 0.64375 0.075 0.17265625
1 0.778125 0.47265625 0.071875 0.1703125
1 0.7734375 0.021875 0.071875 0.04296875
1 0.85546875 0.8203125 0.0734375 0.17578125
1 0.91875 0.81796875 0.07109375 0.1734375
1 0.915625 0.303125 0.06953125 0.17578125
1 0.7765625 0.30703125 0.07109375 0.171875
1 0.846875 0.021875 0.075 0.04296875
1 0.7015625 0.025 0.071875 0.05
1 0.91796875 0.46875 0.07109375 0.16953125
1 0.978125 0.6390625 0.04375 0.16796875
1 0.9109375 0.021875 0.071875 0.04296875
1 0.9734375 0.021875 0.053125 0.04296875
1 0.85078125 0.13125 0.07421875 0.175
1 0.84921875 0.47265625 0.06953125 0.1703125
1 0.9765625 0.46484375 0.046875 0.171875
1 0.77578125 0.13125 0.071875 0.175
1 0.9734375 0.8109375 0.053125 0.17578125
1 0.77890625 0.64609375 0.07265625 0.1765625
1 0.85234375 0.309375 0.0765625 0.178125
1 0.9703125 0.3046875 0.059375 0.1796875
1 0.7703125 0.8171875 0.07890625 0.171875
1 0.9125 0.1265625 0.07265625 0.171875
1 0.85234375 0.95078125 0.075 0.0984375
1 0.7046875 0.65234375 0.07421875 0.17265625
1 0.9703125 0.125 0.059375 0.171875
1 0.7046875 0.82265625 0.0734375 0.16640625
1 0.70625 0.475 0.071875 0.17578125
1 0.7046875 0.13359375 0.06953125 0.1703125
1 0.640625 0.82109375 0.07109375 0.16953125
1 0.63984375 0.3078125 0.0703125 0.17578125
1 0.91640625 0.95 0.07109375 0.1
1 0.640625 0.65390625 0.071875 0.171875
1 0.6390625 0.0234375 0.065625 0.046875
1 0.70546875 0.3078125 0.0703125 0.17109375
1 0.77890625 0.95078125 0.0765625 0.0984375
1 0.63984375 0.478125 0.07109375 0.171875
1 0.640625 0.1328125 0.0703125 0.17109375
1 0.70546875 0.9515625 0.0828125 0.09609375
1 0.978125 0.94921875 0.04375 0.1015625
1 0.640625 0.9546875 0.06875 0.08984375
0 0.80078125 0.36015625 0.028125 0.03828125
0 0.8015625 0.52890625 0.03203125 0.0359375
0 0.734375 0.359375 0.02734375 0.040625
0 0.734375 0.190625 0.02578125 0.03828125
0 0.6640625 0.5765625 0.02578125 0.028125
0 0.80078125 0.19140625 0.02734375 0.03984375
0 0.7984375 0.0171875 0.028125 0.034375
0 0.66484375 0.87578125 0.0265625 0.03515625
0 0.9375 0.3578125 0.025 0.03203125
0 0.93515625 0.4078125 0.025 0.03203125
0 0.7953125 0.53046875 0.04375 0.0515625
0 0.87265625 0.021875 0.02421875 0.025
0 0.875 0.06171875 0.01875 0.034375
0 0.87265625 0.3578125 0.0234375 0.02890625