0 0.23359375 0.78125 0.015625 0.0234375
1 0.3078125 0.1046875 0.075 0.1671875
1 0.315625 0.2703125 0.075 0.171875
1 0.2359375 0.10546875 0.07421875 0.1640625
1 0.16640625 0.10625 0.0734375 0.1640625
1 0.09765625 0.27734375 0.075 0.17578125
1 0.334375 0.80078125 0.07578125 0.17734375
1 0.0015625 0.63125 0.003125 0.17578125
1 0.271875 0.9453125 0.075 0.109375
1 0.17265625 0.27265625 0.07421875 0.18046875
1 0.0265625 0.109375 0.053125 0.171875
1 0.1046875 0.45625 0.07578125 0.17265625
1 0.1171875 0.809375 0.07578125 0.17578125
1 0.19375 0.94921875 0.075 0.1015625
1 0.25234375 0.62265625 0.075 0.1734375
1 0.11875 0.94921875 0.075 0.1015625
1 0.178125 0.625 0.0765625 0.175
1 0.2453125 0.44921875 0.075 0.178125
1 0.04140625 0.8109375 0.075 0.1796875
1 0.2390625 0.2703125 0.0734375 0.17265625
1 0.265625 0.8015625 0.075 0.17734375
1 0.17109375 0.4546875 0.075 0.175
1 0.32578125 0.61953125 0.075 0.17421875
1 0.0296875 0.275 0.059375 0.16796875
1 0.09296875 0.1078125 0.07265625 0.17109375
1 0.034375 0.6265625 0.06875 0.17578125
1 0.0046875 0.8109375 0.009375 0.18359375
1 0.04375 0.95078125 0.075 0.0984375
1 0.109375 0.62734375 0.075 0.17890625
1 0.0078125 0.953125 0.015625 0.09375
1 0.1921875 0.80546875 0.075 0.18125
1 0.03125 0.4546875 0.0625 0.17578125
1 0.340625 0.9453125 0.075 0.109375
1 0.3203125 0.4484375 0.0734375 0.17734375
1 0.23359375 0.01328125 0.0703125 0.02421875
1 0.1609375 0.01328125 0.07421875 0.02421875
1 0.0265625 0.01171875 0.053125 0.0234375
1 0.090625 0.01171875 0.0734375 0.0234375
1 0.30546875 0.01171875 0.07265625 0.021875