1 0.028125 0.67109375 0.05625 0.18125
1 0.028125 0.8265625 0.05625 0.184375
1 0.1546875 0.96484375 0.06171875 0.0703125
1 0.028125 0.67109375 0.05625 0.18125
1 0.028125 0.83359375 0.05625 0.17109375
1 0.1546875 0.96484375 0.06171875 0.0703125
1 0.225 0.96484375 0.06640625 0.0703125
1 0.2953125 0.965625 0.0640625 0.06875
1 0.359375 0.96328125 0.06484375 0.07265625
1 0.296875 0.84609375 0.0703125 0.16953125
1 0.0875 0.9609375 0.06875 0.078125
1 0.29609375 0.6703125 0.0734375 0.1796875
1 0.0265625 0.9640625 0.053125 0.071875
1 0.221875 0.678125 0.07265625 0.18828125
1 0.36328125 0.84921875 0.071875 0.17265625
1 0.0890625 0.840625 0.06953125 0.16796875
1 0.090625 0.6671875 0.0703125 0.18125
1 0.1546875 0.83984375 0.06640625 0.171875
1 0.434375 0.88125 0.0734375 0.23359375
1 0.50390625 0.671875 0.0765625 0.17890625
1 0.434375 0.96171875 0.06796875 0.07578125
1 0.15546875 0.67578125 0.0703125 0.1859375
1 0.3625 0.675 0.07578125 0.1765625
1 0.43046875 0.67421875 0.07578125 0.18203125
1 0.5015625 0.84140625 0.07421875 0.175
1 0.50078125 0.959375 0.0796875 0.08125
1 0.22265625 0.84375 0.07578125 0.175
0 0.1109375 0.73125 0.02265625 0.034375
0 0.31640625 0.95703125 0.01953125 0.0296875
0 0.38671875 0.959375 0.0234375 0.03828125
0 0.04375 0.7296875 0.01875 0.0296875
0 0.04375 0.60625 0.0125 0.01640625