1 0.4037872320286507 0.20878734897115034 0.10967264427970261 0.1905006310370969
1 0.22086321477509152 0.8827573610453442 0.10173116950744616 0.14188127461060632
1 0.18240081614940157 0.16205005595163705 0.10972720798203354 0.1920631310370969
1 0.15785222785229944 0.33246785603077933 0.11296133538669526 0.19527905925034234
1 0.32503474945184585 0.1930918043022844 0.11134427168436441 0.19367109514371963
1 0.24676597194666766 0.7287230789128907 0.10994546279135697 0.198313131037097
1 0.0792088726801563 0.31989731136191335 0.11296133538669526 0.19527905925034234
1 0.14219257775178298 0.8694055663764783 0.1034027969121079 0.14505173871722904
1 0.3778398348385411 0.38393811315691534 0.1082192716843644 0.19358016693047428
1 0.09160475679305799 0.6972637934152248 0.11792165389834955 0.2032279515702104
1 0.3423537465414389 0.5546741619824164 0.11630459019601869 0.2016199874635877
1 0.2963270062449038 0.8938563339274556 0.10173116950744614 0.14188127461060632
1 0.04878977421625315 0.6805225742940371 0.05687502649368783 0.19832985141192588
1 0.07193454210278447 0.1339825434152247 0.057891889470379286 0.18275031551854845
1 0.10682789727492759 0.14782608306952572 0.1160317716843644 0.1938074874635877
1 0.4265377073490614 0.06095055720527827 0.10307541469812272 0.12190111441055654
1 0.09445932813030113 0.019244093494366992 0.04204365626060225 0.038488186988733984
1 0.072088408877309 0.8550224691211877 0.08950398801910045 0.14933006175762467
1 0.3395461388374071 0.05459290861720406 0.12909227767481415 0.10918581723440812
1 0.20683284255827142 0.0367665626155546 0.0980406851165428 0.0735331252311092
1 0.16804077122102826 0.7138087842440246 0.11463296279135697 0.19844952335696497
1 0.3136905771188108 0.7416346043814267 0.1164137176006804 0.20474498746358769
1 0.27464789136929585 0.5417853685671916 0.11474209019601869 0.20157452335696496
1 0.1268453084296713 0.5194964945897237 0.11296133538669526 0.19527905925034225
1 0.30145838411290166 0.3689556223281153 0.11307046279135698 0.19840405925034227
1 0.060565544001701 0.5026559870678763 0.09264883538669526 0.19468802586424747
1 0.19382447730414526 0.5339705200582597 0.11619546279135698 0.19849498746358768
1 0.04946680897782545 0.31919862938774435 0.06586808057737184 0.18766513605166182
1 0.22407742857793886 0.3477458635526267 0.11139883538669526 0.19523359514371963
1 0.12681796034428627 0.028641825547678336 0.10988592068857254 0.05728365109535667
1 0.28684772477225656 0.04500495994998758 0.10182044954451311 0.09000991989997516
1 0.2525595487262064 0.17799565320692773 0.1081101442797027 0.19045516693047423
0 0.27321927830778636 0.23213758392745554 0.03762897477225646 0.0494831744523216
0 0.2882515782999372 0.6626063339274555 0.034449411069925696 0.04782974623907634