1 0.5548249261681814 0.32014531942427554 0.2020746285298145 0.13539966870147851
1 0.7240687388502429 0.8767239473071511 0.18314277210332364 0.12816702283992143
1 0.5515729278840409 0.6470353680447946 0.18792120031656906 0.1315376843053107
1 0.7240794475465891 0.9618913268875074 0.18135295157021042 0.07621734622498515
1 0.5490914709035544 0.8667713359326189 0.19573370031656906 0.1319471200809595
1 0.5489671019406511 0.7634825616223594 0.19260870031656907 0.13178334577069997
1 0.7280444996707957 0.6594136165744565 0.1864496285298145 0.13458079715018095
1 0.5492986887045936 0.42939748869158095 0.1973871285298145 0.13515400723608922
1 0.8879948465303749 0.8900095985957751 0.15975073620994634 0.12850121551297528
1 0.8950501432443048 0.6744255421733399 0.17399509263643723 0.1354881999091429
1 0.8856845372800326 0.9704651447299032 0.1483131310370968 0.05906971054019365
1 0.3820309691876946 0.530955587402957 0.1880121285298145 0.13466268430531086
1 0.37389890578071716 0.7566549502478273 0.1895746285298145 0.13474457146044044
1 0.06050427632646588 0.5230523976705793 0.12100855265293176 0.12735479534115868
1 0.373620390274804 0.3090839094292243 0.1958246285298145 0.13507212008095948
1 0.5474942154932779 0.9579231218899817 0.19068248746358768 0.08415375622003651
1 0.7318705301538966 0.7699383587725404 0.1864041644231918 0.13301829715018093
1 0.20615879097444925 0.5248682824508599 0.18470527210332383 0.12824890999505117
1 0.550940093560874 0.5343306501569701 0.1958246285298145 0.13507212008095948
1 0.8928080301538965 0.7783727357509048 0.16269387978345584 0.1224149898232346
1 0.21171978384831328 0.306858588873295 0.18631323620994644 0.12989329715018094
1 0.05781602276339788 0.30722267978275497 0.11563204552679576 0.13122342378986113
1 0.8961616653476285 0.5555527114406453 0.18167120031656908 0.13121013568479184
1 0.37342651049134823 0.4233101837394838 0.18654055674305986 0.13770579715018094
1 0.37873350679693163 0.859408136023476 0.18332462852981452 0.13441702283992144
1 0.20752741119099355 0.6391764439162492 0.19564277210332373 0.12882212008095947
1 0.8995487412910184 0.4391464614406454 0.18180759263643723 0.13589763568479168
1 0.733119759237707 0.4312067294193268 0.1975689849563052 0.14140400723608923
1 0.20607988611816888 0.4200170081406004 0.18327916442319178 0.13285452283992144
1 0.061165854381426674 0.641143978403274 0.12233170876285335 0.13228795680654795
1 0.7275253256141854 0.5428026486866322 0.19113712852981452 0.13482645861557022
1 0.05654720787167002 0.4212032926276252 0.11309441574334005 0.1314690852552504
1 0.7322596043814267 0.32631451153150237 0.19095527210332364 0.1285764586155702
1 0.3740567154932779 0.9533783847802806 0.19068248746358768 0.09324323043943891
1 0.0635657771843957 0.8508055834462281 0.1271315543687914 0.12973616689245623
1 0.3725302855641729 0.642346788782438 0.18962009263643723 0.13630707146044047
1 0.06968539654301015 0.7526137449116174 0.1393707930860203 0.1302274898232348
1 0.21301757858368622 0.8538530975797223 0.17827341567683302 0.12167136137453234
1 0.21668579935422647 0.7546752911572872 0.18314277210332372 0.12816702283992143
1 0.9063874261681815 0.33856992932846974 0.17385870031656908 0.13080069990914298
1 0.07134953345260185 0.9458281563770065 0.1426990669052037 0.10103131275401296
1 0.2115567154932779 0.95216170454527 0.16692673871722893 0.09567659090945994