1 0.7741691646981227 0.15520357251167044 0.17627481252120453 0.08629651583511762
1 0.7687252073490614 0.08870639429842508 0.17783731252120455 0.08634197994174028
1 0.4340873456383143 0.3396417908414352 0.17465774881887358 0.08468855172849495
1 0.24860119110699258 0.011916292953006297 0.16907738221398513 0.014285123515249562
1 0.7711037068009071 0.29091375197855707 0.17783731252120455 0.08634197994174028
1 0.5965228251350763 0.07433034256993017 0.17783731252120455 0.08634197994174028
1 0.5910342277674815 0.028904182303373466 0.17269345553496293 0.02843855172849492
1 0.7694320462791356 0.041899590458359115 0.17732639183263216 0.02701244404836296
1 0.7776835782151192 0.3675899122451137 0.18096231252120454 0.08643290815498564
1 0.4314410060752678 0.26386054084143523 0.17142362141421189 0.0814726235152495
1 0.6023834778522994 0.35390418230337345 0.17627481252120453 0.08629651583511766
1 0.5981423780376339 0.14305761051661883 0.17783731252120455 0.08634197994174028
1 0.4235144002701524 0.12626961262818986 0.17471231252120453 0.08625105172849494
1 0.0981299651536097 0.038756274610606226 0.15250993030721938 0.07623955423577738
1 0.43294645317271013 0.19522420110799196 0.17783731252120455 0.08634197994174028
1 0.9275570595259797 0.30108803701400455 0.14488588094804059 0.08101798244902278
1 0.09821678910755957 0.1753386322907382 0.15736112141421194 0.08106344655564542
1 0.4203050655164294 0.05671563057487854 0.17945437622353536 0.08794994404836295
1 0.5948561761308682 0.20539848614343947 0.18096231252120454 0.08643290815498565
1 0.9280853383819203 0.37606530496069324 0.14382932323615946 0.08106344655564542
1 0.258559033665264 0.051228845539431044 0.17153274881887362 0.08459762351524955
1 0.09955854509800935 0.10201479255729488 0.15747024881887364 0.08418844655564546
1 0.9247643870233085 0.09876701906731589 0.15047122595338286 0.08566001834240007
1 0.2664385433687288 0.38861518527287436 0.17153274881887368 0.0845976235152495
1 0.26659974527549457 0.32618338143280834 0.17293155771188112 0.07995558762187223
1 0.7678125264936879 0.21901601992524572 0.1810168762235353 0.08799540815498563
1 0.26317215571244806 0.25037939937949705 0.1730406851165428 0.08308058762187223
1 0.09959080534962837 0.23703465023742684 0.16204862141421195 0.08119983887551348
1 0.25996282095872497 0.18082541732618568 0.17482143992586624 0.08937605172849494
1 0.9276141124285374 0.4400823408540705 0.14477177514292522 0.08427937476889084
1 0.5982887440943683 0.4154410758768828 0.17772818511654281 0.08321697994174033
1 0.9259647884745874 0.16751701906731592 0.14807042305082518 0.08566001834240007
1 0.43864092558271395 0.4029912370013692 0.17783731252120455 0.08634197994174034
1 0.9268626003628195 0.05039771522724991 0.14627479927436085 0.016773626022532028
1 0.2616319591631599 0.11687657759274239 0.17304068511654283 0.08308058762187223
1 0.600518388289253 0.2781456643566848 0.17772818511654281 0.0832169799417403
1 0.9254662806700391 0.22997155496069324 0.1490674386599217 0.08887594655564543
1 0.1021552993591786 0.31047215023742686 0.16997024881887363 0.08455215940862688
1 0.41907738221398516 0.02155938057487854 0.17252976442797027 0.02375105172849492
1 0.7738616629688423 0.43693930581862306 0.17449405771188112 0.08000105172849495
1 0.10461066596406712 0.38078465023742686 0.1777281851165428 0.0832169799417403