1 0.4078125 0.9022402737259962 0.365625 0.19551945254800743
1 0.940625 0.8375462817090236 0.11875 0.1845261917107738
1 0.42890625 0.968470110189843 0.3484375 0.06305977962031406
1 0.72734375 0.8718244867284891 0.3484375 0.21888524015134933
1 0.74765625 0.9476999775469139 0.340625 0.10460004490617222
1 0.93125 0.6973205297318573 0.1375 0.17747769566510635
1 0.3796875 0.7771898300752371 0.365625 0.22114807710948767
1 0.70078125 0.7332421477931845 0.3578125 0.21926724212851562
1 0.159375 0.9294620069200821 0.1875 0.14107598615983577
1 0.13359375 0.8109122781746205 0.1890625 0.18582870653952135
0 0.95546875 0.8850261181728705 0.075 0.06555601581733086
0 0.553125 0.9428506166528147 0.0578125 0.05548067885919252