1 0.5016105077073425 0.5197886461987666 0.1302171542193456 0.21453202669174587
1 0.6054784326295598 0.03306256766217588 0.1233750446422686 0.06612513532435176
1 0.537509277189103 0.33694697129390694 0.13339670129724618 0.21778436068413445
1 0.570901618905977 0.9063044663509909 0.1306068920444808 0.14740819368794006
1 0.45799469561190814 0.7084174060845985 0.13016260714144484 0.2114070266917457
1 0.5755336083592608 0.1415097958947555 0.13035352191409721 0.22234452669174573
1 0.6540268011350905 0.15942019608503594 0.13813874837514692 0.22110036167271768
1 0.650194058031654 0.5668971150583968 0.1396194277582959 0.21647652866891215
1 0.6468465101396792 0.912591617035563 0.1255921095770768 0.12846719269935675
1 0.5364878883877376 0.7263278062748788 0.1302171542193456 0.2145320266917457
1 0.7691507893639675 0.3947435893552341 0.13967397483619665 0.21960152866891205
1 0.8874217280826073 0.22809064715016883 0.10955009821299129 0.1933918557412186
1 0.8158370543815014 0.20286249547701365 0.10952282467404081 0.19182935574121862
1 0.7327245454530475 0.1890493462753164 0.1236398717519414 0.19552735870696814
1 0.9896728849411035 0.6584864598880193 0.020654230117792948 0.18376750494291585
1 0.8840974995896677 0.6199107326254323 0.11410123051823931 0.18577035672980174
1 0.8125400994275118 0.5962450809522772 0.1284910129856435 0.2050933596955513
0 0.6183290344959989 0.08503962000131256 0.03508411201270896 0.04202567391627663
1 0.9917665344959989 0.265135707910853 0.016466931008002207 0.17114017095052708
1 0.9706397824674042 0.08005498414548816 0.058720435065191624 0.16010996829097632