1 0.21862600362819706 0.07786436758562619 0.29569942431676954 0.15572873517125238
1 0.4974677662420688 0.054651713422422546 0.3011855324841376 0.10930342684484509
1 0.24628226687504098 0.17460211608416093 0.29893355172143127 0.16040689528454558
1 0.2729489489963589 0.28852269463934227 0.29871529691210785 0.15415689528454557
1 0.5374281112474109 0.24488680528629567 0.2940823606144388 0.15552839429596244
1 0.04729664065150563 0.09977982410655703 0.09164684137714504 0.12231535178688593
1 0.795416682121318 0.0825964164275407 0.30351192431676954 0.15747289627312877
1 0.7615476244094368 0.027365018745899267 0.2980952488188736 0.054730037491798535
1 0.06861611306150946 0.30701932114080754 0.11999009618646847 0.12971135771838496
1 0.522289206167935 0.1250199742596564 0.29553573320977694 0.1524670612921568
1 0.05731153611233468 0.20733765612177946 0.10469247840045362 0.1384496877564411
1 0.8165873323914704 0.1959585794694024 0.29073910580511536 0.14915106030357367