1 0.28359375 0.74921875 0.11953125 0.075
1 0.840625 0.98046875 0.125 0.0390625
1 0.39296875 0.75390625 0.1125 0.06953125
1 0.38046875 0.89375 0.1203125 0.0765625
1 0.73828125 0.85546875 0.1265625 0.071875
1 0.859375 0.79296875 0.1171875 0.0765625
1 0.059375 0.73125 0.1140625 0.06796875
1 0.625 0.7734375 0.115625 0.07109375
1 0.73046875 0.9171875 0.121875 0.07734375
1 0.146875 0.8703125 0.11875 0.078125
1 0.84921875 0.92734375 0.11953125 0.075
1 0.359375 0.99375 0.11875 0.01171875
1 0.61484375 0.909375 0.121875 0.08046875
1 0.9515625 0.9359375 0.096875 0.08203125
1 0.86640625 0.72734375 0.115625 0.071875
1 0.490625 0.96640625 0.125 0.0671875
1 0.7421875 0.78203125 0.121875 0.0765625
1 0.415625 0.61640625 0.11015625 0.07734375
1 0.49453125 0.89921875 0.11875 0.07265625
1 0.05703125 0.79609375 0.10703125 0.07578125
1 0.1625 0.80390625 0.11875 0.07421875
1 0.39140625 0.821875 0.11796875 0.0765625
1 0.29296875 0.6796875 0.125 0.075
1 0.1265625 0.984375 0.121875 0.03125
1 0.9625 0.72265625 0.075 0.0703125
1 0.9484375 0.984375 0.103125 0.03125
1 0.1390625 0.9375 0.11953125 0.08046875
1 0.9546875 0.87109375 0.090625 0.078125
1 0.25 0.98984375 0.125 0.0203125
1 0.6015625 0.9703125 0.121875 0.05859375
1 0.52734375 0.62890625 0.11484375 0.07421875
1 0.2625 0.95625 0.11640625 0.0734375
1 0.5109375 0.76640625 0.125 0.07734375
1 0.9609375 0.665625 0.078125 0.07421875
1 0.6171875 0.84140625 0.115625 0.07734375
1 0.753125 0.65078125 0.12109375 0.0734375
1 0.171875 0.73828125 0.115625 0.078125
1 0.40390625 0.6875 0.11328125 0.07421875
1 0.721875 0.9765625 0.125 0.046875
1 0.3671875 0.9609375 0.121875 0.078125
1 0.74921875 0.7125 0.12265625 0.07890625
1 0.0421875 0.928125 0.084375 0.06640625
1 0.51953125 0.696875 0.11640625 0.07578125
1 0.8515625 0.8625 0.11953125 0.0796875
1 0.4203125 0.55390625 0.1171875 0.06953125
1 0.3078125 0.54609375 0.12421875 0.07265625
1 0.50078125 0.834375 0.12265625 0.07578125
1 0.08203125 0.53203125 0.1140625 0.07265625
1 0.86953125 0.65625 0.1140625 0.0734375
1 0.06796875 0.66171875 0.12109375 0.0796875
1 0.6265625 0.70234375 0.11953125 0.0734375
1 0.26953125 0.8828125 0.1171875 0.075
1 0.53046875 0.5578125 0.1109375 0.071875
1 0.9578125 0.796875 0.084375 0.078125
1 0.0375 0.98046875 0.075 0.0390625
1 0.64296875 0.6390625 0.1140625 0.07578125
1 0.9640625 0.5953125 0.071875 0.07421875
1 0.30234375 0.60625 0.12890625 0.0765625
1 0.76484375 0.5796875 0.12109375 0.075
1 0.07734375 0.5953125 0.11640625 0.07109375
1 0.18671875 0.6015625 0.10859375 0.06640625
1 0.64609375 0.56953125 0.12578125 0.0765625
1 0.04765625 0.86484375 0.09453125 0.07734375
1 0.17109375 0.6640625 0.1125 0.07578125
1 0.19765625 0.53671875 0.11875 0.07890625
1 0.87734375 0.58359375 0.1140625 0.07890625
1 0.27421875 0.809375 0.11796875 0.075
1 0.015625 0.52734375 0.03046875 0.06640625
1 0.0125 0.58984375 0.025 0.0828125
0 0.66015625 0.8671875 0.03125 0.028125
0 0.2484375 0.93203125 0.021875 0.028125
0 0.21953125 0.628125 0.0234375 0.028125
0 0.57109375 0.59140625 0.01875 0.0234375
0 0.6703125 0.73125 0.0265625 0.02578125