1 0.76953125 0.7390047886564244 0.2140625 0.12060735999173637
1 0.1015625 0.9336138934267362 0.203125 0.057852786853472435
1 0.5765625 0.6267008911456255 0.2203125 0.1191903303564585
1 0.29609375 0.9693916585287156 0.203125 0.057852786853472435
1 0.32890625 0.8396866279435071 0.2203125 0.12231533035645867
1 0.3640625 0.5928486487450698 0.2203125 0.11919033035645868
1 0.01015625 0.7846113893426736 0.0203125 0.0973477786853472
1 0.88203125 0.9823300292540281 0.1015625 0.03533994149194371
1 0.021875 0.6106653962765278 0.04375 0.09633079255305557
1 0.56875 0.7054253031897227 0.225 0.1255494331300003
1 0.31875 0.9105439886008335 0.221875 0.12860169794763898
1 0.534375 0.9443991174005557 0.21875 0.11120176519888858
1 0.3390625 0.6641417672861809 0.2203125 0.1207528303564585
1 0.03125 0.45541485182361113 0.0625 0.09207970364722229
1 0.52734375 0.9869408748093751 0.2109375 0.02611825038124991
1 0.784375 0.6627877807726396 0.2140625 0.11904485999173638
1 0.12265625 0.7184798559076737 0.2109375 0.11740962480937504
1 0.33125 0.753803679330278 0.2140625 0.12060735999173637
1 0.55390625 0.7886735610735074 0.2203125 0.1207528303564585
1 0.8953125 0.9356823797464593 0.1015625 0.10236389342673605
1 0.74296875 0.9620519372140628 0.2203125 0.0758961255718745
1 0.7875 0.5823917659550006 0.215625 0.12064372758291686
1 0.02734375 0.5396989328456597 0.0546875 0.0950228656913195
1 0.01484375 0.6964392421162152 0.0296875 0.09600348423243048
1 0.384375 0.431602677430417 0.2171875 0.11755509517409735
1 0.80234375 0.5022685080712159 0.2171875 0.11755509517409735
1 0.60078125 0.4671083388089241 0.21875 0.11759146276527802
1 0.74609375 0.9103342747887158 0.2171875 0.12224259517409734
1 0.92734375 0.6903341653656605 0.115625 0.10581620174736131
1 0.1796875 0.3994947729857641 0.2203125 0.1191903303564585
1 0.115625 0.8050349517473612 0.2140625 0.12216985999173638
1 0.04140625 0.37830749116628476 0.06875 0.09222517401194459
1 0.14453125 0.6361765021842014 0.2140625 0.12060735999173637
1 0.76328125 0.824796818291702 0.215625 0.12220622758291669
1 0.54296875 0.8720127379352436 0.2234375 0.12395056553881964
1 0.1671875 0.47342258225631956 0.215625 0.12064372758291686
1 0.94140625 0.6031614736862856 0.1140625 0.10109233415618064
1 0.578125 0.549393508736806 0.221875 0.12235169794763898
1 0.10859375 0.8790900475870487 0.215625 0.12220622758291669
1 0.9171875 0.7682227760229868 0.1109375 0.10414459897381949
1 0.36328125 0.5084554649494795 0.2171875 0.12068009517409735
1 0.90703125 0.8484551366803131 0.10625 0.10559799620027795
1 0.946875 0.5314137602554174 0.10625 0.10559799620027803
1 0.1546875 0.557506641526875 0.2140625 0.12060735999173637
0 0.4546875 0.988294587765278 0.034375 0.02341082446944398
0 0.4609375 0.9083846893982642 0.04375 0.032268292553055744
0 0.25 0.7909750645888891 0.0453125 0.029179660144236053