0 0.51484375 0.43984375 0.028125 0.03515625
0 0.578125 0.8109375 0.0234375 0.03828125
0 0.5828125 0.67890625 0.0234375 0.03515625
0 0.74296875 0.26328125 0.0234375 0.04296875
0 0.80703125 0.63359375 0.02578125 0.05078125
0 0.59140625 0.0875 0.0265625 0.0421875
0 0.5203125 0.07890625 0.02734375 0.03203125
0 0.96328125 0.26953125 0.02578125 0.03671875
0 0.9859375 0.0484375 0.028125 0.04296875
0 0.7390625 0.44921875 0.0234375 0.03828125
0 0.5875 0.63125 0.03828125 0.0375
0 0.81015625 0.825 0.02734375 0.03203125
0 0.890625 0.446875 0.0234375 0.04609375
1 0.48515625 0.5671875 0.0796875 0.1828125
1 0.48046875 0.7515625 0.07890625 0.18203125
1 0.92890625 0.5703125 0.08046875 0.18359375
1 0.93359375 0.39375 0.0796875 0.18828125
1 0.62578125 0.74375 0.08125 0.18046875
1 0.9234375 0.92578125 0.084375 0.1484375
1 0.98125 0.7578125 0.0375 0.1875
1 0.86015625 0.56640625 0.07890625 0.190625
1 0.78359375 0.5671875 0.07890625 0.18671875
1 0.8578125 0.7578125 0.08125 0.18046875
1 0.703125 0.75234375 0.08203125 0.1921875
1 0.9828125 0.56875 0.034375 0.18359375
1 0.5625 0.56640625 0.078125 0.1859375
1 0.984375 0.390625 0.03125 0.1875
1 0.9796875 0.9234375 0.040625 0.15234375
1 0.7015625 0.9234375 0.0828125 0.15234375
1 0.8546875 0.9234375 0.084375 0.15234375
1 0.5546875 0.92265625 0.08125 0.1546875
1 0.70703125 0.5640625 0.0796875 0.18671875
1 0.621875 0.921875 0.08125 0.15625
1 0.8640625 0.3921875 0.0796875 0.18359375
1 0.925 0.76015625 0.0796875 0.18671875
1 0.63359375 0.37890625 0.0765625 0.18125
1 0.78046875 0.7546875 0.08125 0.1921875
1 0.7140625 0.2015625 0.07734375 0.1859375
1 0.55390625 0.75078125 0.0796875 0.18671875
1 0.778125 0.9234375 0.08125 0.15234375
1 0.8671875 0.20625 0.07578125 0.1796875
1 0.93515625 0.20546875 0.07578125 0.18046875
1 0.6296875 0.5625 0.0796875 0.19296875
1 0.984375 0.20703125 0.03125 0.1796875
1 0.71015625 0.38828125 0.078125 0.184375
1 0.9390625 0.0546875 0.078125 0.109375
1 0.7875 0.390625 0.0796875 0.18984375
1 0.71875 0.053125 0.08125 0.10546875
1 0.478125 0.92421875 0.08203125 0.1515625
1 0.5703125 0.0546875 0.078125 0.109375
1 0.5640625 0.2 0.08046875 0.18984375
1 0.56484375 0.38984375 0.078125 0.18515625
1 0.5 0.053125 0.08125 0.10546875
1 0.865625 0.05625 0.08125 0.1125
1 0.9875 0.05625 0.025 0.1125
1 0.4953125 0.2 0.0796875 0.1859375
1 0.7875 0.05625 0.08125 0.1125
1 0.48828125 0.39140625 0.07890625 0.184375
1 0.790625 0.2046875 0.07890625 0.18203125
1 0.63671875 0.2 0.07890625 0.18828125
1 0.64375 0.053125 0.08125 0.10546875