1 0.037897153602639136 0.3199116832278103 0.07579430720527827 0.2695516335443794
1 0.018303719121187608 0.1541191986672165 0.036607438242375216 0.14176160266556703
1 0.06503814670761235 0.13786606136191337 0.1300762934152247 0.14904055674305985
1 0.17859870994998756 0.11267218157845764 0.13235316191590935 0.14904055674305985
1 0.0933191248353978 0.3071783510162144 0.16099029044572383 0.2747679824490228
1 0.057379276326465875 0.5926672216284701 0.11475855265293175 0.27404055674305994
1 0.13393679849629664 0.5745189637109112 0.1610357545523465 0.2763304824490227
1 0.2691016894960164 0.08740174544765347 0.12739287727617327 0.1395291644231918
1 0.20829926715526584 0.29914923917944736 0.15791075455234652 0.27623955423577745
1 0.24551079598901415 0.549416012140701 0.1609448263391011 0.2732054824490227
1 0.3719455446688659 0.06969507139104322 0.13065426959604132 0.13939014278208645
1 0.4480280422280905 0.510738642386375 0.15781982633910108 0.27311455423577746
1 0.40318586982083293 0.2544491899582349 0.15786529044572378 0.27467705423577743
1 0.33813020500192964 0.5318898798499627 0.15781982633910116 0.27311455423577746
1 0.30011469411486996 0.2824270889420205 0.1594732545523465 0.27628501834240005