1 0.008672075 0.8557787015624999 0.18224258124999998 0.8433915609374999 0.158177978125 0.3329347640625 0.001166671875 0.3448563765625 0.008672075 0.8557787015624999
1 0.184815278125 1 0.18046838125 0.8445452625 0.0024139875 0.8581603250000001 0.0017724781249999998 1 0.184815278125 1
1 0.2448879625 0.3230709296875 0.44216823125 0.306055478125 0.429953134375 0.0068952390625 0.220860996875 0.0061395953125 0.2448879625 0.3230709296875
1 0.238232025 0.318773215625 0.25462455624999997 0.844592490625 0.45824893437499997 0.8340539765624999 0.4454962 0.30331627499999997 0.238232025 0.318773215625
1 0.46534352500000004 1 0.46074356562499996 0.8379873640625 0.250221315625 0.849807771875 0.256897003125 1 0.46534352500000004 1
1 0.51280826875 0.30244593750000004 0.722502559375 0.288668953125 0.7065132562499999 0 0.49738348125 0.0030225687500000003 0.51280826875 0.30244593750000004
1 0.532469628125 0.8267674234375001 0.744298334375 0.8155407328125 0.7247337500000001 0.29053782031250003 0.514646984375 0.3037143375 0.532469628125 0.8267674234375001
1 0.750588246875 1 0.743653171875 0.8142386 0.531383603125 0.8255395015625 0.5395056968749999 1 0.750588246875 1
1 0.79415335 0.2849851953125 0.999304615625 0.26975090156250003 0.990089528125 0.0028539015625 0.7796049125 0.0041897687500000004 0.79415335 0.2849851953125
1 1 0.2656205796875 0.7918415125 0.2826305609375 0.814056646875 0.8120593796875 1 0.796453384375 1 0.2656205796875
1 1 0.79298503125 0.813465246875 0.8039969453125 0.8225331062500001 1 1 1 1 0.79298503125