1 0.7763855078125 0 0.7794647140625 0.258183984375 0.98102421875 0.2511056984375 0.9798268109375 0 0.7763855078125 0
1 0.4738878796875 0 0.491694159375 0.28788381875 0.6851358984375 0.2736708109375 0.6915226671875 0 0.4738878796875 0
1 0.2972274578125 0 0.187717734375 0.0031831718750000002 0.2049356421875 0.3194535640625 0.41223082343749995 0.3076868625 0.40949055312500005 0 0.2972274578125 0
1 0 0.8792575375 0.1187840796875 0.8674211046875 0.1252743828125 0.331287340625 0 0.34345213124999996 0 0.8792575375
1 0 0.9994580421875 0.1181089671875 0.9980837203125 0.116303265625 0.8640075171875001 0 0.8726180906250001 0 0.9994580421875
1 0.409809009375 0.304314728125 0.20590970312499998 0.3155402609375 0.2182817 0.8439708890625001 0.425929271875 0.8316219874999999 0.409809009375 0.304314728125
1 0.20719325312499998 0.84522128125 0.210813725 0.9970050015625 0.4186131421875 0.9945870375 0.4178359515625 0.8339831906249999 0.20719325312499998 0.84522128125
1 0.6968878578125 0.2709010921875 0.492032196875 0.281593259375 0.5008347453125 0.819181825 0.7056218890625 0.8061174859375001 0.6968878578125 0.2709010921875
1 0.70350659375 0.9869887703125 0.7012039125 0.8018860859375 0.4940808078125 0.814241325 0.49460369843749996 0.9930610515625 0.70350659375 0.9869887703125
1 0.7806654453124999 0.25505188125 0.794406146875 0.7940724859375 0.9628639453125001 0.78568995 0.9769153546875 0.484000528125 0.9838227953124999 0.24684821875 0.7806654453124999 0.25505188125
1 0.7852872484375 0.9846116109375 0.9538271953124999 0.9797125781249999 0.9628529640625001 0.7859257078125 0.7818285015625001 0.7953661671875001 0.7852872484375 0.9846116109375