0 0.1515625 0.48515625 0.065625 0.10625
0 0.7015625 0.16015625 0.0765625 0.1109375
1 0 0 0 0.3249255765625 0.04522413125 0.3211128390625 0.034009203125 0 0 0
1 0 0.8639722671875001 0.071234975 0.8577472515625001 0.047363925 0.3195205921875 0 0.32302094531250003 0 0.8639722671875001
1 0.066567415625 1 0.0649715125 0.8592180546874999 0 0.865019784375 0 1 0.066567415625 1
1 0.105067646875 0 0.120348053125 0.31265908593749997 0.33091331562500004 0.3051971171875 0.32011861875 0 0.105067646875 0
1 0.1423696375 0.8619032828125001 0.34413379375 0.8535372390625 0.332198265625 0.3063778078125 0.11728352812500001 0.313273046875 0.1423696375 0.8619032828125001
1 0.354468346875 1 0.35081661249999996 0.8475798078125001 0.14353093125 0.86188304375 0.14743619375 1 0.354468346875 1
1 0.382857621875 0 0.39595716875 0.308580340625 0.61574943125 0.3015717875 0.6038849125 0 0.382857621875 0
1 0.417934709375 0.83930644375 0.630903740625 0.825257628125 0.615387209375 0.299299028125 0.39989105625 0.3100074203125 0.417934709375 0.83930644375
1 0.6397834812500001 1 0.63892314375 0.8372028234375 0.420984103125 0.8474143796875 0.427479153125 1 0.6397834812500001 1
1 0.6712822125 0 0.681775109375 0.2909948625 0.891482096875 0.2857068234375 0.883639153125 0 0.6712822125 0
1 0.7060169125 0.8252651953125 0.9160553312499999 0.81699149375 0.8948378343750001 0.2835084234375 0.676590584375 0.2897694046875 0.7060169125 0.8252651953125
1 0.922229434375 1 0.91897310625 0.8170954703125 0.7057920156249999 0.832981875 0.7159578843750001 1 0.922229434375 1