0 0.626701980671277 0.8152131987101384 0.14908291549465283 0.11439242116215302
0 0.8636630450813441 0.05240864665777745 0.12723518657189176 0.1048172933155549
1 0.8593541078125 0.895121678125 0.34892176875 0.9920141671874999 0.5583699453125 0.98713920625 0.8622562046875 0.9153844250000001 0.8593541078125 0.895121678125
1 1 0.50069453125 0.8001084671875001 0.5404985734375 0.8480198546875 0.8029190625 1 0.7747792046875001 1 0.50069453125
1 0.8480939031249999 0.8068854375000001 0.798303834375 0.5392542609375 0.12027476875000001 0.683836959375 0.164683971875 0.935643015625 0.8480939031249999 0.8068854375000001
1 0.09032815 0.9494966359375001 0.16439394062499998 0.9342018234375 0.1258091953125 0.6738425296874999 0.03408068125 0.69319738125 0.09032815 0.9494966359375001
1 1 0.4123108984375 0.9414759875 0.1456382609375 0.727320184375 0.1874004734375 0.7782934953125 0.46109301093750005 1 0.41857197343749997 1 0.4123108984375
1 0.7754664984375 0.456646503125 0.7302213453124999 0.1871863265625 0.0773671734375 0.3211693515625 0.11780724375 0.588478878125 0.7754664984375 0.456646503125
1 0.1069809015625 0.58707104375 0.060460409375 0.31473626875 0.0019096203125 0.328235715625 0.0032146546875 0.5525521171875 0.014673017187500002 0.6047637140625 0.1069809015625 0.58707104375
1 0.7026157046875 0 0.7224554390625 0.10271619218750001 0.9233103281249999 0.0628639546875 0.9095141968749999 0 0.7026157046875 0
1 0.40334192968749993 0 0.031882771875 0.0877103546875 0.0569840578125 0.22833564218750002 0.7253730093749999 0.108767134375 0.7047558031250001 0 0.40334192968749993 0
1 0.0272707640625 0.088799359375 0.000553321875 0.0951079828125 0.0013894953125 0.2388340296875 0.0475283625 0.230860721875 0.0272707640625 0.088799359375