1 0.45805169843750004 0.18064370000000002 0.47595392968750005 0.005866546875 0.0018848359374999998 0.0031335374999999998 0 0.16995904374999998 0.45805169843750004 0.18064370000000002
1 0.9440359015625001 0.194992 0.9633425171875001 0.012422237499999999 0.47226556875 0.0060962625 0.4581330046875 0.177716315625 0.9440359015625001 0.194992
1 1 0.010935775 0.9585380390625 0.0095184125 0.9471846859375 0.20253133750000002 1 0.20332799375000002 1 0.010935775
1 0.44269092499999996 0.456359296875 0.4710065296875 0.26565746562500003 0 0.24863978125 0.0033400546875 0.44745095625 0.44269092499999996 0.456359296875
1 0.93726015625 0.4633479625 0.958257584375 0.27628314375 0.474216371875 0.2635613875 0.4500351453125 0.4589949625 0.93726015625 0.4633479625
1 1 0.282560075 0.9584919765625 0.2813936375 0.9390441218750001 0.463441353125 1 0.46659231874999996 1 0.282560075
1 0 0.7275917125 0.44798960781249997 0.72768606875 0.47708505468749995 0.5320383343749999 0 0.522539803125 0 0.7275917125
1 0.9419412078124999 0.747993634375 0.9628994046875 0.549562390625 0.47596676093749996 0.5332335125000001 0.4494828625 0.730925634375 0.9419412078124999 0.747993634375
1 1 0.5509962875000001 0.9598602671875 0.549604328125 0.9358563609375 0.747469434375 1 0.7493401937499999 1 0.5509962875000001
1 1 0.816995003125 0.9456062359375 0.815271640625 0.9255568671875001 1 1 1 1 0.816995003125
1 0.9305423953125 1 0.9485305640625 0.82125254375 0.461764525 0.80526635625 0.44490721562499996 0.9996297500000001 0.47438619531250004 1 0.9305423953125 1