0 0.11484375 0.34609375 0.04140625 0.05078125
0 0.31484375 0.9453125 0.028125 0.04609375
0 0.97421875 0.0671875 0.05078125 0.040625
1 0.02734375 0.2984375 0.0546875 0.196875
1 0.30390625 0.084375 0.1296875 0.16875
1 0.31796875 0.27109375 0.12265625 0.209375
1 0.165625 0.28046875 0.125 0.21015625
1 0.153125 0.090625 0.128125 0.18125
1 0.98046875 0.0625 0.0390625 0.125
1 0.17578125 0.48203125 0.12265625 0.21328125
1 0.21015625 0.9953125 0.121875 0.009375
1 0.0375 0.7 0.075 0.19921875
1 0.98203125 0.2265625 0.03515625 0.215625
1 0.19921875 0.88984375 0.12421875 0.20390625
1 0.01953125 0.096875 0.0390625 0.19375
1 0.03359375 0.49453125 0.06640625 0.20234375
1 0.04296875 0.8984375 0.0859375 0.203125
1 0.36796875 0.87578125 0.12265625 0.2109375
1 0.9078125 0.9796875 0.1296875 0.040625
1 0.99609375 0.64375 0.0078125 0.2125
1 0.98984375 0.434375 0.01953125 0.2125
1 0.85390625 0.06640625 0.13046875 0.13203125
1 0.184375 0.6875 0.12578125 0.2046875
1 0.68046875 0.0703125 0.1296875 0.140625
1 0.04921875 0.9984375 0.09765625 0.003125
1 0.3578125 0.68125 0.12578125 0.19296875
1 0.89921875 0.8625 0.12890625 0.2109375
1 0.33046875 0.4734375 0.1234375 0.21171875