1 0.9430703765624999 0.030585440624999998 0.9423626328125 0.021933734375 0.7235603453125 0.016841054687500003 0.722773340625 0.038410890625 0.9430703765624999 0.030585440624999998
1 0.9427044375 0.026112078125 0.7275327546875 0.03793133125 0.7365275046875001 0.5016295046875 0.9808540718750001 0.4924667953125 0.9427044375 0.026112078125
1 0.7376719984375 0.5008597234375001 0.7463681125 0.9511093234375 0.9624921515624999 0.943783771875 0.9808726546875001 0.49269395156250007 0.9804965031249999 0.488095746875 0.7376719984375 0.5008597234375001
1 0.7439477546875 0.987188659375 0.961601665625 0.9656378906249999 0.9623037203125 0.9484082421875 0.7438987 0.9510796140625001 0.7439477546875 0.987188659375
1 0.3470003171875 0.057103903125 0.6209155375 0.0490529734375 0.620598803125 0.014444596874999998 0.46941869062499997 0.010925840624999999 0.347709334375 0.0229767625 0.3470003171875 0.057103903125
1 0.6273492828125 0.0507176984375 0.3433914046875 0.064649021875 0.3557141015625 0.5152043078124999 0.634583853125 0.5093135671875 0.6273492828125 0.0507176984375
1 0.6346639421875 0.5067296671875 0.34961091875 0.5211433578125 0.3666168078125 0.9784310375 0.6375061796875 0.9685109093750001 0.6346639421875 0.5067296671875
1 0.614558478125 1 0.6361674015625 0.997860415625 0.6355417625 0.9657472015625 0.3606109328125 0.9728350671875001 0.3606867671875 1 0.614558478125 1
1 0 0.7948661625 0.0167606078125 0.9997538031250001 0.255011025 0.9924480875 0.2449299328125 0.5317575203125 0 0.5375009421875 0 0.7948661625
1 0 0.5457335859375 0.24866250937499998 0.5345040390625 0.2387203875 0.06775033593749999 0 0.071626775 0 0.5457335859375
1 0 0.071847878125 0.23994071875 0.0750333453125 0.240840328125 0.0335582828125 0 0.057404828124999994 0 0.071847878125