0 0.85 0.05234375 0.11796875 0.0828125
1 0.11765930312499999 0 0.10245768125000002 0.2080637625 0.506693521875 0.23532613281249998 0.5265280999999999 0 0.11765930312499999 0
1 0.53082105625 0 0.51760864375 0.22395833281250002 0.924479165625 0.259765625 0.940083821875 0.0213216125 0.61556744375 0 0.53082105625 0
1 1 0.016224484375 0.94076538125 0.0130691515625 0.927388509375 0.2758000703125 1 0.279135690625 1 0.016224484375
1 0.5220438625 0.336975096875 0.098958334375 0.31184895625000003 0.07784016875000001 0.5618515000000001 0.501963296875 0.586850484375 0.5220438625 0.336975096875
1 0.919036865625 0.6092554734375 0.9296875 0.35091145625000003 0.52038574375 0.34803771875 0.4973754875 0.5674082421875 0.919036865625 0.6092554734375
1 1 0.3752926203125 0.928466796875 0.37053171875 0.9154866531250001 0.5961710625000001 1 0.6037739140625 1 0.3752926203125
1 0.4921875 0.923828125 0.5044148749999999 0.699523925 0.07384236562499999 0.675084434375 0.06241861875 0.9121424375 0.4921875 0.923828125
1 0.90625 0.9498697937499999 0.921223959375 0.703516640625 0.499694825 0.68675740625 0.477803546875 0.9395828249999999 0.90625 0.9498697937499999
1 1 0.71060925 0.9176127125000001 0.706085203125 0.9000244125 0.9555282578125001 1 0.9621153171874999 1 0.71060925
1 0.0546875 0.09375 0.109375 0.1875
1 0.0484375 0.43359375 0.096875 0.22734375
1 0.0359375 0.78984375 0.071875 0.2359375