1 0 0.11134996562499999 0.2186422421875 0.097478621875 0.207094375 0 0 0.002645909375 0 0.11134996562499999
1 0 0.53183279375 0.24039650468749998 0.51705920625 0.2143176515625 0.09747111562500001 0 0.106897059375 0 0.53183279375
1 0 0.6262458875 0.02064934375 0.9397617500000001 0.264664846875 0.92388179375 0.23930832500000002 0.516466334375 0 0.527558125 0 0.6262458875
1 0.273017465625 1 0.2668881171875 0.9236341375 0.0172534640625 0.9453227375000001 0.0215504796875 1 0.273017465625 1
1 0.31122216406250003 0.0979814375 0.5586710703125 0.08075813750000001 0.5508286515624999 0.0043001968750000005 0.3045617375 0.006026278125 0.31122216406250003 0.0979814375
1 0.33283571875 0.5148828437499999 0.58459045 0.49526554375 0.5624797078125 0.08724970625 0.30554673125 0.100060240625 0.33283571875 0.5148828437499999
1 0.3640552921875 0.92986304375 0.6089150734375 0.914598471875 0.590528546875 0.5000835625 0.33257305000000004 0.5125563843750001 0.3640552921875 0.92986304375
1 0.6210872734375 1 0.6139150859375 0.9090074687499999 0.36562189843750004 0.92719136875 0.370141046875 1 0.6210872734375 1
1 0.96701198125 1 0.959685015625 0.907596584375 0.708117903125 0.9180356281250001 0.714435184375 1 0.96701198125 1
1 0.685650690625 0.500308703125 0.7105287890625 0.917277653125 0.9590940203124999 0.900294503125 0.9361671453125 0.48137433124999995 0.685650690625 0.500308703125
1 0.9067956015625 0.060000121875 0.6570389999999999 0.08069059375 0.68248933125 0.50312296875 0.938737503125 0.48934432812499995 0.9067956015625 0.060000121875
1 0.6474329765625 0 0.6564761484375 0.0873772875 0.9170864296874999 0.05801887812499999 0.9075835968750001 0 0.6474329765625 0